1adc 374
  1   2  0  5 1.00
  1   3  0  5 1.00
  2   3  0  5 1.00
  2   4  0  5 1.00
  3   4  0  5 1.00
  3   5  0  5 1.00
  4   5  0  5 1.00
  4   6  0  5 1.00
  5   6  0  5 1.00
  5   7  0  5 1.00
  5  28  0  5 1.00
  5  30  0  5 1.00
  6   7  0  5 1.00
  6   8  0  5 1.00
  6  28  0  5 1.00
  6  29  0  5 1.00
  6  30  0  5 1.00
  7   8  0  5 1.00
  7   9  0  5 1.00
  7  26  0  5 1.00
  7  27  0  5 1.00
  7  28  0  5 1.00
  7  29  0  5 1.00
  8   9  0  5 1.00
  8  10  0  5 1.00
  8  26  0  5 1.00
  8  27  0  5 1.00
  8  28  0  5 1.00
  9  10  0  5 1.00
  9  11  0  5 1.00
  9  24  0  5 1.00
  9  25  0  5 1.00
  9  26  0  5 1.00
  9  27  0  5 1.00
 10  11  0  5 1.00
 10  12  0  5 1.00
 10  24  0  5 1.00
 10  25  0  5 1.00
 10  26  0  5 1.00
 10 147  0  5 1.00
 10 148  0  5 1.00
 10 149  0  5 1.00
 11  12  0  5 1.00
 11  13  0  5 1.00
 11  22  0  5 1.00
 11  23  0  5 1.00
 11  24  0  5 1.00
 11  25  0  5 1.00
 11 146  0  5 1.00
 11 147  0  5 1.00
 12  13  0  5 1.00
 12  14  0  5 1.00
 12  22  0  5 1.00
 12  23  0  5 1.00
 12  24  0  5 1.00
 12  63  0  5 1.00
 12  64  0  5 1.00
 12  65  0  5 1.00
 12 146  0  5 1.00
 13  14  0  5 1.00
 13  15  0  5 1.00
 13  20  0  5 1.00
 13  21  0  5 1.00
 13  22  0  5 1.00
 13  23  0  5 1.00
 13  63  0  5 1.00
 14  15  0  5 1.00
 14  16  0  5 1.00
 14  61  0  5 1.00
 14  62  0  5 1.00
 14  63  0  5 1.00
 14  64  0  5 1.00
 15  16  0  5 1.00
 15  17  0  5 1.00
 15  61  0  5 1.00
 15  62  0  5 1.00
 16  17  0  5 1.00
 16  18  0  5 1.00
 16  19  0  5 1.00
 17  18  0  5 1.00
 17  19  0  5 1.00
 17  53  0  5 1.00
 18  19  0  5 1.00
 18  20  0  5 1.00
 18  53  0  5 1.00
 18  54  0  5 1.00
 19  20  0  5 1.00
 19  21  0  5 1.00
 19  53  0  5 1.00
 20  21  0  5 1.00
 20  22  0  5 1.00
 21  22  0  5 1.00
 21  23  0  5 1.00
 22  23  0  5 1.00
 22  24  0  5 1.00
 23  24  0  5 1.00
 23  25  0  5 1.00
 24  25  0  5 1.00
 24  26  0  5 1.00
 25  26  0  5 1.00
 25  27  0  5 1.00
 25 131  0  5 1.00
 25 132  0  5 1.00
 25 133  0  5 1.00
 26  27  0  5 1.00
 26  28  0  5 1.00
 26 131  0  5 1.00
 27  28  0  5 1.00
 27  29  0  5 1.00
 27 129  0  5 1.00
 27 130  0  5 1.00
 27 131  0  5 1.00
 28  29  0  5 1.00
 28  30  0  5 1.00
 28 129  0  5 1.00
 29  30  0  5 1.00
 29  31  0  5 1.00
 29 129  0  5 1.00
 30  31  0  5 1.00
 30  32  0  5 1.00
 31  32  0  5 1.00
 31  33  0  5 1.00
 31  35  0  5 1.00
 31  36  0  5 1.00
 31  76  0  5 1.00
 31  77  0  5 1.00
 31  78  0  5 1.00
 32  33  0  5 1.00
 32  34  0  5 1.00
 32  35  0  5 1.00
 32  77  0  5 1.00
 32  78  0  5 1.00
 33  34  0  5 1.00
 33  35  0  5 1.00
 33  77  0  5 1.00
 33  78  0  5 1.00
 34  35  0  5 1.00
 34  36  0  5 1.00
 34  77  0  5 1.00
 34  78  0  5 1.00
 34  79  0  5 1.00
 34  80  0  5 1.00
 34 152  0  5 1.00
 34 153  0  5 1.00
 34 154  0  5 1.00
 35  36  0  5 1.00
 35  37  0  5 1.00
 35  75  0  5 1.00
 35  76  0  5 1.00
 35  77  0  5 1.00
 35 152  0  5 1.00
 35 153  0  5 1.00
 35 154  0  5 1.00
 36  37  0  5 1.00
 36  38  0  5 1.00
 36  75  0  5 1.00
 36  76  0  5 1.00
 36  77  0  5 1.00
 36 150  0  5 1.00
 36 151  0  5 1.00
 36 152  0  5 1.00
 36 153  0  5 1.00
 37  38  0  5 1.00
 37  39  0  5 1.00
 37  72  0  5 1.00
 37  73  0  5 1.00
 37  74  0  5 1.00
 37  75  0  5 1.00
 37  76  0  5 1.00
 37 150  0  5 1.00
 37 151  0  5 1.00
 37 152  0  5 1.00
 38  39  0  5 1.00
 38  40  0  5 1.00
 38  72  0  5 1.00
 38  73  0  5 1.00
 38  74  0  5 1.00
 38 148  0  5 1.00
 38 149  0  5 1.00
 38 150  0  5 1.00
 38 151  0  5 1.00
 39  40  0  5 1.00
 39  41  0  5 1.00
 39  70  0  5 1.00
 39  71  0  5 1.00
 39  72  0  5 1.00
 39  73  0  5 1.00
 39  74  0  5 1.00
 39 148  0  5 1.00
 39 149  0  5 1.00
 40  41  0  5 1.00
 40  42  0  5 1.00
 40  70  0  5 1.00
 40  71  0  5 1.00
 40  72  0  5 1.00
 40 147  0  5 1.00
 40 148  0  5 1.00
 40 149  0  5 1.00
 40 374  0  5 1.00
 41  42  0  5 1.00
 41  43  0  5 1.00
 41  70  0  5 1.00
 41  71  0  5 1.00
 41  72  0  5 1.00
 41 372  0  5 1.00
 41 373  0  5 1.00
 41 374  0  5 1.00
 42  43  0  5 1.00
 42  44  0  5 1.00
 42  68  0  5 1.00
 42  69  0  5 1.00
 42  70  0  5 1.00
 42 166  0  5 1.00
 42 372  0  5 1.00
 42 373  0  5 1.00
 42 374  0  5 1.00
 43  44  0  5 1.00
 43  45  0  5 1.00
 43  68  0  5 1.00
 43  69  0  5 1.00
 43 370  0  5 1.00
 43 371  0  5 1.00
 43 372  0  5 1.00
 44  45  0  5 1.00
 44  46  0  5 1.00
 44  68  0  5 1.00
 44  69  0  5 1.00
 44 370  0  5 1.00
 44 371  0  5 1.00
 44 372  0  5 1.00
 45  46  0  5 1.00
 45  47  0  5 1.00
 45 368  0  5 1.00
 45 370  0  5 1.00
 46  47  0  5 1.00
 46  48  0  5 1.00
 46  49  0  5 1.00
 46  50  0  5 1.00
 47  48  0  5 1.00
 47  49  0  5 1.00
 47  50  0  5 1.00
 47  51  0  5 1.00
 48  49  0  5 1.00
 48  50  0  5 1.00
 48  51  0  5 1.00
 48  52  0  5 1.00
 49  50  0  5 1.00
 49  51  0  5 1.00
 49  52  0  5 1.00
 49  53  0  5 1.00
 50  51  0  5 1.00
 50  52  0  5 1.00
 50  53  0  5 1.00
 50  54  0  5 1.00
 51  52  0  5 1.00
 51  53  0  5 1.00
 51  54  0  5 1.00
 51  55  0  5 1.00
 51  56  0  5 1.00
 51  57  0  5 1.00
 52  53  0  5 1.00
 52  54  0  5 1.00
 52  55  0  5 1.00
 52  56  0  5 1.00
 52  57  0  5 1.00
 53  54  0  5 1.00
 53  55  0  5 1.00
 54  55  0  5 1.00
 54  56  0  5 1.00
 55  56  0  5 1.00
 55  57  0  5 1.00
 55  58  0  5 1.00
 56  57  0  5 1.00
 56  58  0  5 1.00
 56 295  0  5 1.00
 56 296  0  5 1.00
 56 297  0  5 1.00
 57  58  0  5 1.00
 57  59  0  5 1.00
 58  59  0  5 1.00
 58  60  0  5 1.00
 59  60  0  5 1.00
 59  61  0  5 1.00
 60  61  0  5 1.00
 60  62  0  5 1.00
 60  63  0  5 1.00
 60 119  0  5 1.00
 61  62  0  5 1.00
 61  63  0  5 1.00
 62  63  0  5 1.00
 62  64  0  5 1.00
 62 137  0  5 1.00
 62 138  0  5 1.00
 63  64  0  5 1.00
 63  65  0  5 1.00
 63 138  0  5 1.00
 64  65  0  5 1.00
 64  66  0  5 1.00
 64 138  0  5 1.00
 64 139  0  5 1.00
 64 140  0  5 1.00
 64 144  0  5 1.00
 65  66  0  5 1.00
 65  67  0  5 1.00
 65 144  0  5 1.00
 65 145  0  5 1.00
 65 146  0  5 1.00
 66  67  0  5 1.00
 66  68  0  5 1.00
 66 140  0  5 1.00
 66 143  0  5 1.00
 66 144  0  5 1.00
 66 145  0  5 1.00
 66 146  0  5 1.00
 67  68  0  5 1.00
 67  69  0  5 1.00
 67  91  0  5 1.00
 67 144  0  5 1.00
 67 145  0  5 1.00
 67 173  0  5 1.00
 68  69  0  5 1.00
 68  70  0  5 1.00
 68 170  0  5 1.00
 68 173  0  5 1.00
 68 174  0  5 1.00
 69  70  0  5 1.00
 69  71  0  5 1.00
 69  89  0  5 1.00
 69  90  0  5 1.00
 69  91  0  5 1.00
 69 170  0  5 1.00
 70  71  0  5 1.00
 70  72  0  5 1.00
 70  89  0  5 1.00
 70  90  0  5 1.00
 70 166  0  5 1.00
 70 170  0  5 1.00
 71  72  0  5 1.00
 71  73  0  5 1.00
 71  87  0  5 1.00
 71  88  0  5 1.00
 71  89  0  5 1.00
 72  73  0  5 1.00
 72  74  0  5 1.00
 72  87  0  5 1.00
 72  88  0  5 1.00
 72  89  0  5 1.00
 73  74  0  5 1.00
 73  75  0  5 1.00
 73  84  0  5 1.00
 73  85  0  5 1.00
 73  86  0  5 1.00
 73  87  0  5 1.00
 74  75  0  5 1.00
 74  76  0  5 1.00
 74  85  0  5 1.00
 74  86  0  5 1.00
 75  76  0  5 1.00
 75  77  0  5 1.00
 76  77  0  5 1.00
 76  78  0  5 1.00
 77  78  0  5 1.00
 77  79  0  5 1.00
 77  80  0  5 1.00
 78  79  0  5 1.00
 78  80  0  5 1.00
 79  80  0  5 1.00
 79  81  0  5 1.00
 80  81  0  5 1.00
 80  82  0  5 1.00
 81  82  0  5 1.00
 81  83  0  5 1.00
 82  83  0  5 1.00
 82  84  0  5 1.00
 83  84  0  5 1.00
 83  85  0  5 1.00
 84  85  0  5 1.00
 84  86  0  5 1.00
 84  87  0  5 1.00
 85  86  0  5 1.00
 85  87  0  5 1.00
 86  87  0  5 1.00
 86  88  0  5 1.00
 87  88  0  5 1.00
 87  89  0  5 1.00
 88  89  0  5 1.00
 88  90  0  5 1.00
 88 158  0  5 1.00
 88 159  0  5 1.00
 88 160  0  5 1.00
 89  90  0  5 1.00
 89  91  0  5 1.00
 89 158  0  5 1.00
 89 159  0  5 1.00
 89 160  0  5 1.00
 90  91  0  5 1.00
 90  92  0  5 1.00
 90 156  0  5 1.00
 90 157  0  5 1.00
 90 158  0  5 1.00
 91  92  0  5 1.00
 91  93  0  5 1.00
 91 156  0  5 1.00
 91 157  0  5 1.00
 91 158  0  5 1.00
 92  93  0  5 1.00
 92  94  0  5 1.00
 92  95  0  5 1.00
 92 141  0  5 1.00
 92 142  0  5 1.00
 92 156  0  5 1.00
 92 157  0  5 1.00
 93  94  0  5 1.00
 93  95  0  5 1.00
 93 141  0  5 1.00
 94  95  0  5 1.00
 94  96  0  5 1.00
 94 155  0  5 1.00
 94 324  0  5 1.00
 95  96  0  5 1.00
 95  97  0  5 1.00
 95 109  0  5 1.00
 95 111  0  5 1.00
 95 155  0  5 1.00
 95 156  0  5 1.00
 96  97  0  5 1.00
 96  98  0  5 1.00
 96 155  0  5 1.00
 97  98  0  5 1.00
 97  99  0  5 1.00
 97 155  0  5 1.00
 98  99  0  5 1.00
 98 100  0  5 1.00
 99 100  0  5 1.00
 99 101  0  5 1.00
100 101  0  5 1.00
100 102  0  5 1.00
100 103  0  5 1.00
100 104  0  5 1.00
100 105  0  5 1.00
101 102  0  5 1.00
101 103  0  5 1.00
101 104  0  5 1.00
101 105  0  5 1.00
102 103  0  5 1.00
102 104  0  5 1.00
102 105  0  5 1.00
102 106  0  5 1.00
102 108  0  5 1.00
103 104  0  5 1.00
103 105  0  5 1.00
103 108  0  5 1.00
104 105  0  5 1.00
104 106  0  5 1.00
105 106  0  5 1.00
105 107  0  5 1.00
105 108  0  5 1.00
106 107  0  5 1.00
106 108  0  5 1.00
107 108  0  5 1.00
107 109  0  5 1.00
107 321  0  5 1.00
108 109  0  5 1.00
108 110  0  5 1.00
109 110  0  5 1.00
109 111  0  5 1.00
109 321  0  5 1.00
109 322  0  5 1.00
109 323  0  5 1.00
110 111  0  5 1.00
110 112  0  5 1.00
111 112  0  5 1.00
111 113  0  5 1.00
111 114  0  5 1.00
112 113  0  5 1.00
112 114  0  5 1.00
113 114  0  5 1.00
113 115  0  5 1.00
114 115  0  5 1.00
114 116  0  5 1.00
115 116  0  5 1.00
115 117  0  5 1.00
115 118  0  5 1.00
115 119  0  5 1.00
115 120  0  5 1.00
116 117  0  5 1.00
116 118  0  5 1.00
116 119  0  5 1.00
117 118  0  5 1.00
117 119  0  5 1.00
118 119  0  5 1.00
118 120  0  5 1.00
119 120  0  5 1.00
119 121  0  5 1.00
120 121  0  5 1.00
120 122  0  5 1.00
121 122  0  5 1.00
121 123  0  5 1.00
121 137  0  5 1.00
121 138  0  5 1.00
121 139  0  5 1.00
122 123  0  5 1.00
122 124  0  5 1.00
122 126  0  5 1.00
122 127  0  5 1.00
122 128  0  5 1.00
122 139  0  5 1.00
122 142  0  5 1.00
123 124  0  5 1.00
123 125  0  5 1.00
123 126  0  5 1.00
123 127  0  5 1.00
123 128  0  5 1.00
124 125  0  5 1.00
124 126  0  5 1.00
125 126  0  5 1.00
125 127  0  5 1.00
126 127  0  5 1.00
126 128  0  5 1.00
127 128  0  5 1.00
127 129  0  5 1.00
128 129  0  5 1.00
128 130  0  5 1.00
128 137  0  5 1.00
129 130  0  5 1.00
129 131  0  5 1.00
129 137  0  5 1.00
130 131  0  5 1.00
130 132  0  5 1.00
130 135  0  5 1.00
130 136  0  5 1.00
130 137  0  5 1.00
131 132  0  5 1.00
131 133  0  5 1.00
131 135  0  5 1.00
131 136  0  5 1.00
131 137  0  5 1.00
132 133  0  5 1.00
132 134  0  5 1.00
132 135  0  5 1.00
132 136  0  5 1.00
133 134  0  5 1.00
133 135  0  5 1.00
134 135  0  5 1.00
134 136  0  5 1.00
135 136  0  5 1.00
135 137  0  5 1.00
136 137  0  5 1.00
136 138  0  5 1.00
137 138  0  5 1.00
137 139  0  5 1.00
138 139  0  5 1.00
138 140  0  5 1.00
139 140  0  5 1.00
139 141  0  5 1.00
139 142  0  5 1.00
140 141  0  5 1.00
140 142  0  5 1.00
140 143  0  5 1.00
140 144  0  5 1.00
141 142  0  5 1.00
141 143  0  5 1.00
142 143  0  5 1.00
142 144  0  5 1.00
142 151  0  5 1.00
142 152  0  5 1.00
142 153  0  5 1.00
143 144  0  5 1.00
143 145  0  5 1.00
144 145  0  5 1.00
144 146  0  5 1.00
144 147  0  5 1.00
144 150  0  5 1.00
145 146  0  5 1.00
145 147  0  5 1.00
146 147  0  5 1.00
146 148  0  5 1.00
147 148  0  5 1.00
147 149  0  5 1.00
148 149  0  5 1.00
148 150  0  5 1.00
149 150  0  5 1.00
149 151  0  5 1.00
150 151  0  5 1.00
150 152  0  5 1.00
151 152  0  5 1.00
151 153  0  5 1.00
152 153  0  5 1.00
152 154  0  5 1.00
153 154  0  5 1.00
153 155  0  5 1.00
153 156  0  5 1.00
153 157  0  5 1.00
154 155  0  5 1.00
154 156  0  5 1.00
154 157  0  5 1.00
155 156  0  5 1.00
155 157  0  5 1.00
156 157  0  5 1.00
156 158  0  5 1.00
157 158  0  5 1.00
157 159  0  5 1.00
158 159  0  5 1.00
158 160  0  5 1.00
159 160  0  5 1.00
159 161  0  5 1.00
159 329  0  5 1.00
160 161  0  5 1.00
160 162  0  5 1.00
161 162  0  5 1.00
161 163  0  5 1.00
161 164  0  5 1.00
162 163  0  5 1.00
162 164  0  5 1.00
163 164  0  5 1.00
163 165  0  5 1.00
164 165  0  5 1.00
164 166  0  5 1.00
165 166  0  5 1.00
165 167  0  5 1.00
165 168  0  5 1.00
165 169  0  5 1.00
166 167  0  5 1.00
166 168  0  5 1.00
166 169  0  5 1.00
166 170  0  5 1.00
167 168  0  5 1.00
167 169  0  5 1.00
167 170  0  5 1.00
168 169  0  5 1.00
168 170  0  5 1.00
168 171  0  5 1.00
168 172  0  5 1.00
169 170  0  5 1.00
169 171  0  5 1.00
169 172  0  5 1.00
169 173  0  5 1.00
170 171  0  5 1.00
170 172  0  5 1.00
170 173  0  5 1.00
170 174  0  5 1.00
171 172  0  5 1.00
171 173  0  5 1.00
171 174  0  5 1.00
171 175  0  5 1.00
171 176  0  5 1.00
171 177  0  5 1.00
172 173  0  5 1.00
172 174  0  5 1.00
172 176  0  5 1.00
172 177  0  5 1.00
173 174  0  5 1.00
173 175  0  5 1.00
174 175  0  5 1.00
174 176  0  5 1.00
174 177  0  5 1.00
174 178  0  5 1.00
174 179  0  5 1.00
175 176  0  5 1.00
175 177  0  5 1.00
175 178  0  5 1.00
175 179  0  5 1.00
175 180  0  5 1.00
175 202  0  5 1.00
175 203  0  5 1.00
176 177  0  5 1.00
176 178  0  5 1.00
176 179  0  5 1.00
176 180  0  5 1.00
176 181  0  5 1.00
177 178  0  5 1.00
177 179  0  5 1.00
177 180  0  5 1.00
177 181  0  5 1.00
177 182  0  5 1.00
177 319  0  5 1.00
177 320  0  5 1.00
178 179  0  5 1.00
178 180  0  5 1.00
178 181  0  5 1.00
178 182  0  5 1.00
178 319  0  5 1.00
178 320  0  5 1.00
179 180  0  5 1.00
179 181  0  5 1.00
179 182  0  5 1.00
179 183  0  5 1.00
179 203  0  5 1.00
179 206  0  5 1.00
179 207  0  5 1.00
180 181  0  5 1.00
180 182  0  5 1.00
180 183  0  5 1.00
180 184  0  5 1.00
180 185  0  5 1.00
180 206  0  5 1.00
180 207  0  5 1.00
180 210  0  5 1.00
181 182  0  5 1.00
181 183  0  5 1.00
181 184  0  5 1.00
181 185  0  5 1.00
181 186  0  5 1.00
181 320  0  5 1.00
182 183  0  5 1.00
182 184  0  5 1.00
182 185  0  5 1.00
182 186  0  5 1.00
182 187  0  5 1.00
182 188  0  5 1.00
182 320  0  5 1.00
183 184  0  5 1.00
183 185  0  5 1.00
183 186  0  5 1.00
183 187  0  5 1.00
183 188  0  5 1.00
183 189  0  5 1.00
183 211  0  5 1.00
184 185  0  5 1.00
184 186  0  5 1.00
184 188  0  5 1.00
184 189  0  5 1.00
184 210  0  5 1.00
185 186  0  5 1.00
185 187  0  5 1.00
185 188  0  5 1.00
185 320  0  5 1.00
186 187  0  5 1.00
186 188  0  5 1.00
186 320  0  5 1.00
187 188  0  5 1.00
187 189  0  5 1.00
188 189  0  5 1.00
188 190  0  5 1.00
189 190  0  5 1.00
189 191  0  5 1.00
189 214  0  5 1.00
190 191  0  5 1.00
190 192  0  5 1.00
190 193  0  5 1.00
190 214  0  5 1.00
190 215  0  5 1.00
190 216  0  5 1.00
191 192  0  5 1.00
191 193  0  5 1.00
191 214  0  5 1.00
191 215  0  5 1.00
191 216  0  5 1.00
192 193  0  5 1.00
192 194  0  5 1.00
192 215  0  5 1.00
192 216  0  5 1.00
192 217  0  5 1.00
192 218  0  5 1.00
193 194  0  5 1.00
193 195  0  5 1.00
193 215  0  5 1.00
193 216  0  5 1.00
193 217  0  5 1.00
193 218  0  5 1.00
194 195  0  5 1.00
194 196  0  5 1.00
194 217  0  5 1.00
194 218  0  5 1.00
194 262  0  5 1.00
194 263  0  5 1.00
194 264  0  5 1.00
195 196  0  5 1.00
195 197  0  5 1.00
195 218  0  5 1.00
195 219  0  5 1.00
195 220  0  5 1.00
195 264  0  5 1.00
196 197  0  5 1.00
196 198  0  5 1.00
196 220  0  5 1.00
196 264  0  5 1.00
196 265  0  5 1.00
196 266  0  5 1.00
197 198  0  5 1.00
197 199  0  5 1.00
197 220  0  5 1.00
197 221  0  5 1.00
197 222  0  5 1.00
197 266  0  5 1.00
198 199  0  5 1.00
198 200  0  5 1.00
198 222  0  5 1.00
198 266  0  5 1.00
198 267  0  5 1.00
198 268  0  5 1.00
198 269  0  5 1.00
199 200  0  5 1.00
199 201  0  5 1.00
199 204  0  5 1.00
199 205  0  5 1.00
199 222  0  5 1.00
199 223  0  5 1.00
199 268  0  5 1.00
200 201  0  5 1.00
200 202  0  5 1.00
200 204  0  5 1.00
200 205  0  5 1.00
200 222  0  5 1.00
200 228  0  5 1.00
201 202  0  5 1.00
201 203  0  5 1.00
201 204  0  5 1.00
201 205  0  5 1.00
201 206  0  5 1.00
202 203  0  5 1.00
202 204  0  5 1.00
202 205  0  5 1.00
202 206  0  5 1.00
202 368  0  5 1.00
203 204  0  5 1.00
203 205  0  5 1.00
203 206  0  5 1.00
203 207  0  5 1.00
204 205  0  5 1.00
204 206  0  5 1.00
204 207  0  5 1.00
204 208  0  5 1.00
205 206  0  5 1.00
205 207  0  5 1.00
205 208  0  5 1.00
205 209  0  5 1.00
206 207  0  5 1.00
206 208  0  5 1.00
206 209  0  5 1.00
206 210  0  5 1.00
207 208  0  5 1.00
207 209  0  5 1.00
207 210  0  5 1.00
207 211  0  5 1.00
207 212  0  5 1.00
208 209  0  5 1.00
208 210  0  5 1.00
208 211  0  5 1.00
208 212  0  5 1.00
208 213  0  5 1.00
208 235  0  5 1.00
209 210  0  5 1.00
209 211  0  5 1.00
209 212  0  5 1.00
209 213  0  5 1.00
209 214  0  5 1.00
209 235  0  5 1.00
210 211  0  5 1.00
210 212  0  5 1.00
210 213  0  5 1.00
210 214  0  5 1.00
210 215  0  5 1.00
211 212  0  5 1.00
211 213  0  5 1.00
211 214  0  5 1.00
211 215  0  5 1.00
211 216  0  5 1.00
212 213  0  5 1.00
212 214  0  5 1.00
212 215  0  5 1.00
212 216  0  5 1.00
213 214  0  5 1.00
213 215  0  5 1.00
214 215  0  5 1.00
214 216  0  5 1.00
215 216  0  5 1.00
215 217  0  5 1.00
216 217  0  5 1.00
216 218  0  5 1.00
217 218  0  5 1.00
217 219  0  5 1.00
218 219  0  5 1.00
218 220  0  5 1.00
219 220  0  5 1.00
219 221  0  5 1.00
219 237  0  5 1.00
219 238  0  5 1.00
219 239  0  5 1.00
220 221  0  5 1.00
220 222  0  5 1.00
220 239  0  5 1.00
221 222  0  5 1.00
221 223  0  5 1.00
221 239  0  5 1.00
221 240  0  5 1.00
221 241  0  5 1.00
222 223  0  5 1.00
222 224  0  5 1.00
222 241  0  5 1.00
223 224  0  5 1.00
223 225  0  5 1.00
223 226  0  5 1.00
223 241  0  5 1.00
223 242  0  5 1.00
223 243  0  5 1.00
224 225  0  5 1.00
224 226  0  5 1.00
225 226  0  5 1.00
225 227  0  5 1.00
225 228  0  5 1.00
225 229  0  5 1.00
226 227  0  5 1.00
226 228  0  5 1.00
226 229  0  5 1.00
226 230  0  5 1.00
227 228  0  5 1.00
227 229  0  5 1.00
227 230  0  5 1.00
227 231  0  5 1.00
228 229  0  5 1.00
228 230  0  5 1.00
228 231  0  5 1.00
228 232  0  5 1.00
229 230  0  5 1.00
229 231  0  5 1.00
229 232  0  5 1.00
229 233  0  5 1.00
229 234  0  5 1.00
230 231  0  5 1.00
230 232  0  5 1.00
230 233  0  5 1.00
230 234  0  5 1.00
230 235  0  5 1.00
231 232  0  5 1.00
231 233  0  5 1.00
231 234  0  5 1.00
231 235  0  5 1.00
231 236  0  5 1.00
232 233  0  5 1.00
232 234  0  5 1.00
232 235  0  5 1.00
232 236  0  5 1.00
232 237  0  5 1.00
233 234  0  5 1.00
233 235  0  5 1.00
233 236  0  5 1.00
233 237  0  5 1.00
234 235  0  5 1.00
234 236  0  5 1.00
234 237  0  5 1.00
235 236  0  5 1.00
235 237  0  5 1.00
236 237  0  5 1.00
236 238  0  5 1.00
237 238  0  5 1.00
237 239  0  5 1.00
238 239  0  5 1.00
238 240  0  5 1.00
239 240  0  5 1.00
239 241  0  5 1.00
240 241  0  5 1.00
240 242  0  5 1.00
241 242  0  5 1.00
241 243  0  5 1.00
242 243  0  5 1.00
242 244  0  5 1.00
242 245  0  5 1.00
242 246  0  5 1.00
243 244  0  5 1.00
243 245  0  5 1.00
243 246  0  5 1.00
244 245  0  5 1.00
244 246  0  5 1.00
245 246  0  5 1.00
245 247  0  5 1.00
246 247  0  5 1.00
246 248  0  5 1.00
247 248  0  5 1.00
247 249  0  5 1.00
248 249  0  5 1.00
248 250  0  5 1.00
249 250  0  5 1.00
249 251  0  5 1.00
249 252  0  5 1.00
249 253  0  5 1.00
250 251  0  5 1.00
250 252  0  5 1.00
250 253  0  5 1.00
250 254  0  5 1.00
250 255  0  5 1.00
251 252  0  5 1.00
251 253  0  5 1.00
251 254  0  5 1.00
251 255  0  5 1.00
251 256  0  5 1.00
251 277  0  5 1.00
251 281  0  5 1.00
252 253  0  5 1.00
252 254  0  5 1.00
252 255  0  5 1.00
252 256  0  5 1.00
252 257  0  5 1.00
253 254  0  5 1.00
253 255  0  5 1.00
253 256  0  5 1.00
253 257  0  5 1.00
253 258  0  5 1.00
254 255  0  5 1.00
254 256  0  5 1.00
254 257  0  5 1.00
254 258  0  5 1.00
254 259  0  5 1.00
255 256  0  5 1.00
255 257  0  5 1.00
255 258  0  5 1.00
255 259  0  5 1.00
255 260  0  5 1.00
255 261  0  5 1.00
255 281  0  5 1.00
256 257  0  5 1.00
256 258  0  5 1.00
256 259  0  5 1.00
256 260  0  5 1.00
257 258  0  5 1.00
257 259  0  5 1.00
258 259  0  5 1.00
258 260  0  5 1.00
258 261  0  5 1.00
259 260  0  5 1.00
259 261  0  5 1.00
260 261  0  5 1.00
260 262  0  5 1.00
260 283  0  5 1.00
260 284  0  5 1.00
261 262  0  5 1.00
261 263  0  5 1.00
261 281  0  5 1.00
261 282  0  5 1.00
261 283  0  5 1.00
262 263  0  5 1.00
262 264  0  5 1.00
262 281  0  5 1.00
262 282  0  5 1.00
262 283  0  5 1.00
262 287  0  5 1.00
263 264  0  5 1.00
263 265  0  5 1.00
263 283  0  5 1.00
263 286  0  5 1.00
263 287  0  5 1.00
263 288  0  5 1.00
264 265  0  5 1.00
264 266  0  5 1.00
264 288  0  5 1.00
265 266  0  5 1.00
265 267  0  5 1.00
265 278  0  5 1.00
265 288  0  5 1.00
265 289  0  5 1.00
265 290  0  5 1.00
266 267  0  5 1.00
266 268  0  5 1.00
266 290  0  5 1.00
267 268  0  5 1.00
267 269  0  5 1.00
267 290  0  5 1.00
267 291  0  5 1.00
267 292  0  5 1.00
267 293  0  5 1.00
268 269  0  5 1.00
268 270  0  5 1.00
268 292  0  5 1.00
268 293  0  5 1.00
269 270  0  5 1.00
269 271  0  5 1.00
269 293  0  5 1.00
269 294  0  5 1.00
270 271  0  5 1.00
270 272  0  5 1.00
270 293  0  5 1.00
270 294  0  5 1.00
270 295  0  5 1.00
270 296  0  5 1.00
271 272  0  5 1.00
271 273  0  5 1.00
271 274  0  5 1.00
271 275  0  5 1.00
272 273  0  5 1.00
272 274  0  5 1.00
272 275  0  5 1.00
272 276  0  5 1.00
273 274  0  5 1.00
273 275  0  5 1.00
273 276  0  5 1.00
273 277  0  5 1.00
273 278  0  5 1.00
274 275  0  5 1.00
274 276  0  5 1.00
274 277  0  5 1.00
274 278  0  5 1.00
275 276  0  5 1.00
275 277  0  5 1.00
275 278  0  5 1.00
275 279  0  5 1.00
276 277  0  5 1.00
276 278  0  5 1.00
276 279  0  5 1.00
276 280  0  5 1.00
276 281  0  5 1.00
277 278  0  5 1.00
277 279  0  5 1.00
277 280  0  5 1.00
277 281  0  5 1.00
278 279  0  5 1.00
278 280  0  5 1.00
278 281  0  5 1.00
278 282  0  5 1.00
279 280  0  5 1.00
279 281  0  5 1.00
279 282  0  5 1.00
280 281  0  5 1.00
280 282  0  5 1.00
281 282  0  5 1.00
281 283  0  5 1.00
282 283  0  5 1.00
282 284  0  5 1.00
282 287  0  5 1.00
283 284  0  5 1.00
283 285  0  5 1.00
283 286  0  5 1.00
283 287  0  5 1.00
283 312  0  5 1.00
284 285  0  5 1.00
284 286  0  5 1.00
284 287  0  5 1.00
284 307  0  5 1.00
284 310  0  5 1.00
284 311  0  5 1.00
284 312  0  5 1.00
285 286  0  5 1.00
285 287  0  5 1.00
285 310  0  5 1.00
285 311  0  5 1.00
285 312  0  5 1.00
286 287  0  5 1.00
286 288  0  5 1.00
286 311  0  5 1.00
286 312  0  5 1.00
287 288  0  5 1.00
287 289  0  5 1.00
287 311  0  5 1.00
287 312  0  5 1.00
287 313  0  5 1.00
288 289  0  5 1.00
288 290  0  5 1.00
288 313  0  5 1.00
289 290  0  5 1.00
289 291  0  5 1.00
289 313  0  5 1.00
289 314  0  5 1.00
289 315  0  5 1.00
290 291  0  5 1.00
290 292  0  5 1.00
290 315  0  5 1.00
290 316  0  5 1.00
291 292  0  5 1.00
291 293  0  5 1.00
291 315  0  5 1.00
291 316  0  5 1.00
291 317  0  5 1.00
292 293  0  5 1.00
292 294  0  5 1.00
292 317  0  5 1.00
293 294  0  5 1.00
293 295  0  5 1.00
294 295  0  5 1.00
294 296  0  5 1.00
295 296  0  5 1.00
295 297  0  5 1.00
296 297  0  5 1.00
296 298  0  5 1.00
296 299  0  5 1.00
297 298  0  5 1.00
297 299  0  5 1.00
298 299  0  5 1.00
298 300  0  5 1.00
299 300  0  5 1.00
299 301  0  5 1.00
300 301  0  5 1.00
300 302  0  5 1.00
301 302  0  5 1.00
301 303  0  5 1.00
302 303  0  5 1.00
302 304  0  5 1.00
303 304  0  5 1.00
303 305  0  5 1.00
304 305  0  5 1.00
304 306  0  5 1.00
304 307  0  5 1.00
304 308  0  5 1.00
305 306  0  5 1.00
305 307  0  5 1.00
305 308  0  5 1.00
305 309  0  5 1.00
306 307  0  5 1.00
306 308  0  5 1.00
306 309  0  5 1.00
306 310  0  5 1.00
307 308  0  5 1.00
307 309  0  5 1.00
307 310  0  5 1.00
307 311  0  5 1.00
307 312  0  5 1.00
308 309  0  5 1.00
308 310  0  5 1.00
308 311  0  5 1.00
308 312  0  5 1.00
309 310  0  5 1.00
309 311  0  5 1.00
310 311  0  5 1.00
310 312  0  5 1.00
311 312  0  5 1.00
311 313  0  5 1.00
312 313  0  5 1.00
312 314  0  5 1.00
313 314  0  5 1.00
313 315  0  5 1.00
314 315  0  5 1.00
314 316  0  5 1.00
315 316  0  5 1.00
315 317  0  5 1.00
316 317  0  5 1.00
316 318  0  5 1.00
317 318  0  5 1.00
317 319  0  5 1.00
317 320  0  5 1.00
318 319  0  5 1.00
318 320  0  5 1.00
318 321  0  5 1.00
318 322  0  5 1.00
319 320  0  5 1.00
319 321  0  5 1.00
319 322  0  5 1.00
320 321  0  5 1.00
320 322  0  5 1.00
321 322  0  5 1.00
321 323  0  5 1.00
322 323  0  5 1.00
322 324  0  5 1.00
323 324  0  5 1.00
323 325  0  5 1.00
323 326  0  5 1.00
323 327  0  5 1.00
323 328  0  5 1.00
324 325  0  5 1.00
324 326  0  5 1.00
324 327  0  5 1.00
324 328  0  5 1.00
325 326  0  5 1.00
325 327  0  5 1.00
325 328  0  5 1.00
325 329  0  5 1.00
326 327  0  5 1.00
326 328  0  5 1.00
326 329  0  5 1.00
326 330  0  5 1.00
327 328  0  5 1.00
327 329  0  5 1.00
327 330  0  5 1.00
327 331  0  5 1.00
327 332  0  5 1.00
328 329  0  5 1.00
328 330  0  5 1.00
328 331  0  5 1.00
328 332  0  5 1.00
328 333  0  5 1.00
329 330  0  5 1.00
329 331  0  5 1.00
329 332  0  5 1.00
329 333  0  5 1.00
330 331  0  5 1.00
330 332  0  5 1.00
330 333  0  5 1.00
330 334  0  5 1.00
331 332  0  5 1.00
331 333  0  5 1.00
331 334  0  5 1.00
331 335  0  5 1.00
332 333  0  5 1.00
332 334  0  5 1.00
332 335  0  5 1.00
332 336  0  5 1.00
333 334  0  5 1.00
333 335  0  5 1.00
333 336  0  5 1.00
333 337  0  5 1.00
334 335  0  5 1.00
334 336  0  5 1.00
334 337  0  5 1.00
334 338  0  5 1.00
334 339  0  5 1.00
334 340  0  5 1.00
335 336  0  5 1.00
335 337  0  5 1.00
335 338  0  5 1.00
335 339  0  5 1.00
335 340  0  5 1.00
336 337  0  5 1.00
336 338  0  5 1.00
337 338  0  5 1.00
337 339  0  5 1.00
338 339  0  5 1.00
338 340  0  5 1.00
339 340  0  5 1.00
339 341  0  5 1.00
340 341  0  5 1.00
340 342  0  5 1.00
341 342  0  5 1.00
341 343  0  5 1.00
341 344  0  5 1.00
342 343  0  5 1.00
342 344  0  5 1.00
342 345  0  5 1.00
342 346  0  5 1.00
343 344  0  5 1.00
343 345  0  5 1.00
343 346  0  5 1.00
344 345  0  5 1.00
344 346  0  5 1.00
345 346  0  5 1.00
345 347  0  5 1.00
345 368  0  5 1.00
345 369  0  5 1.00
346 347  0  5 1.00
346 348  0  5 1.00
346 369  0  5 1.00
347 348  0  5 1.00
347 349  0  5 1.00
347 369  0  5 1.00
348 349  0  5 1.00
348 350  0  5 1.00
348 369  0  5 1.00
348 370  0  5 1.00
348 371  0  5 1.00
349 350  0  5 1.00
349 351  0  5 1.00
349 370  0  5 1.00
349 371  0  5 1.00
350 351  0  5 1.00
350 352  0  5 1.00
350 371  0  5 1.00
350 372  0  5 1.00
350 373  0  5 1.00
351 352  0  5 1.00
351 353  0  5 1.00
351 354  0  5 1.00
351 355  0  5 1.00
351 372  0  5 1.00
351 373  0  5 1.00
352 353  0  5 1.00
352 354  0  5 1.00
352 355  0  5 1.00
352 372  0  5 1.00
352 373  0  5 1.00
352 374  0  5 1.00
353 354  0  5 1.00
353 355  0  5 1.00
354 355  0  5 1.00
354 356  0  5 1.00
354 357  0  5 1.00
354 358  0  5 1.00
355 356  0  5 1.00
355 357  0  5 1.00
355 358  0  5 1.00
355 359  0  5 1.00
356 357  0  5 1.00
356 358  0  5 1.00
356 359  0  5 1.00
356 360  0  5 1.00
357 358  0  5 1.00
357 359  0  5 1.00
357 360  0  5 1.00
357 361  0  5 1.00
358 359  0  5 1.00
358 360  0  5 1.00
358 361  0  5 1.00
358 362  0  5 1.00
359 360  0  5 1.00
359 361  0  5 1.00
359 362  0  5 1.00
359 363  0  5 1.00
359 364  0  5 1.00
360 361  0  5 1.00
360 362  0  5 1.00
360 363  0  5 1.00
360 364  0  5 1.00
360 365  0  5 1.00
361 362  0  5 1.00
361 363  0  5 1.00
361 364  0  5 1.00
361 365  0  5 1.00
361 366  0  5 1.00
361 367  0  5 1.00
362 363  0  5 1.00
362 364  0  5 1.00
362 365  0  5 1.00
362 366  0  5 1.00
363 364  0  5 1.00
363 365  0  5 1.00
364 365  0  5 1.00
364 366  0  5 1.00
365 366  0  5 1.00
365 367  0  5 1.00
366 367  0  5 1.00
366 368  0  5 1.00
367 368  0  5 1.00
367 369  0  5 1.00
368 369  0  5 1.00
368 370  0  5 1.00
369 370  0  5 1.00
369 371  0  5 1.00
370 371  0  5 1.00
370 372  0  5 1.00
371 372  0  5 1.00
371 373  0  5 1.00
372 373  0  5 1.00
372 374  0  5 1.00
373 374  0  5 1.00
END
HELX_P HELX_P1  H1A CYS A 46  ? VAL A 53  ? CYS A 46  VAL A 53  1 ?                           8  
HELX_P HELX_P2  H2A LYS A 168 ? GLY A 175 ? LYS A 168 GLY A 175 1 'CONTIGUOUS WITH HELIX HAA' 8  
HELX_P HELX_P3  HAA PHE A 176 ? LYS A 188 ? PHE A 176 LYS A 188 1 'CONTIGUOUS WITH HELIX H2A' 13 
HELX_P HELX_P4  HBA GLY A 201 ? GLY A 215 ? GLY A 201 GLY A 215 1 ?                           15 
HELX_P HELX_P5  HCA PHE A 229 ? GLY A 236 ? PHE A 229 GLY A 236 1 ?                           8  
HELX_P HELX_P6  CDA ILE A 250 ? SER A 258 ? ILE A 250 SER A 258 1 ?                           9  
HELX_P HELX_P7  HEA ARG A 271 ? CYS A 282 ? ARG A 271 CYS A 282 1 ?                           12 
HELX_P HELX_P8  HSA PRO A 305 ? GLY A 311 ? PRO A 305 GLY A 311 5 '3/10 HELIX'                7  
HELX_P HELX_P9  H3A SER A 324 ? LYS A 338 ? SER A 324 LYS A 338 1 ?                           15 
HELX_P HELX_P10 H4A ILE A 355 ? GLY A 365 ? ILE A 355 GLY A 365 1 ?                           11 
