1aro 883
  8   9  0  5 1.00
  8  10  0  5 1.00
  9  10  0  5 1.00
  9  11  0  5 1.00
  9  12  0  5 1.00
 10  11  0  5 1.00
 10  12  0  5 1.00
 11  12  0  5 1.00
 11  13  0  5 1.00
 12  13  0  5 1.00
 12  14  0  5 1.00
 12  15  0  5 1.00
 12  16  0  5 1.00
 13  14  0  5 1.00
 13  15  0  5 1.00
 13  16  0  5 1.00
 13  17  0  5 1.00
 13 154  0  5 1.00
 14  15  0  5 1.00
 14  16  0  5 1.00
 14  17  0  5 1.00
 14  18  0  5 1.00
 15  16  0  5 1.00
 15  17  0  5 1.00
 15  18  0  5 1.00
 15  19  0  5 1.00
 16  17  0  5 1.00
 16  18  0  5 1.00
 16  19  0  5 1.00
 16  20  0  5 1.00
 17  18  0  5 1.00
 17  19  0  5 1.00
 17 154  0  5 1.00
 17 158  0  5 1.00
 18  19  0  5 1.00
 18  20  0  5 1.00
 18  21  0  5 1.00
 18  22  0  5 1.00
 18  23  0  5 1.00
 19  20  0  5 1.00
 19  21  0  5 1.00
 19  22  0  5 1.00
 19  23  0  5 1.00
 19  24  0  5 1.00
 20  21  0  5 1.00
 20  22  0  5 1.00
 20  23  0  5 1.00
 20  24  0  5 1.00
 20  25  0  5 1.00
 20 287  0  5 1.00
 21  22  0  5 1.00
 21  23  0  5 1.00
 21  24  0  5 1.00
 21  25  0  5 1.00
 21  26  0  5 1.00
 22  23  0  5 1.00
 22  24  0  5 1.00
 22  25  0  5 1.00
 22  26  0  5 1.00
 23  24  0  5 1.00
 23  25  0  5 1.00
 23  26  0  5 1.00
 23  27  0  5 1.00
 23  28  0  5 1.00
 24  25  0  5 1.00
 24  26  0  5 1.00
 24  27  0  5 1.00
 24  28  0  5 1.00
 24  29  0  5 1.00
 24  33  0  5 1.00
 25  26  0  5 1.00
 25  27  0  5 1.00
 25  28  0  5 1.00
 25  29  0  5 1.00
 25  30  0  5 1.00
 25  33  0  5 1.00
 26  27  0  5 1.00
 26  28  0  5 1.00
 26  29  0  5 1.00
 27  28  0  5 1.00
 27  29  0  5 1.00
 28  29  0  5 1.00
 28  30  0  5 1.00
 29  30  0  5 1.00
 29  31  0  5 1.00
 29  32  0  5 1.00
 29  33  0  5 1.00
 30  31  0  5 1.00
 30  32  0  5 1.00
 30  33  0  5 1.00
 30  34  0  5 1.00
 31  32  0  5 1.00
 31  33  0  5 1.00
 31  34  0  5 1.00
 31  35  0  5 1.00
 32  33  0  5 1.00
 32  34  0  5 1.00
 32  35  0  5 1.00
 32  36  0  5 1.00
 33  34  0  5 1.00
 33  35  0  5 1.00
 33  36  0  5 1.00
 33  37  0  5 1.00
 34  35  0  5 1.00
 34  36  0  5 1.00
 34  37  0  5 1.00
 34  38  0  5 1.00
 34  39  0  5 1.00
 35  36  0  5 1.00
 35  37  0  5 1.00
 35  38  0  5 1.00
 35  39  0  5 1.00
 36  37  0  5 1.00
 36  38  0  5 1.00
 36  39  0  5 1.00
 36  40  0  5 1.00
 37  38  0  5 1.00
 37  39  0  5 1.00
 37  40  0  5 1.00
 37  41  0  5 1.00
 37  42  0  5 1.00
 38  39  0  5 1.00
 38  40  0  5 1.00
 38  41  0  5 1.00
 38  42  0  5 1.00
 39  40  0  5 1.00
 39  41  0  5 1.00
 39  42  0  5 1.00
 39  43  0  5 1.00
 40  41  0  5 1.00
 40  42  0  5 1.00
 40  43  0  5 1.00
 40  44  0  5 1.00
 41  42  0  5 1.00
 41  43  0  5 1.00
 41  44  0  5 1.00
 41  45  0  5 1.00
 42  43  0  5 1.00
 42  44  0  5 1.00
 42  45  0  5 1.00
 43  44  0  5 1.00
 43  45  0  5 1.00
 43 117  0  5 1.00
 43 267  0  5 1.00
 44  45  0  5 1.00
 44  46  0  5 1.00
 44 112  0  5 1.00
 44 113  0  5 1.00
 44 116  0  5 1.00
 44 117  0  5 1.00
 45  46  0  5 1.00
 45  47  0  5 1.00
 45 112  0  5 1.00
 45 113  0  5 1.00
 46  47  0  5 1.00
 46  48  0  5 1.00
 47  48  0  5 1.00
 47  49  0  5 1.00
 47  50  0  5 1.00
 47  51  0  5 1.00
 47  52  0  5 1.00
 48  49  0  5 1.00
 48  50  0  5 1.00
 48  51  0  5 1.00
 48  52  0  5 1.00
 48  53  0  5 1.00
 49  50  0  5 1.00
 49  51  0  5 1.00
 49  52  0  5 1.00
 49  53  0  5 1.00
 49  54  0  5 1.00
 50  51  0  5 1.00
 50  52  0  5 1.00
 50  53  0  5 1.00
 50  54  0  5 1.00
 51  52  0  5 1.00
 51  53  0  5 1.00
 51  54  0  5 1.00
 51  55  0  5 1.00
 51  56  0  5 1.00
 52  53  0  5 1.00
 52  54  0  5 1.00
 52  55  0  5 1.00
 52  56  0  5 1.00
 52  57  0  5 1.00
 53  54  0  5 1.00
 53  55  0  5 1.00
 53  56  0  5 1.00
 53  57  0  5 1.00
 54  55  0  5 1.00
 54  56  0  5 1.00
 54  57  0  5 1.00
 54  58  0  5 1.00
 55  56  0  5 1.00
 55  57  0  5 1.00
 55  58  0  5 1.00
 55  59  0  5 1.00
 56  57  0  5 1.00
 56  58  0  5 1.00
 56  59  0  5 1.00
 57  58  0  5 1.00
 57  59  0  5 1.00
 58  59  0  5 1.00
 73  74  0  5 1.00
 73  75  0  5 1.00
 73  76  0  5 1.00
 73  77  0  5 1.00
 73 260  0  5 1.00
 74  75  0  5 1.00
 74  76  0  5 1.00
 74  77  0  5 1.00
 74  78  0  5 1.00
 75  76  0  5 1.00
 75  77  0  5 1.00
 75  78  0  5 1.00
 75  79  0  5 1.00
 76  77  0  5 1.00
 76  78  0  5 1.00
 76  79  0  5 1.00
 76  80  0  5 1.00
 77  78  0  5 1.00
 77  79  0  5 1.00
 77  80  0  5 1.00
 77  81  0  5 1.00
 78  79  0  5 1.00
 78  80  0  5 1.00
 78  81  0  5 1.00
 78  82  0  5 1.00
 78  83  0  5 1.00
 79  80  0  5 1.00
 79  81  0  5 1.00
 79  82  0  5 1.00
 79  83  0  5 1.00
 80  81  0  5 1.00
 80  82  0  5 1.00
 80  83  0  5 1.00
 80  84  0  5 1.00
 80 223  0  5 1.00
 81  82  0  5 1.00
 81  83  0  5 1.00
 81  84  0  5 1.00
 81  85  0  5 1.00
 81  86  0  5 1.00
 82  83  0  5 1.00
 82  84  0  5 1.00
 82  85  0  5 1.00
 82  86  0  5 1.00
 83  84  0  5 1.00
 83  85  0  5 1.00
 83  86  0  5 1.00
 83  87  0  5 1.00
 83  88  0  5 1.00
 84  85  0  5 1.00
 84  86  0  5 1.00
 84  87  0  5 1.00
 84  88  0  5 1.00
 84  89  0  5 1.00
 85  86  0  5 1.00
 85  87  0  5 1.00
 85  88  0  5 1.00
 85  89  0  5 1.00
 86  87  0  5 1.00
 86  88  0  5 1.00
 86  89  0  5 1.00
 86  90  0  5 1.00
 87  88  0  5 1.00
 87  89  0  5 1.00
 87  90  0  5 1.00
 87  91  0  5 1.00
 88  89  0  5 1.00
 88  90  0  5 1.00
 88  91  0  5 1.00
 88  92  0  5 1.00
 88  93  0  5 1.00
 89  90  0  5 1.00
 89  91  0  5 1.00
 89  92  0  5 1.00
 89  93  0  5 1.00
 90  91  0  5 1.00
 90  92  0  5 1.00
 90  93  0  5 1.00
 90  94  0  5 1.00
 91  92  0  5 1.00
 91  93  0  5 1.00
 91  94  0  5 1.00
 92  93  0  5 1.00
 92  94  0  5 1.00
 92  95  0  5 1.00
 92  96  0  5 1.00
 93  94  0  5 1.00
 93  95  0  5 1.00
 93  96  0  5 1.00
 94  95  0  5 1.00
 94  96  0  5 1.00
 95  96  0  5 1.00
 95  97  0  5 1.00
 96  97  0  5 1.00
 96  98  0  5 1.00
 97  98  0  5 1.00
 97  99  0  5 1.00
 98  99  0  5 1.00
 98 100  0  5 1.00
 99 100  0  5 1.00
 99 101  0  5 1.00
100 101  0  5 1.00
100 102  0  5 1.00
100 103  0  5 1.00
101 102  0  5 1.00
101 103  0  5 1.00
102 103  0  5 1.00
102 104  0  5 1.00
102 105  0  5 1.00
102 106  0  5 1.00
102 107  0  5 1.00
102 212  0  5 1.00
103 104  0  5 1.00
103 105  0  5 1.00
103 106  0  5 1.00
103 107  0  5 1.00
104 105  0  5 1.00
104 106  0  5 1.00
104 107  0  5 1.00
104 108  0  5 1.00
105 106  0  5 1.00
105 107  0  5 1.00
105 108  0  5 1.00
106 107  0  5 1.00
106 108  0  5 1.00
106 109  0  5 1.00
107 108  0  5 1.00
107 109  0  5 1.00
108 109  0  5 1.00
108 110  0  5 1.00
109 110  0  5 1.00
109 111  0  5 1.00
110 111  0  5 1.00
110 112  0  5 1.00
110 113  0  5 1.00
110 114  0  5 1.00
111 112  0  5 1.00
111 113  0  5 1.00
111 114  0  5 1.00
111 115  0  5 1.00
111 116  0  5 1.00
112 113  0  5 1.00
112 114  0  5 1.00
112 115  0  5 1.00
112 116  0  5 1.00
113 114  0  5 1.00
113 115  0  5 1.00
113 116  0  5 1.00
113 117  0  5 1.00
113 118  0  5 1.00
114 115  0  5 1.00
114 116  0  5 1.00
114 117  0  5 1.00
114 118  0  5 1.00
114 119  0  5 1.00
115 116  0  5 1.00
115 117  0  5 1.00
115 118  0  5 1.00
115 119  0  5 1.00
116 117  0  5 1.00
116 118  0  5 1.00
116 119  0  5 1.00
116 120  0  5 1.00
116 121  0  5 1.00
117 118  0  5 1.00
117 119  0  5 1.00
117 120  0  5 1.00
117 121  0  5 1.00
117 122  0  5 1.00
118 119  0  5 1.00
118 120  0  5 1.00
118 121  0  5 1.00
118 122  0  5 1.00
119 120  0  5 1.00
119 121  0  5 1.00
119 122  0  5 1.00
119 123  0  5 1.00
120 121  0  5 1.00
120 122  0  5 1.00
120 123  0  5 1.00
120 124  0  5 1.00
121 122  0  5 1.00
121 123  0  5 1.00
121 124  0  5 1.00
121 125  0  5 1.00
121 126  0  5 1.00
122 123  0  5 1.00
122 124  0  5 1.00
122 125  0  5 1.00
122 126  0  5 1.00
123 124  0  5 1.00
123 125  0  5 1.00
123 126  0  5 1.00
123 127  0  5 1.00
124 125  0  5 1.00
124 126  0  5 1.00
124 127  0  5 1.00
124 128  0  5 1.00
125 126  0  5 1.00
125 127  0  5 1.00
125 128  0  5 1.00
125 131  0  5 1.00
126 127  0  5 1.00
126 128  0  5 1.00
126 393  0  5 1.00
127 128  0  5 1.00
127 129  0  5 1.00
127 393  0  5 1.00
128 129  0  5 1.00
128 130  0  5 1.00
128 131  0  5 1.00
129 130  0  5 1.00
129 131  0  5 1.00
130 131  0  5 1.00
130 132  0  5 1.00
131 132  0  5 1.00
131 133  0  5 1.00
132 133  0  5 1.00
132 134  0  5 1.00
132 241  0  5 1.00
132 242  0  5 1.00
132 243  0  5 1.00
132 244  0  5 1.00
133 134  0  5 1.00
133 135  0  5 1.00
133 136  0  5 1.00
133 137  0  5 1.00
133 138  0  5 1.00
133 241  0  5 1.00
133 242  0  5 1.00
133 243  0  5 1.00
134 135  0  5 1.00
134 136  0  5 1.00
134 137  0  5 1.00
134 138  0  5 1.00
134 139  0  5 1.00
134 241  0  5 1.00
134 243  0  5 1.00
135 136  0  5 1.00
135 137  0  5 1.00
135 138  0  5 1.00
135 139  0  5 1.00
135 140  0  5 1.00
136 137  0  5 1.00
136 138  0  5 1.00
136 139  0  5 1.00
136 140  0  5 1.00
137 138  0  5 1.00
137 139  0  5 1.00
137 140  0  5 1.00
137 141  0  5 1.00
138 139  0  5 1.00
138 140  0  5 1.00
138 141  0  5 1.00
138 142  0  5 1.00
138 209  0  5 1.00
138 210  0  5 1.00
138 213  0  5 1.00
138 214  0  5 1.00
139 140  0  5 1.00
139 141  0  5 1.00
139 142  0  5 1.00
139 143  0  5 1.00
139 209  0  5 1.00
139 210  0  5 1.00
140 141  0  5 1.00
140 142  0  5 1.00
140 143  0  5 1.00
140 144  0  5 1.00
141 142  0  5 1.00
141 143  0  5 1.00
141 144  0  5 1.00
141 145  0  5 1.00
142 143  0  5 1.00
142 144  0  5 1.00
142 145  0  5 1.00
142 146  0  5 1.00
142 209  0  5 1.00
142 213  0  5 1.00
143 144  0  5 1.00
143 145  0  5 1.00
143 146  0  5 1.00
143 147  0  5 1.00
144 145  0  5 1.00
144 146  0  5 1.00
144 147  0  5 1.00
144 148  0  5 1.00
144 149  0  5 1.00
145 146  0  5 1.00
145 147  0  5 1.00
145 148  0  5 1.00
145 149  0  5 1.00
145 150  0  5 1.00
146 147  0  5 1.00
146 148  0  5 1.00
146 149  0  5 1.00
146 150  0  5 1.00
146 151  0  5 1.00
147 148  0  5 1.00
147 149  0  5 1.00
147 150  0  5 1.00
147 151  0  5 1.00
147 152  0  5 1.00
148 149  0  5 1.00
148 150  0  5 1.00
148 151  0  5 1.00
148 152  0  5 1.00
148 153  0  5 1.00
149 150  0  5 1.00
149 151  0  5 1.00
149 152  0  5 1.00
150 151  0  5 1.00
150 152  0  5 1.00
151 152  0  5 1.00
151 153  0  5 1.00
151 154  0  5 1.00
151 155  0  5 1.00
151 156  0  5 1.00
151 290  0  5 1.00
151 291  0  5 1.00
152 153  0  5 1.00
152 154  0  5 1.00
152 155  0  5 1.00
152 156  0  5 1.00
153 154  0  5 1.00
153 155  0  5 1.00
153 156  0  5 1.00
153 157  0  5 1.00
153 158  0  5 1.00
154 155  0  5 1.00
154 156  0  5 1.00
154 157  0  5 1.00
154 158  0  5 1.00
154 159  0  5 1.00
154 290  0  5 1.00
155 156  0  5 1.00
155 157  0  5 1.00
155 158  0  5 1.00
155 159  0  5 1.00
155 290  0  5 1.00
156 157  0  5 1.00
156 158  0  5 1.00
156 159  0  5 1.00
156 160  0  5 1.00
157 158  0  5 1.00
157 159  0  5 1.00
157 160  0  5 1.00
157 161  0  5 1.00
158 159  0  5 1.00
158 160  0  5 1.00
158 161  0  5 1.00
158 162  0  5 1.00
159 160  0  5 1.00
159 161  0  5 1.00
159 162  0  5 1.00
159 163  0  5 1.00
160 161  0  5 1.00
160 162  0  5 1.00
160 163  0  5 1.00
161 162  0  5 1.00
161 163  0  5 1.00
162 163  0  5 1.00
162 164  0  5 1.00
163 164  0  5 1.00
182 183  0  5 1.00
182 184  0  5 1.00
183 184  0  5 1.00
183 185  0  5 1.00
184 185  0  5 1.00
184 186  0  5 1.00
185 186  0  5 1.00
185 187  0  5 1.00
185 274  0  5 1.00
185 275  0  5 1.00
186 187  0  5 1.00
186 188  0  5 1.00
187 188  0  5 1.00
187 189  0  5 1.00
187 190  0  5 1.00
187 277  0  5 1.00
188 189  0  5 1.00
188 190  0  5 1.00
189 190  0  5 1.00
189 191  0  5 1.00
190 191  0  5 1.00
190 192  0  5 1.00
191 192  0  5 1.00
191 193  0  5 1.00
192 193  0  5 1.00
192 194  0  5 1.00
192 195  0  5 1.00
192 196  0  5 1.00
193 194  0  5 1.00
193 195  0  5 1.00
193 196  0  5 1.00
194 195  0  5 1.00
194 196  0  5 1.00
195 196  0  5 1.00
195 197  0  5 1.00
195 283  0  5 1.00
196 197  0  5 1.00
196 198  0  5 1.00
196 282  0  5 1.00
197 198  0  5 1.00
197 199  0  5 1.00
197 282  0  5 1.00
197 283  0  5 1.00
198 199  0  5 1.00
198 200  0  5 1.00
198 282  0  5 1.00
198 283  0  5 1.00
199 200  0  5 1.00
199 201  0  5 1.00
199 293  0  5 1.00
200 201  0  5 1.00
200 202  0  5 1.00
200 293  0  5 1.00
201 202  0  5 1.00
201 203  0  5 1.00
202 203  0  5 1.00
202 204  0  5 1.00
203 204  0  5 1.00
203 205  0  5 1.00
204 205  0  5 1.00
204 206  0  5 1.00
205 206  0  5 1.00
205 207  0  5 1.00
205 208  0  5 1.00
205 209  0  5 1.00
206 207  0  5 1.00
206 208  0  5 1.00
206 209  0  5 1.00
206 210  0  5 1.00
207 208  0  5 1.00
207 209  0  5 1.00
207 210  0  5 1.00
207 211  0  5 1.00
208 209  0  5 1.00
208 210  0  5 1.00
208 211  0  5 1.00
208 212  0  5 1.00
208 213  0  5 1.00
209 210  0  5 1.00
209 211  0  5 1.00
209 212  0  5 1.00
209 213  0  5 1.00
210 211  0  5 1.00
210 212  0  5 1.00
210 213  0  5 1.00
210 214  0  5 1.00
211 212  0  5 1.00
211 213  0  5 1.00
211 214  0  5 1.00
211 215  0  5 1.00
212 213  0  5 1.00
212 214  0  5 1.00
212 215  0  5 1.00
212 216  0  5 1.00
213 214  0  5 1.00
213 215  0  5 1.00
213 216  0  5 1.00
213 217  0  5 1.00
213 218  0  5 1.00
214 215  0  5 1.00
214 216  0  5 1.00
214 217  0  5 1.00
214 218  0  5 1.00
215 216  0  5 1.00
215 217  0  5 1.00
215 218  0  5 1.00
215 219  0  5 1.00
215 220  0  5 1.00
216 217  0  5 1.00
216 218  0  5 1.00
216 219  0  5 1.00
216 220  0  5 1.00
217 218  0  5 1.00
217 219  0  5 1.00
217 220  0  5 1.00
217 221  0  5 1.00
218 219  0  5 1.00
218 220  0  5 1.00
218 221  0  5 1.00
218 222  0  5 1.00
219 220  0  5 1.00
219 221  0  5 1.00
219 222  0  5 1.00
219 223  0  5 1.00
219 224  0  5 1.00
220 221  0  5 1.00
220 222  0  5 1.00
220 223  0  5 1.00
220 224  0  5 1.00
220 225  0  5 1.00
220 226  0  5 1.00
221 222  0  5 1.00
221 223  0  5 1.00
221 224  0  5 1.00
221 225  0  5 1.00
221 226  0  5 1.00
221 227  0  5 1.00
222 223  0  5 1.00
222 224  0  5 1.00
223 224  0  5 1.00
223 225  0  5 1.00
224 225  0  5 1.00
224 226  0  5 1.00
224 227  0  5 1.00
225 226  0  5 1.00
225 227  0  5 1.00
225 247  0  5 1.00
226 227  0  5 1.00
226 228  0  5 1.00
226 245  0  5 1.00
226 246  0  5 1.00
226 247  0  5 1.00
227 228  0  5 1.00
227 229  0  5 1.00
227 245  0  5 1.00
227 246  0  5 1.00
227 247  0  5 1.00
228 229  0  5 1.00
228 230  0  5 1.00
228 242  0  5 1.00
228 243  0  5 1.00
228 244  0  5 1.00
228 245  0  5 1.00
229 230  0  5 1.00
229 231  0  5 1.00
229 242  0  5 1.00
229 243  0  5 1.00
230 231  0  5 1.00
230 232  0  5 1.00
230 241  0  5 1.00
230 242  0  5 1.00
231 232  0  5 1.00
231 233  0  5 1.00
231 241  0  5 1.00
232 233  0  5 1.00
233 755  0  5 1.00
233 756  0  5 1.00
233 757  0  5 1.00
241 242  0  5 1.00
241 243  0  5 1.00
242 243  0  5 1.00
242 244  0  5 1.00
242 245  0  5 1.00
243 244  0  5 1.00
243 245  0  5 1.00
244 245  0  5 1.00
244 246  0  5 1.00
245 246  0  5 1.00
245 247  0  5 1.00
246 247  0  5 1.00
246 248  0  5 1.00
246 251  0  5 1.00
247 248  0  5 1.00
247 249  0  5 1.00
247 250  0  5 1.00
247 251  0  5 1.00
248 249  0  5 1.00
248 250  0  5 1.00
248 251  0  5 1.00
248 252  0  5 1.00
249 250  0  5 1.00
249 251  0  5 1.00
249 252  0  5 1.00
249 253  0  5 1.00
250 251  0  5 1.00
250 252  0  5 1.00
250 253  0  5 1.00
250 254  0  5 1.00
251 252  0  5 1.00
251 253  0  5 1.00
251 254  0  5 1.00
251 255  0  5 1.00
252 253  0  5 1.00
252 254  0  5 1.00
252 255  0  5 1.00
252 256  0  5 1.00
252 257  0  5 1.00
253 254  0  5 1.00
253 255  0  5 1.00
253 256  0  5 1.00
253 257  0  5 1.00
254 255  0  5 1.00
254 256  0  5 1.00
254 257  0  5 1.00
255 256  0  5 1.00
255 257  0  5 1.00
256 257  0  5 1.00
256 258  0  5 1.00
257 258  0  5 1.00
257 259  0  5 1.00
258 259  0  5 1.00
258 260  0  5 1.00
259 260  0  5 1.00
259 261  0  5 1.00
259 262  0  5 1.00
260 261  0  5 1.00
260 262  0  5 1.00
260 263  0  5 1.00
261 262  0  5 1.00
261 263  0  5 1.00
261 264  0  5 1.00
261 265  0  5 1.00
262 263  0  5 1.00
262 264  0  5 1.00
263 264  0  5 1.00
263 265  0  5 1.00
264 265  0  5 1.00
264 266  0  5 1.00
265 266  0  5 1.00
265 267  0  5 1.00
266 267  0  5 1.00
266 268  0  5 1.00
266 269  0  5 1.00
267 268  0  5 1.00
267 269  0  5 1.00
268 269  0  5 1.00
268 270  0  5 1.00
268 430  0  5 1.00
268 431  0  5 1.00
268 432  0  5 1.00
269 270  0  5 1.00
269 271  0  5 1.00
269 430  0  5 1.00
270 271  0  5 1.00
270 272  0  5 1.00
270 415  0  5 1.00
271 272  0  5 1.00
271 273  0  5 1.00
271 413  0  5 1.00
271 414  0  5 1.00
271 415  0  5 1.00
271 416  0  5 1.00
272 273  0  5 1.00
272 274  0  5 1.00
272 413  0  5 1.00
272 415  0  5 1.00
273 274  0  5 1.00
273 275  0  5 1.00
274 275  0  5 1.00
274 276  0  5 1.00
274 285  0  5 1.00
275 276  0  5 1.00
275 277  0  5 1.00
275 285  0  5 1.00
276 277  0  5 1.00
276 278  0  5 1.00
276 284  0  5 1.00
276 285  0  5 1.00
276 286  0  5 1.00
277 278  0  5 1.00
277 279  0  5 1.00
277 284  0  5 1.00
278 279  0  5 1.00
278 280  0  5 1.00
278 284  0  5 1.00
279 280  0  5 1.00
279 281  0  5 1.00
279 282  0  5 1.00
279 283  0  5 1.00
280 281  0  5 1.00
280 282  0  5 1.00
281 282  0  5 1.00
281 283  0  5 1.00
281 294  0  5 1.00
281 295  0  5 1.00
281 296  0  5 1.00
282 283  0  5 1.00
282 284  0  5 1.00
282 294  0  5 1.00
282 295  0  5 1.00
282 296  0  5 1.00
283 284  0  5 1.00
283 285  0  5 1.00
283 293  0  5 1.00
283 294  0  5 1.00
284 285  0  5 1.00
284 286  0  5 1.00
284 294  0  5 1.00
285 286  0  5 1.00
285 287  0  5 1.00
285 417  0  5 1.00
286 287  0  5 1.00
286 288  0  5 1.00
287 288  0  5 1.00
287 289  0  5 1.00
288 289  0  5 1.00
288 290  0  5 1.00
288 291  0  5 1.00
289 290  0  5 1.00
289 291  0  5 1.00
290 291  0  5 1.00
290 292  0  5 1.00
291 292  0  5 1.00
291 293  0  5 1.00
292 293  0  5 1.00
292 294  0  5 1.00
293 294  0  5 1.00
293 295  0  5 1.00
294 295  0  5 1.00
294 296  0  5 1.00
295 296  0  5 1.00
295 297  0  5 1.00
295 298  0  5 1.00
295 419  0  5 1.00
296 297  0  5 1.00
296 298  0  5 1.00
296 419  0  5 1.00
296 420  0  5 1.00
297 298  0  5 1.00
297 299  0  5 1.00
297 420  0  5 1.00
297 421  0  5 1.00
298 299  0  5 1.00
298 300  0  5 1.00
298 420  0  5 1.00
298 421  0  5 1.00
298 422  0  5 1.00
299 300  0  5 1.00
299 301  0  5 1.00
300 301  0  5 1.00
300 302  0  5 1.00
301 302  0  5 1.00
301 303  0  5 1.00
301 304  0  5 1.00
301 305  0  5 1.00
302 303  0  5 1.00
302 304  0  5 1.00
302 305  0  5 1.00
302 306  0  5 1.00
303 304  0  5 1.00
303 305  0  5 1.00
303 306  0  5 1.00
303 307  0  5 1.00
304 305  0  5 1.00
304 306  0  5 1.00
304 307  0  5 1.00
304 308  0  5 1.00
305 306  0  5 1.00
305 307  0  5 1.00
305 308  0  5 1.00
305 309  0  5 1.00
306 307  0  5 1.00
306 308  0  5 1.00
306 309  0  5 1.00
307 308  0  5 1.00
307 309  0  5 1.00
307 310  0  5 1.00
308 309  0  5 1.00
308 310  0  5 1.00
308 311  0  5 1.00
309 310  0  5 1.00
309 311  0  5 1.00
310 311  0  5 1.00
310 312  0  5 1.00
311 312  0  5 1.00
311 313  0  5 1.00
312 313  0  5 1.00
312 314  0  5 1.00
313 314  0  5 1.00
313 315  0  5 1.00
313 316  0  5 1.00
313 317  0  5 1.00
313 731  0  5 1.00
314 315  0  5 1.00
314 316  0  5 1.00
314 317  0  5 1.00
314 318  0  5 1.00
314 319  0  5 1.00
315 316  0  5 1.00
315 317  0  5 1.00
315 318  0  5 1.00
315 319  0  5 1.00
315 320  0  5 1.00
315 731  0  5 1.00
316 317  0  5 1.00
316 318  0  5 1.00
316 319  0  5 1.00
316 320  0  5 1.00
316 321  0  5 1.00
316 731  0  5 1.00
317 318  0  5 1.00
317 319  0  5 1.00
317 320  0  5 1.00
317 321  0  5 1.00
317 322  0  5 1.00
318 319  0  5 1.00
318 320  0  5 1.00
318 321  0  5 1.00
318 322  0  5 1.00
318 323  0  5 1.00
319 320  0  5 1.00
319 321  0  5 1.00
319 322  0  5 1.00
319 323  0  5 1.00
319 324  0  5 1.00
319 792  0  5 1.00
320 321  0  5 1.00
320 322  0  5 1.00
320 323  0  5 1.00
320 324  0  5 1.00
321 322  0  5 1.00
321 323  0  5 1.00
321 324  0  5 1.00
321 325  0  5 1.00
322 323  0  5 1.00
322 324  0  5 1.00
322 325  0  5 1.00
322 326  0  5 1.00
322 805  0  5 1.00
323 324  0  5 1.00
323 325  0  5 1.00
323 326  0  5 1.00
323 807  0  5 1.00
324 325  0  5 1.00
324 326  0  5 1.00
324 416  0  5 1.00
325 326  0  5 1.00
325 327  0  5 1.00
326 327  0  5 1.00
326 328  0  5 1.00
326 414  0  5 1.00
326 415  0  5 1.00
326 805  0  5 1.00
326 806  0  5 1.00
326 807  0  5 1.00
327 328  0  5 1.00
327 329  0  5 1.00
327 414  0  5 1.00
327 445  0  5 1.00
327 446  0  5 1.00
327 447  0  5 1.00
328 329  0  5 1.00
328 330  0  5 1.00
328 412  0  5 1.00
328 413  0  5 1.00
328 414  0  5 1.00
328 445  0  5 1.00
328 446  0  5 1.00
328 447  0  5 1.00
329 330  0  5 1.00
329 331  0  5 1.00
329 411  0  5 1.00
329 413  0  5 1.00
329 414  0  5 1.00
329 443  0  5 1.00
329 444  0  5 1.00
329 445  0  5 1.00
329 446  0  5 1.00
329 447  0  5 1.00
330 331  0  5 1.00
330 332  0  5 1.00
330 408  0  5 1.00
330 409  0  5 1.00
330 443  0  5 1.00
330 444  0  5 1.00
331 332  0  5 1.00
331 333  0  5 1.00
331 334  0  5 1.00
331 335  0  5 1.00
331 442  0  5 1.00
331 443  0  5 1.00
331 444  0  5 1.00
331 445  0  5 1.00
332 333  0  5 1.00
332 334  0  5 1.00
332 335  0  5 1.00
332 336  0  5 1.00
333 334  0  5 1.00
333 335  0  5 1.00
333 336  0  5 1.00
333 337  0  5 1.00
334 335  0  5 1.00
334 336  0  5 1.00
334 337  0  5 1.00
334 338  0  5 1.00
334 339  0  5 1.00
335 336  0  5 1.00
335 337  0  5 1.00
335 338  0  5 1.00
335 339  0  5 1.00
336 337  0  5 1.00
336 338  0  5 1.00
336 339  0  5 1.00
336 340  0  5 1.00
337 338  0  5 1.00
337 339  0  5 1.00
337 340  0  5 1.00
337 341  0  5 1.00
337 342  0  5 1.00
338 339  0  5 1.00
338 340  0  5 1.00
338 341  0  5 1.00
338 342  0  5 1.00
339 340  0  5 1.00
339 341  0  5 1.00
339 342  0  5 1.00
340 341  0  5 1.00
340 342  0  5 1.00
340 343  0  5 1.00
340 344  0  5 1.00
341 342  0  5 1.00
341 343  0  5 1.00
341 344  0  5 1.00
342 343  0  5 1.00
342 344  0  5 1.00
343 344  0  5 1.00
384 385  0  5 1.00
384 386  0  5 1.00
384 387  0  5 1.00
384 388  0  5 1.00
385 386  0  5 1.00
385 387  0  5 1.00
385 388  0  5 1.00
385 389  0  5 1.00
386 387  0  5 1.00
386 388  0  5 1.00
386 389  0  5 1.00
387 388  0  5 1.00
387 389  0  5 1.00
387 390  0  5 1.00
387 391  0  5 1.00
388 389  0  5 1.00
388 390  0  5 1.00
388 391  0  5 1.00
388 392  0  5 1.00
389 390  0  5 1.00
389 391  0  5 1.00
389 392  0  5 1.00
389 393  0  5 1.00
390 391  0  5 1.00
390 392  0  5 1.00
390 393  0  5 1.00
390 394  0  5 1.00
390 395  0  5 1.00
391 392  0  5 1.00
391 393  0  5 1.00
391 394  0  5 1.00
391 395  0  5 1.00
392 393  0  5 1.00
392 394  0  5 1.00
392 395  0  5 1.00
392 396  0  5 1.00
393 394  0  5 1.00
393 395  0  5 1.00
393 396  0  5 1.00
393 397  0  5 1.00
394 395  0  5 1.00
394 396  0  5 1.00
394 397  0  5 1.00
394 398  0  5 1.00
395 396  0  5 1.00
395 397  0  5 1.00
395 398  0  5 1.00
395 399  0  5 1.00
395 400  0  5 1.00
396 397  0  5 1.00
396 398  0  5 1.00
396 399  0  5 1.00
396 400  0  5 1.00
397 398  0  5 1.00
397 399  0  5 1.00
397 400  0  5 1.00
397 401  0  5 1.00
398 399  0  5 1.00
398 400  0  5 1.00
398 401  0  5 1.00
398 402  0  5 1.00
398 403  0  5 1.00
399 400  0  5 1.00
399 401  0  5 1.00
399 402  0  5 1.00
399 403  0  5 1.00
399 404  0  5 1.00
400 401  0  5 1.00
400 402  0  5 1.00
400 403  0  5 1.00
400 404  0  5 1.00
401 402  0  5 1.00
401 403  0  5 1.00
401 404  0  5 1.00
401 405  0  5 1.00
402 403  0  5 1.00
402 404  0  5 1.00
402 405  0  5 1.00
402 406  0  5 1.00
403 404  0  5 1.00
403 405  0  5 1.00
403 406  0  5 1.00
403 407  0  5 1.00
404 405  0  5 1.00
404 406  0  5 1.00
404 407  0  5 1.00
404 408  0  5 1.00
404 409  0  5 1.00
405 406  0  5 1.00
405 407  0  5 1.00
405 408  0  5 1.00
405 409  0  5 1.00
406 407  0  5 1.00
406 408  0  5 1.00
406 409  0  5 1.00
406 410  0  5 1.00
407 408  0  5 1.00
407 409  0  5 1.00
408 409  0  5 1.00
408 410  0  5 1.00
408 411  0  5 1.00
409 410  0  5 1.00
409 411  0  5 1.00
410 411  0  5 1.00
410 412  0  5 1.00
411 412  0  5 1.00
411 413  0  5 1.00
412 413  0  5 1.00
412 414  0  5 1.00
412 447  0  5 1.00
413 414  0  5 1.00
413 415  0  5 1.00
414 415  0  5 1.00
414 416  0  5 1.00
415 416  0  5 1.00
415 417  0  5 1.00
416 417  0  5 1.00
416 418  0  5 1.00
417 418  0  5 1.00
417 419  0  5 1.00
417 427  0  5 1.00
417 428  0  5 1.00
417 429  0  5 1.00
417 430  0  5 1.00
418 419  0  5 1.00
418 420  0  5 1.00
418 427  0  5 1.00
418 428  0  5 1.00
418 429  0  5 1.00
419 420  0  5 1.00
419 421  0  5 1.00
419 425  0  5 1.00
419 426  0  5 1.00
419 427  0  5 1.00
419 428  0  5 1.00
419 429  0  5 1.00
420 421  0  5 1.00
420 422  0  5 1.00
420 424  0  5 1.00
420 425  0  5 1.00
420 426  0  5 1.00
420 427  0  5 1.00
421 422  0  5 1.00
421 423  0  5 1.00
421 424  0  5 1.00
421 425  0  5 1.00
422 423  0  5 1.00
422 424  0  5 1.00
422 734  0  5 1.00
422 735  0  5 1.00
422 736  0  5 1.00
423 424  0  5 1.00
423 425  0  5 1.00
423 784  0  5 1.00
423 785  0  5 1.00
424 425  0  5 1.00
424 426  0  5 1.00
424 788  0  5 1.00
425 426  0  5 1.00
425 427  0  5 1.00
425 788  0  5 1.00
426 427  0  5 1.00
426 428  0  5 1.00
427 428  0  5 1.00
427 429  0  5 1.00
428 429  0  5 1.00
428 430  0  5 1.00
429 430  0  5 1.00
429 431  0  5 1.00
430 431  0  5 1.00
430 432  0  5 1.00
430 433  0  5 1.00
431 432  0  5 1.00
431 433  0  5 1.00
432 433  0  5 1.00
432 434  0  5 1.00
433 434  0  5 1.00
433 435  0  5 1.00
433 436  0  5 1.00
433 440  0  5 1.00
434 435  0  5 1.00
434 436  0  5 1.00
434 441  0  5 1.00
434 809  0  5 1.00
434 810  0  5 1.00
435 436  0  5 1.00
435 437  0  5 1.00
436 437  0  5 1.00
436 438  0  5 1.00
436 441  0  5 1.00
437 438  0  5 1.00
437 439  0  5 1.00
437 440  0  5 1.00
437 441  0  5 1.00
438 439  0  5 1.00
438 440  0  5 1.00
438 441  0  5 1.00
438 442  0  5 1.00
438 443  0  5 1.00
438 509  0  5 1.00
438 510  0  5 1.00
439 440  0  5 1.00
439 441  0  5 1.00
439 442  0  5 1.00
439 443  0  5 1.00
440 441  0  5 1.00
440 442  0  5 1.00
440 443  0  5 1.00
440 444  0  5 1.00
441 442  0  5 1.00
441 443  0  5 1.00
441 444  0  5 1.00
442 443  0  5 1.00
442 444  0  5 1.00
442 509  0  5 1.00
442 510  0  5 1.00
443 444  0  5 1.00
443 445  0  5 1.00
444 445  0  5 1.00
444 446  0  5 1.00
445 446  0  5 1.00
445 447  0  5 1.00
445 531  0  5 1.00
446 447  0  5 1.00
446 448  0  5 1.00
446 531  0  5 1.00
446 532  0  5 1.00
446 533  0  5 1.00
447 448  0  5 1.00
447 449  0  5 1.00
448 449  0  5 1.00
448 450  0  5 1.00
448 531  0  5 1.00
449 450  0  5 1.00
449 451  0  5 1.00
449 529  0  5 1.00
449 530  0  5 1.00
449 531  0  5 1.00
450 451  0  5 1.00
450 452  0  5 1.00
450 528  0  5 1.00
450 529  0  5 1.00
450 530  0  5 1.00
451 452  0  5 1.00
451 453  0  5 1.00
451 526  0  5 1.00
451 527  0  5 1.00
451 528  0  5 1.00
451 529  0  5 1.00
451 819  0  5 1.00
452 453  0  5 1.00
452 454  0  5 1.00
452 455  0  5 1.00
452 456  0  5 1.00
452 457  0  5 1.00
452 526  0  5 1.00
452 528  0  5 1.00
452 530  0  5 1.00
452 819  0  5 1.00
453 454  0  5 1.00
453 455  0  5 1.00
453 456  0  5 1.00
453 457  0  5 1.00
453 526  0  5 1.00
454 455  0  5 1.00
454 456  0  5 1.00
454 457  0  5 1.00
454 458  0  5 1.00
455 456  0  5 1.00
455 457  0  5 1.00
455 458  0  5 1.00
455 459  0  5 1.00
455 460  0  5 1.00
456 457  0  5 1.00
456 458  0  5 1.00
456 459  0  5 1.00
456 460  0  5 1.00
456 461  0  5 1.00
456 818  0  5 1.00
456 819  0  5 1.00
457 458  0  5 1.00
457 459  0  5 1.00
457 460  0  5 1.00
457 461  0  5 1.00
458 459  0  5 1.00
458 460  0  5 1.00
458 461  0  5 1.00
458 462  0  5 1.00
458 463  0  5 1.00
459 460  0  5 1.00
459 461  0  5 1.00
459 462  0  5 1.00
459 463  0  5 1.00
459 464  0  5 1.00
460 461  0  5 1.00
460 462  0  5 1.00
460 463  0  5 1.00
460 464  0  5 1.00
461 462  0  5 1.00
461 463  0  5 1.00
461 464  0  5 1.00
461 465  0  5 1.00
462 463  0  5 1.00
462 464  0  5 1.00
462 465  0  5 1.00
462 466  0  5 1.00
463 464  0  5 1.00
463 465  0  5 1.00
463 466  0  5 1.00
463 467  0  5 1.00
464 465  0  5 1.00
464 466  0  5 1.00
464 467  0  5 1.00
464 468  0  5 1.00
465 466  0  5 1.00
465 467  0  5 1.00
465 468  0  5 1.00
465 469  0  5 1.00
465 470  0  5 1.00
465 471  0  5 1.00
466 467  0  5 1.00
466 468  0  5 1.00
466 469  0  5 1.00
466 470  0  5 1.00
466 471  0  5 1.00
467 468  0  5 1.00
467 469  0  5 1.00
467 506  0  5 1.00
467 507  0  5 1.00
467 510  0  5 1.00
468 469  0  5 1.00
468 470  0  5 1.00
468 505  0  5 1.00
468 506  0  5 1.00
469 470  0  5 1.00
469 471  0  5 1.00
469 472  0  5 1.00
470 471  0  5 1.00
470 472  0  5 1.00
470 473  0  5 1.00
471 472  0  5 1.00
471 473  0  5 1.00
472 473  0  5 1.00
472 474  0  5 1.00
473 474  0  5 1.00
473 475  0  5 1.00
474 475  0  5 1.00
474 476  0  5 1.00
474 477  0  5 1.00
474 478  0  5 1.00
474 567  0  5 1.00
475 476  0  5 1.00
475 477  0  5 1.00
475 478  0  5 1.00
475 479  0  5 1.00
476 477  0  5 1.00
476 478  0  5 1.00
476 479  0  5 1.00
476 480  0  5 1.00
477 478  0  5 1.00
477 479  0  5 1.00
477 480  0  5 1.00
477 481  0  5 1.00
478 479  0  5 1.00
478 480  0  5 1.00
478 481  0  5 1.00
478 482  0  5 1.00
479 480  0  5 1.00
479 481  0  5 1.00
479 482  0  5 1.00
479 483  0  5 1.00
480 481  0  5 1.00
480 482  0  5 1.00
480 483  0  5 1.00
480 484  0  5 1.00
480 485  0  5 1.00
481 482  0  5 1.00
481 483  0  5 1.00
481 484  0  5 1.00
481 485  0  5 1.00
482 483  0  5 1.00
482 484  0  5 1.00
482 485  0  5 1.00
482 486  0  5 1.00
483 484  0  5 1.00
483 485  0  5 1.00
483 486  0  5 1.00
484 485  0  5 1.00
484 486  0  5 1.00
485 486  0  5 1.00
485 487  0  5 1.00
485 488  0  5 1.00
485 489  0  5 1.00
486 487  0  5 1.00
486 488  0  5 1.00
486 489  0  5 1.00
486 490  0  5 1.00
487 488  0  5 1.00
487 489  0  5 1.00
487 490  0  5 1.00
487 491  0  5 1.00
488 489  0  5 1.00
488 490  0  5 1.00
488 491  0  5 1.00
488 492  0  5 1.00
489 490  0  5 1.00
489 491  0  5 1.00
489 492  0  5 1.00
489 493  0  5 1.00
489 515  0  5 1.00
490 491  0  5 1.00
490 492  0  5 1.00
490 493  0  5 1.00
490 494  0  5 1.00
491 492  0  5 1.00
491 493  0  5 1.00
491 494  0  5 1.00
491 495  0  5 1.00
492 493  0  5 1.00
492 494  0  5 1.00
492 495  0  5 1.00
493 494  0  5 1.00
493 495  0  5 1.00
494 495  0  5 1.00
494 496  0  5 1.00
494 497  0  5 1.00
494 498  0  5 1.00
494 499  0  5 1.00
495 496  0  5 1.00
495 497  0  5 1.00
495 499  0  5 1.00
495 500  0  5 1.00
496 497  0  5 1.00
496 498  0  5 1.00
496 499  0  5 1.00
497 498  0  5 1.00
497 499  0  5 1.00
497 500  0  5 1.00
498 499  0  5 1.00
498 500  0  5 1.00
498 501  0  5 1.00
499 500  0  5 1.00
499 501  0  5 1.00
499 502  0  5 1.00
500 501  0  5 1.00
500 502  0  5 1.00
500 503  0  5 1.00
500 504  0  5 1.00
501 502  0  5 1.00
501 503  0  5 1.00
501 504  0  5 1.00
501 505  0  5 1.00
502 503  0  5 1.00
502 504  0  5 1.00
502 505  0  5 1.00
502 508  0  5 1.00
503 504  0  5 1.00
503 505  0  5 1.00
503 508  0  5 1.00
504 505  0  5 1.00
504 506  0  5 1.00
505 506  0  5 1.00
505 507  0  5 1.00
505 508  0  5 1.00
506 507  0  5 1.00
506 508  0  5 1.00
507 508  0  5 1.00
507 509  0  5 1.00
507 510  0  5 1.00
507 511  0  5 1.00
507 512  0  5 1.00
508 509  0  5 1.00
508 510  0  5 1.00
508 511  0  5 1.00
508 512  0  5 1.00
508 513  0  5 1.00
509 510  0  5 1.00
509 511  0  5 1.00
509 512  0  5 1.00
509 513  0  5 1.00
509 514  0  5 1.00
510 511  0  5 1.00
510 512  0  5 1.00
510 513  0  5 1.00
510 514  0  5 1.00
511 512  0  5 1.00
511 513  0  5 1.00
511 514  0  5 1.00
511 515  0  5 1.00
512 513  0  5 1.00
512 514  0  5 1.00
512 515  0  5 1.00
512 516  0  5 1.00
513 514  0  5 1.00
513 515  0  5 1.00
513 516  0  5 1.00
513 517  0  5 1.00
514 515  0  5 1.00
514 516  0  5 1.00
514 517  0  5 1.00
514 518  0  5 1.00
514 519  0  5 1.00
515 516  0  5 1.00
515 517  0  5 1.00
515 518  0  5 1.00
515 519  0  5 1.00
515 520  0  5 1.00
516 517  0  5 1.00
516 518  0  5 1.00
516 519  0  5 1.00
516 520  0  5 1.00
517 518  0  5 1.00
517 519  0  5 1.00
517 520  0  5 1.00
517 521  0  5 1.00
518 519  0  5 1.00
518 520  0  5 1.00
518 521  0  5 1.00
518 522  0  5 1.00
519 520  0  5 1.00
519 521  0  5 1.00
519 522  0  5 1.00
519 523  0  5 1.00
520 521  0  5 1.00
520 522  0  5 1.00
520 523  0  5 1.00
520 524  0  5 1.00
520 525  0  5 1.00
521 522  0  5 1.00
521 523  0  5 1.00
521 524  0  5 1.00
521 525  0  5 1.00
521 526  0  5 1.00
522 523  0  5 1.00
522 524  0  5 1.00
522 525  0  5 1.00
523 524  0  5 1.00
523 525  0  5 1.00
524 525  0  5 1.00
524 526  0  5 1.00
524 527  0  5 1.00
524 528  0  5 1.00
525 526  0  5 1.00
525 527  0  5 1.00
525 528  0  5 1.00
526 527  0  5 1.00
526 528  0  5 1.00
527 528  0  5 1.00
527 529  0  5 1.00
528 529  0  5 1.00
528 530  0  5 1.00
529 530  0  5 1.00
529 531  0  5 1.00
530 531  0  5 1.00
530 532  0  5 1.00
530 817  0  5 1.00
531 532  0  5 1.00
531 533  0  5 1.00
531 817  0  5 1.00
532 533  0  5 1.00
532 534  0  5 1.00
532 816  0  5 1.00
532 817  0  5 1.00
532 818  0  5 1.00
533 534  0  5 1.00
533 535  0  5 1.00
533 816  0  5 1.00
534 535  0  5 1.00
534 536  0  5 1.00
534 814  0  5 1.00
534 815  0  5 1.00
534 816  0  5 1.00
535 536  0  5 1.00
535 537  0  5 1.00
535 814  0  5 1.00
535 815  0  5 1.00
536 537  0  5 1.00
536 538  0  5 1.00
536 813  0  5 1.00
536 814  0  5 1.00
537 538  0  5 1.00
537 539  0  5 1.00
538 539  0  5 1.00
538 540  0  5 1.00
539 540  0  5 1.00
539 541  0  5 1.00
539 559  0  5 1.00
540 541  0  5 1.00
540 542  0  5 1.00
540 543  0  5 1.00
540 544  0  5 1.00
541 542  0  5 1.00
541 543  0  5 1.00
541 544  0  5 1.00
542 543  0  5 1.00
542 544  0  5 1.00
542 545  0  5 1.00
542 546  0  5 1.00
542 547  0  5 1.00
543 544  0  5 1.00
543 545  0  5 1.00
543 546  0  5 1.00
543 547  0  5 1.00
544 545  0  5 1.00
544 546  0  5 1.00
544 547  0  5 1.00
544 548  0  5 1.00
544 549  0  5 1.00
545 546  0  5 1.00
545 547  0  5 1.00
545 548  0  5 1.00
545 549  0  5 1.00
545 550  0  5 1.00
546 547  0  5 1.00
546 548  0  5 1.00
546 549  0  5 1.00
546 550  0  5 1.00
546 551  0  5 1.00
547 548  0  5 1.00
547 549  0  5 1.00
547 550  0  5 1.00
547 551  0  5 1.00
547 552  0  5 1.00
548 549  0  5 1.00
548 550  0  5 1.00
548 551  0  5 1.00
549 550  0  5 1.00
549 551  0  5 1.00
550 551  0  5 1.00
550 552  0  5 1.00
550 866  0  5 1.00
550 867  0  5 1.00
550 868  0  5 1.00
551 552  0  5 1.00
551 553  0  5 1.00
551 867  0  5 1.00
551 868  0  5 1.00
551 869  0  5 1.00
551 870  0  5 1.00
552 553  0  5 1.00
552 554  0  5 1.00
552 555  0  5 1.00
552 556  0  5 1.00
552 868  0  5 1.00
552 869  0  5 1.00
553 554  0  5 1.00
553 555  0  5 1.00
553 556  0  5 1.00
553 557  0  5 1.00
553 558  0  5 1.00
553 869  0  5 1.00
553 870  0  5 1.00
554 555  0  5 1.00
554 556  0  5 1.00
554 557  0  5 1.00
554 558  0  5 1.00
554 688  0  5 1.00
555 556  0  5 1.00
555 557  0  5 1.00
555 558  0  5 1.00
555 559  0  5 1.00
555 688  0  5 1.00
555 689  0  5 1.00
556 557  0  5 1.00
556 558  0  5 1.00
556 559  0  5 1.00
556 560  0  5 1.00
556 561  0  5 1.00
556 562  0  5 1.00
556 563  0  5 1.00
557 558  0  5 1.00
557 559  0  5 1.00
557 560  0  5 1.00
557 563  0  5 1.00
558 559  0  5 1.00
558 560  0  5 1.00
558 568  0  5 1.00
558 569  0  5 1.00
558 570  0  5 1.00
559 560  0  5 1.00
559 561  0  5 1.00
559 568  0  5 1.00
560 561  0  5 1.00
560 562  0  5 1.00
560 563  0  5 1.00
560 568  0  5 1.00
561 562  0  5 1.00
561 563  0  5 1.00
561 876  0  5 1.00
562 563  0  5 1.00
562 564  0  5 1.00
562 875  0  5 1.00
562 876  0  5 1.00
562 877  0  5 1.00
563 564  0  5 1.00
563 565  0  5 1.00
563 875  0  5 1.00
563 876  0  5 1.00
564 565  0  5 1.00
564 566  0  5 1.00
564 875  0  5 1.00
565 566  0  5 1.00
565 567  0  5 1.00
566 567  0  5 1.00
566 568  0  5 1.00
567 568  0  5 1.00
567 569  0  5 1.00
568 569  0  5 1.00
568 570  0  5 1.00
569 570  0  5 1.00
569 571  0  5 1.00
569 572  0  5 1.00
569 573  0  5 1.00
570 571  0  5 1.00
570 572  0  5 1.00
570 573  0  5 1.00
570 574  0  5 1.00
570 575  0  5 1.00
571 572  0  5 1.00
571 573  0  5 1.00
571 574  0  5 1.00
571 575  0  5 1.00
571 627  0  5 1.00
571 630  0  5 1.00
571 631  0  5 1.00
572 573  0  5 1.00
572 574  0  5 1.00
572 575  0  5 1.00
572 576  0  5 1.00
572 627  0  5 1.00
573 574  0  5 1.00
573 575  0  5 1.00
573 576  0  5 1.00
573 577  0  5 1.00
574 575  0  5 1.00
574 576  0  5 1.00
574 577  0  5 1.00
574 578  0  5 1.00
575 576  0  5 1.00
575 577  0  5 1.00
575 578  0  5 1.00
575 579  0  5 1.00
575 580  0  5 1.00
575 626  0  5 1.00
576 577  0  5 1.00
576 578  0  5 1.00
576 579  0  5 1.00
576 580  0  5 1.00
576 581  0  5 1.00
577 578  0  5 1.00
577 579  0  5 1.00
577 580  0  5 1.00
577 581  0  5 1.00
578 579  0  5 1.00
578 580  0  5 1.00
578 581  0  5 1.00
578 582  0  5 1.00
578 680  0  5 1.00
579 580  0  5 1.00
579 581  0  5 1.00
579 582  0  5 1.00
579 583  0  5 1.00
579 584  0  5 1.00
580 581  0  5 1.00
580 582  0  5 1.00
580 583  0  5 1.00
580 584  0  5 1.00
581 582  0  5 1.00
581 583  0  5 1.00
581 584  0  5 1.00
581 585  0  5 1.00
581 586  0  5 1.00
582 583  0  5 1.00
582 584  0  5 1.00
582 585  0  5 1.00
582 586  0  5 1.00
582 587  0  5 1.00
582 617  0  5 1.00
583 584  0  5 1.00
583 585  0  5 1.00
583 586  0  5 1.00
583 587  0  5 1.00
583 588  0  5 1.00
584 585  0  5 1.00
584 586  0  5 1.00
584 588  0  5 1.00
585 586  0  5 1.00
585 587  0  5 1.00
585 588  0  5 1.00
585 589  0  5 1.00
586 587  0  5 1.00
586 588  0  5 1.00
586 589  0  5 1.00
586 614  0  5 1.00
586 615  0  5 1.00
587 588  0  5 1.00
587 589  0  5 1.00
587 614  0  5 1.00
588 589  0  5 1.00
612 613  0  5 1.00
612 614  0  5 1.00
613 614  0  5 1.00
613 615  0  5 1.00
613 616  0  5 1.00
614 615  0  5 1.00
614 616  0  5 1.00
614 617  0  5 1.00
615 616  0  5 1.00
615 617  0  5 1.00
615 618  0  5 1.00
615 619  0  5 1.00
616 617  0  5 1.00
616 618  0  5 1.00
616 619  0  5 1.00
616 620  0  5 1.00
616 621  0  5 1.00
617 618  0  5 1.00
617 619  0  5 1.00
617 620  0  5 1.00
617 621  0  5 1.00
618 619  0  5 1.00
618 620  0  5 1.00
618 621  0  5 1.00
618 622  0  5 1.00
618 623  0  5 1.00
619 620  0  5 1.00
619 621  0  5 1.00
619 622  0  5 1.00
619 623  0  5 1.00
619 666  0  5 1.00
620 621  0  5 1.00
620 622  0  5 1.00
620 623  0  5 1.00
620 624  0  5 1.00
620 625  0  5 1.00
621 622  0  5 1.00
621 623  0  5 1.00
621 624  0  5 1.00
622 623  0  5 1.00
622 624  0  5 1.00
623 624  0  5 1.00
623 625  0  5 1.00
624 625  0  5 1.00
624 626  0  5 1.00
625 626  0  5 1.00
625 627  0  5 1.00
626 627  0  5 1.00
626 628  0  5 1.00
626 629  0  5 1.00
626 630  0  5 1.00
627 628  0  5 1.00
627 629  0  5 1.00
627 630  0  5 1.00
627 631  0  5 1.00
628 629  0  5 1.00
628 630  0  5 1.00
629 630  0  5 1.00
629 631  0  5 1.00
629 632  0  5 1.00
630 631  0  5 1.00
630 632  0  5 1.00
631 632  0  5 1.00
631 633  0  5 1.00
631 634  0  5 1.00
631 635  0  5 1.00
632 633  0  5 1.00
632 634  0  5 1.00
632 635  0  5 1.00
632 636  0  5 1.00
633 634  0  5 1.00
633 635  0  5 1.00
633 636  0  5 1.00
633 637  0  5 1.00
634 635  0  5 1.00
634 636  0  5 1.00
634 637  0  5 1.00
635 636  0  5 1.00
635 637  0  5 1.00
636 637  0  5 1.00
636 638  0  5 1.00
636 639  0  5 1.00
636 640  0  5 1.00
636 641  0  5 1.00
637 638  0  5 1.00
637 639  0  5 1.00
637 640  0  5 1.00
638 639  0  5 1.00
638 640  0  5 1.00
638 641  0  5 1.00
638 780  0  5 1.00
639 640  0  5 1.00
639 641  0  5 1.00
639 780  0  5 1.00
640 641  0  5 1.00
640 642  0  5 1.00
641 642  0  5 1.00
641 643  0  5 1.00
641 644  0  5 1.00
641 645  0  5 1.00
641 646  0  5 1.00
642 643  0  5 1.00
642 644  0  5 1.00
642 645  0  5 1.00
642 646  0  5 1.00
643 644  0  5 1.00
643 645  0  5 1.00
643 646  0  5 1.00
643 647  0  5 1.00
643 678  0  5 1.00
644 645  0  5 1.00
644 646  0  5 1.00
644 647  0  5 1.00
644 648  0  5 1.00
645 646  0  5 1.00
645 647  0  5 1.00
645 648  0  5 1.00
645 649  0  5 1.00
646 647  0  5 1.00
646 648  0  5 1.00
646 649  0  5 1.00
646 650  0  5 1.00
646 651  0  5 1.00
646 678  0  5 1.00
647 648  0  5 1.00
647 649  0  5 1.00
647 650  0  5 1.00
647 651  0  5 1.00
647 652  0  5 1.00
647 674  0  5 1.00
647 675  0  5 1.00
647 678  0  5 1.00
648 649  0  5 1.00
648 650  0  5 1.00
648 651  0  5 1.00
648 652  0  5 1.00
648 653  0  5 1.00
649 650  0  5 1.00
649 651  0  5 1.00
649 652  0  5 1.00
649 653  0  5 1.00
649 654  0  5 1.00
650 651  0  5 1.00
650 652  0  5 1.00
650 653  0  5 1.00
650 654  0  5 1.00
650 655  0  5 1.00
651 652  0  5 1.00
651 653  0  5 1.00
651 654  0  5 1.00
651 655  0  5 1.00
651 656  0  5 1.00
651 674  0  5 1.00
652 653  0  5 1.00
652 654  0  5 1.00
653 654  0  5 1.00
653 655  0  5 1.00
653 657  0  5 1.00
654 655  0  5 1.00
654 656  0  5 1.00
654 657  0  5 1.00
654 658  0  5 1.00
655 656  0  5 1.00
655 657  0  5 1.00
655 658  0  5 1.00
655 659  0  5 1.00
656 657  0  5 1.00
656 658  0  5 1.00
656 659  0  5 1.00
656 660  0  5 1.00
657 658  0  5 1.00
657 659  0  5 1.00
657 660  0  5 1.00
657 661  0  5 1.00
658 659  0  5 1.00
658 660  0  5 1.00
658 661  0  5 1.00
658 662  0  5 1.00
658 663  0  5 1.00
658 664  0  5 1.00
659 660  0  5 1.00
659 661  0  5 1.00
659 662  0  5 1.00
659 663  0  5 1.00
659 664  0  5 1.00
660 661  0  5 1.00
660 662  0  5 1.00
661 662  0  5 1.00
661 663  0  5 1.00
662 663  0  5 1.00
662 664  0  5 1.00
663 664  0  5 1.00
663 665  0  5 1.00
664 665  0  5 1.00
664 666  0  5 1.00
664 667  0  5 1.00
665 666  0  5 1.00
665 667  0  5 1.00
665 668  0  5 1.00
666 667  0  5 1.00
666 668  0  5 1.00
667 668  0  5 1.00
667 669  0  5 1.00
667 670  0  5 1.00
668 669  0  5 1.00
668 670  0  5 1.00
669 670  0  5 1.00
669 671  0  5 1.00
669 672  0  5 1.00
669 673  0  5 1.00
670 671  0  5 1.00
670 672  0  5 1.00
670 673  0  5 1.00
670 674  0  5 1.00
671 672  0  5 1.00
671 673  0  5 1.00
671 674  0  5 1.00
671 675  0  5 1.00
671 676  0  5 1.00
672 673  0  5 1.00
672 674  0  5 1.00
672 675  0  5 1.00
672 676  0  5 1.00
673 674  0  5 1.00
673 675  0  5 1.00
673 676  0  5 1.00
673 677  0  5 1.00
674 675  0  5 1.00
674 676  0  5 1.00
674 677  0  5 1.00
674 678  0  5 1.00
675 676  0  5 1.00
675 677  0  5 1.00
675 678  0  5 1.00
675 679  0  5 1.00
676 677  0  5 1.00
676 678  0  5 1.00
676 679  0  5 1.00
676 680  0  5 1.00
677 678  0  5 1.00
677 679  0  5 1.00
677 680  0  5 1.00
677 681  0  5 1.00
677 682  0  5 1.00
678 679  0  5 1.00
678 680  0  5 1.00
678 681  0  5 1.00
678 682  0  5 1.00
678 683  0  5 1.00
679 680  0  5 1.00
679 681  0  5 1.00
679 682  0  5 1.00
679 683  0  5 1.00
679 684  0  5 1.00
680 681  0  5 1.00
680 682  0  5 1.00
680 683  0  5 1.00
680 684  0  5 1.00
680 685  0  5 1.00
681 682  0  5 1.00
681 683  0  5 1.00
681 684  0  5 1.00
681 685  0  5 1.00
681 686  0  5 1.00
682 683  0  5 1.00
682 684  0  5 1.00
682 685  0  5 1.00
682 686  0  5 1.00
682 687  0  5 1.00
683 684  0  5 1.00
683 685  0  5 1.00
683 686  0  5 1.00
683 687  0  5 1.00
684 685  0  5 1.00
684 686  0  5 1.00
684 687  0  5 1.00
684 688  0  5 1.00
685 686  0  5 1.00
685 687  0  5 1.00
685 688  0  5 1.00
685 689  0  5 1.00
685 690  0  5 1.00
686 687  0  5 1.00
686 688  0  5 1.00
686 690  0  5 1.00
687 688  0  5 1.00
687 689  0  5 1.00
687 690  0  5 1.00
688 689  0  5 1.00
688 690  0  5 1.00
689 690  0  5 1.00
689 691  0  5 1.00
689 692  0  5 1.00
689 693  0  5 1.00
690 691  0  5 1.00
690 692  0  5 1.00
690 693  0  5 1.00
690 694  0  5 1.00
691 692  0  5 1.00
691 693  0  5 1.00
691 694  0  5 1.00
691 695  0  5 1.00
691 696  0  5 1.00
692 693  0  5 1.00
692 694  0  5 1.00
692 695  0  5 1.00
692 696  0  5 1.00
693 694  0  5 1.00
693 695  0  5 1.00
693 696  0  5 1.00
693 697  0  5 1.00
694 695  0  5 1.00
694 696  0  5 1.00
694 697  0  5 1.00
694 698  0  5 1.00
695 696  0  5 1.00
695 697  0  5 1.00
695 698  0  5 1.00
695 699  0  5 1.00
696 697  0  5 1.00
696 698  0  5 1.00
696 699  0  5 1.00
696 700  0  5 1.00
696 701  0  5 1.00
697 698  0  5 1.00
697 699  0  5 1.00
697 700  0  5 1.00
697 701  0  5 1.00
697 702  0  5 1.00
698 699  0  5 1.00
698 700  0  5 1.00
698 701  0  5 1.00
698 702  0  5 1.00
699 700  0  5 1.00
699 701  0  5 1.00
699 702  0  5 1.00
699 703  0  5 1.00
700 701  0  5 1.00
700 702  0  5 1.00
700 703  0  5 1.00
700 704  0  5 1.00
701 702  0  5 1.00
701 703  0  5 1.00
701 704  0  5 1.00
701 705  0  5 1.00
702 703  0  5 1.00
702 704  0  5 1.00
702 705  0  5 1.00
702 706  0  5 1.00
702 707  0  5 1.00
703 704  0  5 1.00
703 705  0  5 1.00
703 706  0  5 1.00
703 707  0  5 1.00
703 708  0  5 1.00
703 775  0  5 1.00
704 705  0  5 1.00
704 706  0  5 1.00
704 707  0  5 1.00
704 708  0  5 1.00
705 706  0  5 1.00
705 707  0  5 1.00
705 708  0  5 1.00
706 707  0  5 1.00
706 708  0  5 1.00
706 723  0  5 1.00
706 724  0  5 1.00
707 708  0  5 1.00
707 709  0  5 1.00
707 722  0  5 1.00
708 709  0  5 1.00
708 710  0  5 1.00
708 720  0  5 1.00
708 721  0  5 1.00
708 722  0  5 1.00
709 710  0  5 1.00
709 711  0  5 1.00
709 720  0  5 1.00
710 711  0  5 1.00
710 712  0  5 1.00
710 719  0  5 1.00
710 720  0  5 1.00
711 712  0  5 1.00
711 713  0  5 1.00
712 713  0  5 1.00
712 714  0  5 1.00
712 715  0  5 1.00
712 718  0  5 1.00
713 714  0  5 1.00
713 715  0  5 1.00
714 715  0  5 1.00
714 716  0  5 1.00
715 716  0  5 1.00
715 717  0  5 1.00
716 717  0  5 1.00
716 718  0  5 1.00
717 718  0  5 1.00
717 719  0  5 1.00
718 719  0  5 1.00
718 720  0  5 1.00
719 720  0  5 1.00
719 721  0  5 1.00
720 721  0  5 1.00
720 722  0  5 1.00
721 722  0  5 1.00
721 723  0  5 1.00
722 723  0  5 1.00
722 724  0  5 1.00
723 724  0  5 1.00
723 725  0  5 1.00
724 725  0  5 1.00
724 726  0  5 1.00
724 737  0  5 1.00
724 738  0  5 1.00
725 726  0  5 1.00
725 727  0  5 1.00
725 735  0  5 1.00
725 736  0  5 1.00
725 737  0  5 1.00
726 727  0  5 1.00
726 728  0  5 1.00
726 735  0  5 1.00
726 736  0  5 1.00
726 737  0  5 1.00
727 728  0  5 1.00
727 729  0  5 1.00
727 733  0  5 1.00
727 734  0  5 1.00
727 735  0  5 1.00
728 729  0  5 1.00
728 730  0  5 1.00
728 733  0  5 1.00
728 734  0  5 1.00
728 735  0  5 1.00
729 730  0  5 1.00
729 731  0  5 1.00
729 732  0  5 1.00
729 733  0  5 1.00
730 731  0  5 1.00
730 732  0  5 1.00
731 732  0  5 1.00
731 733  0  5 1.00
732 733  0  5 1.00
732 734  0  5 1.00
733 734  0  5 1.00
733 735  0  5 1.00
734 735  0  5 1.00
734 736  0  5 1.00
735 736  0  5 1.00
735 737  0  5 1.00
736 737  0  5 1.00
736 738  0  5 1.00
737 738  0  5 1.00
737 739  0  5 1.00
738 739  0  5 1.00
738 740  0  5 1.00
739 740  0  5 1.00
739 741  0  5 1.00
739 768  0  5 1.00
739 769  0  5 1.00
739 770  0  5 1.00
740 741  0  5 1.00
740 742  0  5 1.00
740 768  0  5 1.00
740 769  0  5 1.00
740 770  0  5 1.00
741 742  0  5 1.00
741 743  0  5 1.00
741 767  0  5 1.00
741 768  0  5 1.00
741 769  0  5 1.00
741 770  0  5 1.00
742 743  0  5 1.00
742 744  0  5 1.00
743 744  0  5 1.00
743 745  0  5 1.00
743 763  0  5 1.00
743 764  0  5 1.00
743 765  0  5 1.00
744 745  0  5 1.00
744 746  0  5 1.00
744 761  0  5 1.00
744 763  0  5 1.00
744 764  0  5 1.00
745 746  0  5 1.00
745 747  0  5 1.00
745 761  0  5 1.00
746 747  0  5 1.00
746 748  0  5 1.00
746 759  0  5 1.00
746 760  0  5 1.00
746 761  0  5 1.00
747 748  0  5 1.00
747 749  0  5 1.00
747 757  0  5 1.00
747 758  0  5 1.00
747 759  0  5 1.00
747 760  0  5 1.00
747 761  0  5 1.00
748 749  0  5 1.00
748 750  0  5 1.00
748 757  0  5 1.00
748 758  0  5 1.00
749 750  0  5 1.00
749 751  0  5 1.00
749 755  0  5 1.00
749 756  0  5 1.00
749 757  0  5 1.00
749 758  0  5 1.00
750 751  0  5 1.00
750 752  0  5 1.00
750 753  0  5 1.00
750 754  0  5 1.00
750 755  0  5 1.00
750 756  0  5 1.00
750 757  0  5 1.00
751 752  0  5 1.00
751 753  0  5 1.00
751 754  0  5 1.00
751 755  0  5 1.00
752 753  0  5 1.00
752 754  0  5 1.00
753 754  0  5 1.00
753 755  0  5 1.00
754 755  0  5 1.00
754 756  0  5 1.00
755 756  0  5 1.00
755 757  0  5 1.00
756 757  0  5 1.00
756 758  0  5 1.00
757 758  0  5 1.00
757 759  0  5 1.00
758 759  0  5 1.00
758 760  0  5 1.00
759 760  0  5 1.00
759 761  0  5 1.00
760 761  0  5 1.00
760 762  0  5 1.00
761 762  0  5 1.00
761 763  0  5 1.00
761 764  0  5 1.00
762 763  0  5 1.00
762 764  0  5 1.00
763 764  0  5 1.00
763 765  0  5 1.00
764 765  0  5 1.00
764 766  0  5 1.00
765 766  0  5 1.00
765 767  0  5 1.00
766 767  0  5 1.00
766 768  0  5 1.00
767 768  0  5 1.00
767 769  0  5 1.00
768 769  0  5 1.00
768 770  0  5 1.00
769 770  0  5 1.00
769 771  0  5 1.00
770 771  0  5 1.00
770 772  0  5 1.00
770 773  0  5 1.00
770 774  0  5 1.00
771 772  0  5 1.00
771 773  0  5 1.00
771 774  0  5 1.00
771 775  0  5 1.00
772 773  0  5 1.00
772 774  0  5 1.00
772 775  0  5 1.00
772 776  0  5 1.00
772 777  0  5 1.00
773 774  0  5 1.00
773 775  0  5 1.00
773 776  0  5 1.00
773 777  0  5 1.00
773 778  0  5 1.00
774 775  0  5 1.00
774 776  0  5 1.00
774 777  0  5 1.00
774 778  0  5 1.00
775 776  0  5 1.00
775 777  0  5 1.00
775 778  0  5 1.00
775 779  0  5 1.00
776 777  0  5 1.00
776 778  0  5 1.00
777 778  0  5 1.00
777 779  0  5 1.00
777 780  0  5 1.00
777 781  0  5 1.00
777 782  0  5 1.00
778 779  0  5 1.00
778 780  0  5 1.00
778 781  0  5 1.00
778 782  0  5 1.00
779 780  0  5 1.00
779 781  0  5 1.00
779 782  0  5 1.00
779 783  0  5 1.00
780 781  0  5 1.00
780 782  0  5 1.00
780 783  0  5 1.00
780 784  0  5 1.00
780 785  0  5 1.00
781 782  0  5 1.00
781 783  0  5 1.00
781 784  0  5 1.00
781 785  0  5 1.00
782 783  0  5 1.00
782 784  0  5 1.00
782 785  0  5 1.00
782 786  0  5 1.00
783 784  0  5 1.00
783 785  0  5 1.00
783 786  0  5 1.00
783 787  0  5 1.00
784 785  0  5 1.00
784 786  0  5 1.00
784 787  0  5 1.00
784 788  0  5 1.00
785 786  0  5 1.00
785 787  0  5 1.00
785 788  0  5 1.00
785 789  0  5 1.00
786 787  0  5 1.00
786 788  0  5 1.00
786 789  0  5 1.00
786 790  0  5 1.00
786 791  0  5 1.00
787 788  0  5 1.00
787 789  0  5 1.00
787 790  0  5 1.00
787 791  0  5 1.00
788 789  0  5 1.00
788 790  0  5 1.00
788 791  0  5 1.00
788 792  0  5 1.00
789 790  0  5 1.00
789 791  0  5 1.00
789 792  0  5 1.00
789 793  0  5 1.00
790 791  0  5 1.00
790 792  0  5 1.00
790 793  0  5 1.00
790 794  0  5 1.00
790 795  0  5 1.00
791 792  0  5 1.00
791 793  0  5 1.00
791 794  0  5 1.00
791 795  0  5 1.00
791 796  0  5 1.00
792 793  0  5 1.00
792 794  0  5 1.00
792 795  0  5 1.00
792 796  0  5 1.00
793 794  0  5 1.00
793 795  0  5 1.00
793 796  0  5 1.00
793 797  0  5 1.00
794 795  0  5 1.00
794 796  0  5 1.00
794 797  0  5 1.00
794 798  0  5 1.00
794 799  0  5 1.00
795 796  0  5 1.00
795 797  0  5 1.00
795 798  0  5 1.00
795 799  0  5 1.00
796 797  0  5 1.00
796 798  0  5 1.00
796 799  0  5 1.00
796 800  0  5 1.00
796 801  0  5 1.00
797 798  0  5 1.00
797 799  0  5 1.00
797 800  0  5 1.00
797 801  0  5 1.00
797 802  0  5 1.00
798 799  0  5 1.00
798 800  0  5 1.00
798 801  0  5 1.00
798 802  0  5 1.00
798 803  0  5 1.00
798 804  0  5 1.00
799 800  0  5 1.00
799 801  0  5 1.00
799 802  0  5 1.00
799 803  0  5 1.00
799 804  0  5 1.00
800 801  0  5 1.00
800 802  0  5 1.00
800 803  0  5 1.00
801 802  0  5 1.00
801 803  0  5 1.00
802 803  0  5 1.00
802 804  0  5 1.00
803 804  0  5 1.00
803 805  0  5 1.00
804 805  0  5 1.00
804 806  0  5 1.00
805 806  0  5 1.00
805 807  0  5 1.00
806 807  0  5 1.00
806 808  0  5 1.00
806 815  0  5 1.00
806 816  0  5 1.00
807 808  0  5 1.00
807 809  0  5 1.00
807 815  0  5 1.00
808 809  0  5 1.00
808 810  0  5 1.00
808 813  0  5 1.00
808 814  0  5 1.00
808 815  0  5 1.00
809 810  0  5 1.00
809 811  0  5 1.00
809 813  0  5 1.00
809 814  0  5 1.00
810 811  0  5 1.00
810 812  0  5 1.00
810 813  0  5 1.00
810 814  0  5 1.00
811 812  0  5 1.00
811 813  0  5 1.00
812 813  0  5 1.00
812 814  0  5 1.00
813 814  0  5 1.00
813 815  0  5 1.00
814 815  0  5 1.00
814 816  0  5 1.00
815 816  0  5 1.00
815 817  0  5 1.00
816 817  0  5 1.00
816 818  0  5 1.00
817 818  0  5 1.00
817 819  0  5 1.00
817 820  0  5 1.00
817 821  0  5 1.00
818 819  0  5 1.00
818 820  0  5 1.00
818 821  0  5 1.00
818 822  0  5 1.00
819 820  0  5 1.00
819 821  0  5 1.00
819 822  0  5 1.00
820 821  0  5 1.00
820 822  0  5 1.00
820 823  0  5 1.00
820 824  0  5 1.00
821 822  0  5 1.00
821 823  0  5 1.00
821 824  0  5 1.00
821 825  0  5 1.00
822 823  0  5 1.00
822 824  0  5 1.00
822 825  0  5 1.00
822 826  0  5 1.00
823 824  0  5 1.00
823 825  0  5 1.00
823 826  0  5 1.00
823 827  0  5 1.00
823 828  0  5 1.00
824 825  0  5 1.00
824 826  0  5 1.00
824 827  0  5 1.00
824 828  0  5 1.00
824 829  0  5 1.00
825 826  0  5 1.00
825 827  0  5 1.00
825 828  0  5 1.00
825 829  0  5 1.00
825 830  0  5 1.00
826 827  0  5 1.00
826 828  0  5 1.00
826 829  0  5 1.00
826 830  0  5 1.00
826 831  0  5 1.00
827 828  0  5 1.00
827 829  0  5 1.00
827 830  0  5 1.00
827 831  0  5 1.00
828 829  0  5 1.00
828 830  0  5 1.00
828 831  0  5 1.00
828 832  0  5 1.00
829 830  0  5 1.00
829 831  0  5 1.00
829 832  0  5 1.00
829 833  0  5 1.00
830 831  0  5 1.00
830 832  0  5 1.00
830 833  0  5 1.00
830 834  0  5 1.00
831 832  0  5 1.00
831 833  0  5 1.00
831 834  0  5 1.00
831 835  0  5 1.00
832 833  0  5 1.00
832 834  0  5 1.00
832 835  0  5 1.00
832 836  0  5 1.00
833 834  0  5 1.00
833 835  0  5 1.00
833 836  0  5 1.00
833 837  0  5 1.00
833 838  0  5 1.00
834 835  0  5 1.00
834 836  0  5 1.00
834 837  0  5 1.00
834 838  0  5 1.00
835 836  0  5 1.00
835 837  0  5 1.00
835 838  0  5 1.00
835 839  0  5 1.00
836 837  0  5 1.00
836 838  0  5 1.00
836 839  0  5 1.00
837 838  0  5 1.00
837 839  0  5 1.00
838 839  0  5 1.00
838 840  0  5 1.00
839 840  0  5 1.00
839 841  0  5 1.00
840 841  0  5 1.00
840 842  0  5 1.00
840 843  0  5 1.00
840 844  0  5 1.00
841 842  0  5 1.00
841 843  0  5 1.00
841 844  0  5 1.00
841 845  0  5 1.00
841 846  0  5 1.00
842 843  0  5 1.00
842 844  0  5 1.00
842 845  0  5 1.00
842 846  0  5 1.00
843 844  0  5 1.00
843 845  0  5 1.00
843 846  0  5 1.00
843 847  0  5 1.00
844 845  0  5 1.00
844 846  0  5 1.00
844 847  0  5 1.00
844 848  0  5 1.00
845 846  0  5 1.00
845 847  0  5 1.00
845 848  0  5 1.00
845 849  0  5 1.00
845 850  0  5 1.00
846 847  0  5 1.00
846 848  0  5 1.00
846 849  0  5 1.00
846 850  0  5 1.00
846 851  0  5 1.00
847 848  0  5 1.00
847 849  0  5 1.00
847 850  0  5 1.00
847 851  0  5 1.00
848 849  0  5 1.00
848 850  0  5 1.00
848 851  0  5 1.00
848 852  0  5 1.00
849 850  0  5 1.00
849 851  0  5 1.00
849 852  0  5 1.00
849 853  0  5 1.00
850 851  0  5 1.00
850 852  0  5 1.00
850 853  0  5 1.00
851 852  0  5 1.00
851 853  0  5 1.00
852 853  0  5 1.00
852 854  0  5 1.00
853 854  0  5 1.00
853 855  0  5 1.00
854 855  0  5 1.00
854 856  0  5 1.00
854 857  0  5 1.00
854 858  0  5 1.00
854 859  0  5 1.00
855 856  0  5 1.00
855 857  0  5 1.00
856 857  0  5 1.00
856 858  0  5 1.00
856 859  0  5 1.00
856 860  0  5 1.00
857 858  0  5 1.00
857 859  0  5 1.00
857 860  0  5 1.00
858 859  0  5 1.00
858 860  0  5 1.00
858 861  0  5 1.00
859 860  0  5 1.00
859 861  0  5 1.00
860 861  0  5 1.00
860 862  0  5 1.00
861 862  0  5 1.00
861 863  0  5 1.00
862 863  0  5 1.00
862 864  0  5 1.00
863 864  0  5 1.00
863 865  0  5 1.00
864 865  0  5 1.00
864 866  0  5 1.00
865 866  0  5 1.00
865 867  0  5 1.00
866 867  0  5 1.00
866 868  0  5 1.00
867 868  0  5 1.00
867 869  0  5 1.00
868 869  0  5 1.00
868 870  0  5 1.00
869 870  0  5 1.00
869 871  0  5 1.00
870 871  0  5 1.00
870 872  0  5 1.00
870 873  0  5 1.00
871 872  0  5 1.00
871 873  0  5 1.00
871 874  0  5 1.00
871 875  0  5 1.00
872 873  0  5 1.00
872 874  0  5 1.00
872 875  0  5 1.00
872 876  0  5 1.00
873 874  0  5 1.00
873 875  0  5 1.00
873 876  0  5 1.00
873 877  0  5 1.00
874 875  0  5 1.00
874 876  0  5 1.00
874 877  0  5 1.00
874 879  0  5 1.00
875 876  0  5 1.00
875 877  0  5 1.00
876 877  0  5 1.00
876 878  0  5 1.00
877 878  0  5 1.00
877 879  0  5 1.00
878 879  0  5 1.00
END
HELX_P HELX_P1  1  GLU A 15  ? HIS A 27  ? GLU P 15   HIS P 27   1 ? 13 
HELX_P HELX_P2  2  GLU A 30  ? SER A 43  ? GLU P 30   SER P 43   1 ? 14 
HELX_P HELX_P3  3  GLU A 48  ? GLN A 58  ? GLU P 48   GLN P 58   1 ? 11 
HELX_P HELX_P4  4  LEU A 77  ? VAL A 92  ? LEU P 77   VAL P 92   1 ? 16 
HELX_P HELX_P5  5  PHE A 103 ? GLN A 107 ? PHE P 103  GLN P 107  1 ? 5  
HELX_P HELX_P6  6  PRO A 111 ? THR A 127 ? PRO P 111  THR P 127  1 ? 17 
HELX_P HELX_P7  7  VAL A 134 ? LYS A 160 ? VAL P 134  LYS P 160  1 ? 27 
HELX_P HELX_P8  8  LYS A 206 ? SER A 223 ? LYS P 206  SER P 223  1 ? 18 
HELX_P HELX_P9  9  PRO A 248 ? THR A 256 ? PRO P 248  THR P 256  1 ? 9  
HELX_P HELX_P10 10 ALA A 260 ? GLY A 263 ? ALA P 260  GLY P 263  5 ? 4  
HELX_P HELX_P11 11 LYS A 302 ? ARG A 307 ? LYS P 302  ARG P 307  1 ? 6  
HELX_P HELX_P12 12 PRO A 314 ? ASN A 325 ? PRO P 314  ASN P 325  1 ? 12 
HELX_P HELX_P13 13 LYS A 332 ? ILE A 341 ? LYS P 332  ILE P 341  1 ? 10 
HELX_P HELX_P14 14 LYS A 389 ? LYS A 407 ? LYS P 389  LYS P 407  1 ? 19 
HELX_P HELX_P15 15 ASP A 438 ? LEU A 443 ? ASP P 438  LEU P 443  1 ? 6  
HELX_P HELX_P16 16 GLY A 453 ? ALA A 468 ? GLY P 453  ALA P 468  1 ? 16 
HELX_P HELX_P17 17 PHE A 475 ? ALA A 491 ? PHE P 475  ALA P 491  1 ? 17 
HELX_P HELX_P18 18 TRP A 502 ? GLU A 504 ? TRP P 502  GLU P 504  5 ? 3  
HELX_P HELX_P19 19 PHE A 509 ? HIS A 524 ? PHE P 509  HIS P 524  1 ? 16 
HELX_P HELX_P20 20 HIS A 545 ? LEU A 550 ? HIS P 545  LEU P 550  1 ? 6  
HELX_P HELX_P21 21 GLU A 553 ? VAL A 559 ? GLU P 553  VAL P 559  1 ? 7  
HELX_P HELX_P22 22 ILE A 570 ? ALA A 586 ? ILE P 570  ALA P 586  1 ? 17 
HELX_P HELX_P23 23 GLN A 619 ? TYR A 623 ? GLN P 619  TYR P 623  1 ? 5  
HELX_P HELX_P24 24 GLU A 643 ? ASP A 653 ? GLU P 643  ASP P 653  5 ? 11 
HELX_P HELX_P25 25 GLN A 656 ? ILE A 659 ? GLN P 656  ILE P 659  1 ? 4  
HELX_P HELX_P26 26 ASN A 671 ? THR A 688 ? ASN P 671  THR P 688  1 ? 18 
HELX_P HELX_P27 27 VAL A 690 ? LEU A 706 ? VAL P 690  LEU P 706  1 ? 17 
HELX_P HELX_P28 28 ALA A 771 ? SER A 776 ? ALA P 771  SER P 776  1 ? 6  
HELX_P HELX_P29 29 ILE A 778 ? TRP A 797 ? ILE P 778  TRP P 797  1 ? 20 
HELX_P HELX_P30 30 PRO A 818 ? GLU A 837 ? PRO P 818  GLU P 837  1 ? 20 
HELX_P HELX_P31 31 VAL A 841 ? GLN A 852 ? VAL P 841  GLN P 852  1 ? 12 
HELX_P HELX_P32 32 ARG A 873 ? ILE A 875 ? ARG P 873  ILE P 875  5 ? 3  