1uwu 489
  1   2  0  5 1.00
  1   3  0  5 1.00
  1 471  0  5 1.00
  1 472  0  5 1.00
  1 473  0  5 1.00
  2   3  0  5 1.00
  2   4  0  5 1.00
  2 469  0  5 1.00
  2 470  0  5 1.00
  2 471  0  5 1.00
  3   4  0  5 1.00
  3   5  0  5 1.00
  3 469  0  5 1.00
  3 470  0  5 1.00
  4   5  0  5 1.00
  4   6  0  5 1.00
  4 469  0  5 1.00
  4 470  0  5 1.00
  5   6  0  5 1.00
  5   7  0  5 1.00
  5   8  0  5 1.00
  6   7  0  5 1.00
  6   8  0  5 1.00
  7   8  0  5 1.00
  7   9  0  5 1.00
  7 420  0  5 1.00
  8   9  0  5 1.00
  8  10  0  5 1.00
  8 420  0  5 1.00
  9  10  0  5 1.00
  9  11  0  5 1.00
  9 420  0  5 1.00
  9 421  0  5 1.00
  9 422  0  5 1.00
 10  11  0  5 1.00
 10  12  0  5 1.00
 10  74  0  5 1.00
 10  75  0  5 1.00
 10  76  0  5 1.00
 10  77  0  5 1.00
 10 422  0  5 1.00
 11  12  0  5 1.00
 11  13  0  5 1.00
 11  75  0  5 1.00
 11  76  0  5 1.00
 11  77  0  5 1.00
 11 422  0  5 1.00
 11 423  0  5 1.00
 11 424  0  5 1.00
 12  13  0  5 1.00
 12  14  0  5 1.00
 12  77  0  5 1.00
 12  78  0  5 1.00
 12  79  0  5 1.00
 12 422  0  5 1.00
 12 423  0  5 1.00
 12 424  0  5 1.00
 13  14  0  5 1.00
 13  15  0  5 1.00
 13  79  0  5 1.00
 13 386  0  5 1.00
 13 423  0  5 1.00
 13 424  0  5 1.00
 13 425  0  5 1.00
 13 426  0  5 1.00
 13 427  0  5 1.00
 14  15  0  5 1.00
 14  16  0  5 1.00
 14  79  0  5 1.00
 14  80  0  5 1.00
 14  81  0  5 1.00
 15  16  0  5 1.00
 15  17  0  5 1.00
 15  18  0  5 1.00
 15  19  0  5 1.00
 15  20  0  5 1.00
 16  17  0  5 1.00
 16  18  0  5 1.00
 16  19  0  5 1.00
 16  20  0  5 1.00
 16  21  0  5 1.00
 16  81  0  5 1.00
 17  18  0  5 1.00
 17  19  0  5 1.00
 17  20  0  5 1.00
 18  19  0  5 1.00
 18  20  0  5 1.00
 18 430  0  5 1.00
 18 431  0  5 1.00
 19  20  0  5 1.00
 19  21  0  5 1.00
 19  57  0  5 1.00
 19  58  0  5 1.00
 19  59  0  5 1.00
 19  60  0  5 1.00
 20  21  0  5 1.00
 20  22  0  5 1.00
 20  23  0  5 1.00
 20  58  0  5 1.00
 20  59  0  5 1.00
 20  60  0  5 1.00
 20  61  0  5 1.00
 21  22  0  5 1.00
 21  23  0  5 1.00
 21  26  0  5 1.00
 21  53  0  5 1.00
 21  54  0  5 1.00
 21  55  0  5 1.00
 21  56  0  5 1.00
 21  57  0  5 1.00
 21  58  0  5 1.00
 21  59  0  5 1.00
 22  23  0  5 1.00
 22  24  0  5 1.00
 22  53  0  5 1.00
 22  54  0  5 1.00
 22  55  0  5 1.00
 22  56  0  5 1.00
 22  57  0  5 1.00
 22  58  0  5 1.00
 23  24  0  5 1.00
 23  25  0  5 1.00
 23  26  0  5 1.00
 23  27  0  5 1.00
 23  58  0  5 1.00
 24  25  0  5 1.00
 24  26  0  5 1.00
 25  26  0  5 1.00
 25  27  0  5 1.00
 26  27  0  5 1.00
 26  28  0  5 1.00
 27  28  0  5 1.00
 27  29  0  5 1.00
 28  29  0  5 1.00
 28  30  0  5 1.00
 28  31  0  5 1.00
 29  30  0  5 1.00
 29  31  0  5 1.00
 29  35  0  5 1.00
 30  31  0  5 1.00
 30  32  0  5 1.00
 30  85  0  5 1.00
 30 153  0  5 1.00
 30 154  0  5 1.00
 30 155  0  5 1.00
 31  32  0  5 1.00
 31  33  0  5 1.00
 31  34  0  5 1.00
 31  35  0  5 1.00
 31  36  0  5 1.00
 31 153  0  5 1.00
 31 154  0  5 1.00
 31 155  0  5 1.00
 32  33  0  5 1.00
 32  34  0  5 1.00
 32  35  0  5 1.00
 32  36  0  5 1.00
 32 153  0  5 1.00
 32 154  0  5 1.00
 32 155  0  5 1.00
 32 158  0  5 1.00
 33  34  0  5 1.00
 33  35  0  5 1.00
 33  36  0  5 1.00
 33  37  0  5 1.00
 33  38  0  5 1.00
 33 152  0  5 1.00
 34  35  0  5 1.00
 34  36  0  5 1.00
 34  37  0  5 1.00
 34  38  0  5 1.00
 35  36  0  5 1.00
 35  37  0  5 1.00
 35  38  0  5 1.00
 35  39  0  5 1.00
 36  37  0  5 1.00
 36  38  0  5 1.00
 36  39  0  5 1.00
 37  38  0  5 1.00
 37  39  0  5 1.00
 37  51  0  5 1.00
 38  39  0  5 1.00
 38  40  0  5 1.00
 39  40  0  5 1.00
 39  41  0  5 1.00
 39  42  0  5 1.00
 39  43  0  5 1.00
 40  41  0  5 1.00
 40  42  0  5 1.00
 40  43  0  5 1.00
 40  44  0  5 1.00
 41  42  0  5 1.00
 41  43  0  5 1.00
 41  44  0  5 1.00
 41  45  0  5 1.00
 42  43  0  5 1.00
 42  44  0  5 1.00
 42  45  0  5 1.00
 42  46  0  5 1.00
 42  47  0  5 1.00
 42  48  0  5 1.00
 43  44  0  5 1.00
 43  45  0  5 1.00
 43  46  0  5 1.00
 43  47  0  5 1.00
 43  48  0  5 1.00
 44  45  0  5 1.00
 44  46  0  5 1.00
 45  46  0  5 1.00
 45  47  0  5 1.00
 46  47  0  5 1.00
 46  48  0  5 1.00
 47  48  0  5 1.00
 47  49  0  5 1.00
 47 220  0  5 1.00
 47 221  0  5 1.00
 47 434  0  5 1.00
 48  49  0  5 1.00
 48  50  0  5 1.00
 48 434  0  5 1.00
 49  50  0  5 1.00
 49  51  0  5 1.00
 49 434  0  5 1.00
 49 435  0  5 1.00
 50  51  0  5 1.00
 50  52  0  5 1.00
 51  52  0  5 1.00
 51  53  0  5 1.00
 52  53  0  5 1.00
 52  54  0  5 1.00
 52  55  0  5 1.00
 52  56  0  5 1.00
 53  54  0  5 1.00
 53  55  0  5 1.00
 53  56  0  5 1.00
 54  55  0  5 1.00
 54  56  0  5 1.00
 55  56  0  5 1.00
 55  57  0  5 1.00
 55 448  0  5 1.00
 56  57  0  5 1.00
 56  58  0  5 1.00
 57  58  0  5 1.00
 57  59  0  5 1.00
 57 451  0  5 1.00
 58  59  0  5 1.00
 58  60  0  5 1.00
 58  61  0  5 1.00
 58  62  0  5 1.00
 58  63  0  5 1.00
 59  60  0  5 1.00
 59  61  0  5 1.00
 59  62  0  5 1.00
 59  63  0  5 1.00
 60  61  0  5 1.00
 60  62  0  5 1.00
 60  63  0  5 1.00
 61  62  0  5 1.00
 61  63  0  5 1.00
 62  63  0  5 1.00
 62  64  0  5 1.00
 62  65  0  5 1.00
 62  66  0  5 1.00
 63  64  0  5 1.00
 63  65  0  5 1.00
 63  66  0  5 1.00
 63  67  0  5 1.00
 63  68  0  5 1.00
 64  65  0  5 1.00
 64  66  0  5 1.00
 64  67  0  5 1.00
 64  68  0  5 1.00
 65  66  0  5 1.00
 65  67  0  5 1.00
 65  68  0  5 1.00
 65  69  0  5 1.00
 66  67  0  5 1.00
 66  68  0  5 1.00
 66  69  0  5 1.00
 66  70  0  5 1.00
 67  68  0  5 1.00
 67  69  0  5 1.00
 67  70  0  5 1.00
 67  71  0  5 1.00
 67  72  0  5 1.00
 68  69  0  5 1.00
 68  70  0  5 1.00
 68  71  0  5 1.00
 68  72  0  5 1.00
 68  73  0  5 1.00
 69  70  0  5 1.00
 69  71  0  5 1.00
 69  72  0  5 1.00
 69  73  0  5 1.00
 70  71  0  5 1.00
 70  72  0  5 1.00
 70  73  0  5 1.00
 70  74  0  5 1.00
 70  75  0  5 1.00
 71  72  0  5 1.00
 71  73  0  5 1.00
 71  74  0  5 1.00
 71  75  0  5 1.00
 72  73  0  5 1.00
 72  74  0  5 1.00
 73  74  0  5 1.00
 73  75  0  5 1.00
 73 462  0  5 1.00
 73 463  0  5 1.00
 73 466  0  5 1.00
 73 467  0  5 1.00
 74  75  0  5 1.00
 74  76  0  5 1.00
 74 466  0  5 1.00
 74 467  0  5 1.00
 75  76  0  5 1.00
 75  77  0  5 1.00
 75 140  0  5 1.00
 76  77  0  5 1.00
 76  78  0  5 1.00
 76 141  0  5 1.00
 76 142  0  5 1.00
 76 143  0  5 1.00
 77  78  0  5 1.00
 77  79  0  5 1.00
 77 142  0  5 1.00
 77 143  0  5 1.00
 78  79  0  5 1.00
 78  80  0  5 1.00
 78 143  0  5 1.00
 78 144  0  5 1.00
 78 145  0  5 1.00
 79  80  0  5 1.00
 79  81  0  5 1.00
 79 145  0  5 1.00
 80  81  0  5 1.00
 80  82  0  5 1.00
 80 145  0  5 1.00
 80 146  0  5 1.00
 80 147  0  5 1.00
 81  82  0  5 1.00
 81  83  0  5 1.00
 81 147  0  5 1.00
 82  83  0  5 1.00
 82  84  0  5 1.00
 82 147  0  5 1.00
 82 148  0  5 1.00
 82 149  0  5 1.00
 83  84  0  5 1.00
 83  85  0  5 1.00
 83  86  0  5 1.00
 83  87  0  5 1.00
 84  85  0  5 1.00
 84  86  0  5 1.00
 84  87  0  5 1.00
 84  88  0  5 1.00
 84  89  0  5 1.00
 84 148  0  5 1.00
 85  86  0  5 1.00
 85  87  0  5 1.00
 85  88  0  5 1.00
 85  89  0  5 1.00
 85 154  0  5 1.00
 86  87  0  5 1.00
 86  88  0  5 1.00
 86  89  0  5 1.00
 86 123  0  5 1.00
 86 126  0  5 1.00
 87  88  0  5 1.00
 87  89  0  5 1.00
 87 121  0  5 1.00
 87 122  0  5 1.00
 87 123  0  5 1.00
 88  89  0  5 1.00
 88  90  0  5 1.00
 88 121  0  5 1.00
 88 123  0  5 1.00
 89  90  0  5 1.00
 89  91  0  5 1.00
 90  91  0  5 1.00
 90  92  0  5 1.00
 91  92  0  5 1.00
 91  93  0  5 1.00
 92  93  0  5 1.00
 92  94  0  5 1.00
 93  94  0  5 1.00
 93  95  0  5 1.00
 94  95  0  5 1.00
 95  98  0  5 1.00
 98  99  0  5 1.00
 98 100  0  5 1.00
 99 100  0  5 1.00
 99 101  0  5 1.00
 99 102  0  5 1.00
100 101  0  5 1.00
100 102  0  5 1.00
101 102  0  5 1.00
101 103  0  5 1.00
102 103  0  5 1.00
102 104  0  5 1.00
103 104  0  5 1.00
103 105  0  5 1.00
104 105  0  5 1.00
104 106  0  5 1.00
105 106  0  5 1.00
105 107  0  5 1.00
105 241  0  5 1.00
106 107  0  5 1.00
106 108  0  5 1.00
106 309  0  5 1.00
107 108  0  5 1.00
107 109  0  5 1.00
108 109  0  5 1.00
108 110  0  5 1.00
109 110  0  5 1.00
109 111  0  5 1.00
110 111  0  5 1.00
110 112  0  5 1.00
111 112  0  5 1.00
111 113  0  5 1.00
111 114  0  5 1.00
111 115  0  5 1.00
112 113  0  5 1.00
112 114  0  5 1.00
112 115  0  5 1.00
112 116  0  5 1.00
113 114  0  5 1.00
113 115  0  5 1.00
113 116  0  5 1.00
113 117  0  5 1.00
114 115  0  5 1.00
114 116  0  5 1.00
114 117  0  5 1.00
114 118  0  5 1.00
114 119  0  5 1.00
115 116  0  5 1.00
115 117  0  5 1.00
115 118  0  5 1.00
115 119  0  5 1.00
116 117  0  5 1.00
116 118  0  5 1.00
116 119  0  5 1.00
116 120  0  5 1.00
117 118  0  5 1.00
117 119  0  5 1.00
117 120  0  5 1.00
117 121  0  5 1.00
118 119  0  5 1.00
118 120  0  5 1.00
118 121  0  5 1.00
118 122  0  5 1.00
119 120  0  5 1.00
119 121  0  5 1.00
119 122  0  5 1.00
120 121  0  5 1.00
120 122  0  5 1.00
121 122  0  5 1.00
121 123  0  5 1.00
122 123  0  5 1.00
122 124  0  5 1.00
123 124  0  5 1.00
123 125  0  5 1.00
123 126  0  5 1.00
123 127  0  5 1.00
124 125  0  5 1.00
124 126  0  5 1.00
124 127  0  5 1.00
124 128  0  5 1.00
124 129  0  5 1.00
125 126  0  5 1.00
125 127  0  5 1.00
125 128  0  5 1.00
125 129  0  5 1.00
126 127  0  5 1.00
126 128  0  5 1.00
126 129  0  5 1.00
126 130  0  5 1.00
126 131  0  5 1.00
127 128  0  5 1.00
127 129  0  5 1.00
127 130  0  5 1.00
127 131  0  5 1.00
128 129  0  5 1.00
128 130  0  5 1.00
128 131  0  5 1.00
128 132  0  5 1.00
129 130  0  5 1.00
129 131  0  5 1.00
129 132  0  5 1.00
129 133  0  5 1.00
130 131  0  5 1.00
130 132  0  5 1.00
130 133  0  5 1.00
130 134  0  5 1.00
130 135  0  5 1.00
131 132  0  5 1.00
131 133  0  5 1.00
131 134  0  5 1.00
131 135  0  5 1.00
131 136  0  5 1.00
132 133  0  5 1.00
132 134  0  5 1.00
132 135  0  5 1.00
132 136  0  5 1.00
133 134  0  5 1.00
133 135  0  5 1.00
133 136  0  5 1.00
133 137  0  5 1.00
134 135  0  5 1.00
134 136  0  5 1.00
134 137  0  5 1.00
134 138  0  5 1.00
135 136  0  5 1.00
135 137  0  5 1.00
135 138  0  5 1.00
135 139  0  5 1.00
136 137  0  5 1.00
136 138  0  5 1.00
136 139  0  5 1.00
136 140  0  5 1.00
137 138  0  5 1.00
137 139  0  5 1.00
137 140  0  5 1.00
137 141  0  5 1.00
137 142  0  5 1.00
138 139  0  5 1.00
138 140  0  5 1.00
138 141  0  5 1.00
138 142  0  5 1.00
139 140  0  5 1.00
139 141  0  5 1.00
140 141  0  5 1.00
140 142  0  5 1.00
141 142  0  5 1.00
141 143  0  5 1.00
142 143  0  5 1.00
142 144  0  5 1.00
143 144  0  5 1.00
143 145  0  5 1.00
144 145  0  5 1.00
144 146  0  5 1.00
144 198  0  5 1.00
144 199  0  5 1.00
144 200  0  5 1.00
145 146  0  5 1.00
145 147  0  5 1.00
145 200  0  5 1.00
146 147  0  5 1.00
146 148  0  5 1.00
146 200  0  5 1.00
146 201  0  5 1.00
146 202  0  5 1.00
147 148  0  5 1.00
147 149  0  5 1.00
147 202  0  5 1.00
147 203  0  5 1.00
148 149  0  5 1.00
148 150  0  5 1.00
148 202  0  5 1.00
148 203  0  5 1.00
148 204  0  5 1.00
149 150  0  5 1.00
149 151  0  5 1.00
149 203  0  5 1.00
149 204  0  5 1.00
149 205  0  5 1.00
150 151  0  5 1.00
150 152  0  5 1.00
150 205  0  5 1.00
151 152  0  5 1.00
151 153  0  5 1.00
152 153  0  5 1.00
152 154  0  5 1.00
153 154  0  5 1.00
153 155  0  5 1.00
154 155  0  5 1.00
154 156  0  5 1.00
154 157  0  5 1.00
154 158  0  5 1.00
155 156  0  5 1.00
155 157  0  5 1.00
155 158  0  5 1.00
155 159  0  5 1.00
156 157  0  5 1.00
156 158  0  5 1.00
156 171  0  5 1.00
157 158  0  5 1.00
157 159  0  5 1.00
157 171  0  5 1.00
157 172  0  5 1.00
157 173  0  5 1.00
158 159  0  5 1.00
158 160  0  5 1.00
158 171  0  5 1.00
158 172  0  5 1.00
158 173  0  5 1.00
159 160  0  5 1.00
159 161  0  5 1.00
159 162  0  5 1.00
159 163  0  5 1.00
159 171  0  5 1.00
160 161  0  5 1.00
160 162  0  5 1.00
160 163  0  5 1.00
160 164  0  5 1.00
160 224  0  5 1.00
161 162  0  5 1.00
161 163  0  5 1.00
161 164  0  5 1.00
161 165  0  5 1.00
162 163  0  5 1.00
162 164  0  5 1.00
162 165  0  5 1.00
162 166  0  5 1.00
162 167  0  5 1.00
163 164  0  5 1.00
163 165  0  5 1.00
163 166  0  5 1.00
163 167  0  5 1.00
163 224  0  5 1.00
164 165  0  5 1.00
164 166  0  5 1.00
164 224  0  5 1.00
164 225  0  5 1.00
165 166  0  5 1.00
165 167  0  5 1.00
166 167  0  5 1.00
166 168  0  5 1.00
167 168  0  5 1.00
167 169  0  5 1.00
167 170  0  5 1.00
168 169  0  5 1.00
168 170  0  5 1.00
169 170  0  5 1.00
169 171  0  5 1.00
170 171  0  5 1.00
170 172  0  5 1.00
171 172  0  5 1.00
171 173  0  5 1.00
172 173  0  5 1.00
172 174  0  5 1.00
172 175  0  5 1.00
172 176  0  5 1.00
173 174  0  5 1.00
173 175  0  5 1.00
173 176  0  5 1.00
173 179  0  5 1.00
174 175  0  5 1.00
174 176  0  5 1.00
174 234  0  5 1.00
174 235  0  5 1.00
174 238  0  5 1.00
175 176  0  5 1.00
175 177  0  5 1.00
175 235  0  5 1.00
176 177  0  5 1.00
176 178  0  5 1.00
176 179  0  5 1.00
176 180  0  5 1.00
177 178  0  5 1.00
177 179  0  5 1.00
177 180  0  5 1.00
177 181  0  5 1.00
178 179  0  5 1.00
178 180  0  5 1.00
178 181  0  5 1.00
178 182  0  5 1.00
178 183  0  5 1.00
179 180  0  5 1.00
179 181  0  5 1.00
179 182  0  5 1.00
179 183  0  5 1.00
179 184  0  5 1.00
180 181  0  5 1.00
180 182  0  5 1.00
180 183  0  5 1.00
180 184  0  5 1.00
180 242  0  5 1.00
181 182  0  5 1.00
181 183  0  5 1.00
181 184  0  5 1.00
181 185  0  5 1.00
182 183  0  5 1.00
182 184  0  5 1.00
182 185  0  5 1.00
182 186  0  5 1.00
182 187  0  5 1.00
183 184  0  5 1.00
183 185  0  5 1.00
183 186  0  5 1.00
183 187  0  5 1.00
183 188  0  5 1.00
184 185  0  5 1.00
184 186  0  5 1.00
184 187  0  5 1.00
184 188  0  5 1.00
184 245  0  5 1.00
184 246  0  5 1.00
184 249  0  5 1.00
185 186  0  5 1.00
185 187  0  5 1.00
185 188  0  5 1.00
185 189  0  5 1.00
186 187  0  5 1.00
186 188  0  5 1.00
186 189  0  5 1.00
186 190  0  5 1.00
187 188  0  5 1.00
187 189  0  5 1.00
187 190  0  5 1.00
187 191  0  5 1.00
187 192  0  5 1.00
187 250  0  5 1.00
188 189  0  5 1.00
188 190  0  5 1.00
188 191  0  5 1.00
188 192  0  5 1.00
188 249  0  5 1.00
188 250  0  5 1.00
189 190  0  5 1.00
189 191  0  5 1.00
189 192  0  5 1.00
189 193  0  5 1.00
190 191  0  5 1.00
190 192  0  5 1.00
190 193  0  5 1.00
190 194  0  5 1.00
190 195  0  5 1.00
191 192  0  5 1.00
191 193  0  5 1.00
191 194  0  5 1.00
191 195  0  5 1.00
192 193  0  5 1.00
192 194  0  5 1.00
192 195  0  5 1.00
193 194  0  5 1.00
193 195  0  5 1.00
194 195  0  5 1.00
194 196  0  5 1.00
194 197  0  5 1.00
194 198  0  5 1.00
195 196  0  5 1.00
195 197  0  5 1.00
195 198  0  5 1.00
196 197  0  5 1.00
196 198  0  5 1.00
197 198  0  5 1.00
197 199  0  5 1.00
198 199  0  5 1.00
198 200  0  5 1.00
199 200  0  5 1.00
199 201  0  5 1.00
199 256  0  5 1.00
199 257  0  5 1.00
200 201  0  5 1.00
200 202  0  5 1.00
200 257  0  5 1.00
201 202  0  5 1.00
201 203  0  5 1.00
201 257  0  5 1.00
201 258  0  5 1.00
201 259  0  5 1.00
202 203  0  5 1.00
202 204  0  5 1.00
202 259  0  5 1.00
202 260  0  5 1.00
203 204  0  5 1.00
203 205  0  5 1.00
203 259  0  5 1.00
203 260  0  5 1.00
204 205  0  5 1.00
204 206  0  5 1.00
204 259  0  5 1.00
204 260  0  5 1.00
204 261  0  5 1.00
205 206  0  5 1.00
205 207  0  5 1.00
205 261  0  5 1.00
206 207  0  5 1.00
206 208  0  5 1.00
206 209  0  5 1.00
206 210  0  5 1.00
206 261  0  5 1.00
206 262  0  5 1.00
206 263  0  5 1.00
207 208  0  5 1.00
207 209  0  5 1.00
207 210  0  5 1.00
207 211  0  5 1.00
207 212  0  5 1.00
207 261  0  5 1.00
208 209  0  5 1.00
208 210  0  5 1.00
208 211  0  5 1.00
208 212  0  5 1.00
208 213  0  5 1.00
209 210  0  5 1.00
209 211  0  5 1.00
209 212  0  5 1.00
209 213  0  5 1.00
209 214  0  5 1.00
210 211  0  5 1.00
210 212  0  5 1.00
210 213  0  5 1.00
210 214  0  5 1.00
210 215  0  5 1.00
210 223  0  5 1.00
211 212  0  5 1.00
211 213  0  5 1.00
211 214  0  5 1.00
211 215  0  5 1.00
211 216  0  5 1.00
211 232  0  5 1.00
212 213  0  5 1.00
212 214  0  5 1.00
212 215  0  5 1.00
212 216  0  5 1.00
212 217  0  5 1.00
213 214  0  5 1.00
213 215  0  5 1.00
213 216  0  5 1.00
213 217  0  5 1.00
213 218  0  5 1.00
213 222  0  5 1.00
214 215  0  5 1.00
214 216  0  5 1.00
214 222  0  5 1.00
214 223  0  5 1.00
214 224  0  5 1.00
214 225  0  5 1.00
214 226  0  5 1.00
215 216  0  5 1.00
215 217  0  5 1.00
215 226  0  5 1.00
215 227  0  5 1.00
215 228  0  5 1.00
215 229  0  5 1.00
216 217  0  5 1.00
216 218  0  5 1.00
216 226  0  5 1.00
217 218  0  5 1.00
217 219  0  5 1.00
217 220  0  5 1.00
217 221  0  5 1.00
218 219  0  5 1.00
218 220  0  5 1.00
218 221  0  5 1.00
218 222  0  5 1.00
219 220  0  5 1.00
219 221  0  5 1.00
220 221  0  5 1.00
220 222  0  5 1.00
220 434  0  5 1.00
221 222  0  5 1.00
221 223  0  5 1.00
221 434  0  5 1.00
222 223  0  5 1.00
222 224  0  5 1.00
222 225  0  5 1.00
223 224  0  5 1.00
223 225  0  5 1.00
224 225  0  5 1.00
224 226  0  5 1.00
225 226  0  5 1.00
225 227  0  5 1.00
226 227  0  5 1.00
226 228  0  5 1.00
227 228  0  5 1.00
227 229  0  5 1.00
228 229  0  5 1.00
228 230  0  5 1.00
228 231  0  5 1.00
228 232  0  5 1.00
229 230  0  5 1.00
229 231  0  5 1.00
229 232  0  5 1.00
229 233  0  5 1.00
230 231  0  5 1.00
230 232  0  5 1.00
230 233  0  5 1.00
230 234  0  5 1.00
231 232  0  5 1.00
231 233  0  5 1.00
231 234  0  5 1.00
231 235  0  5 1.00
231 236  0  5 1.00
232 233  0  5 1.00
232 234  0  5 1.00
232 235  0  5 1.00
232 236  0  5 1.00
232 237  0  5 1.00
233 234  0  5 1.00
233 235  0  5 1.00
233 236  0  5 1.00
233 237  0  5 1.00
234 235  0  5 1.00
234 236  0  5 1.00
234 237  0  5 1.00
234 238  0  5 1.00
235 236  0  5 1.00
235 237  0  5 1.00
235 238  0  5 1.00
235 239  0  5 1.00
235 240  0  5 1.00
236 237  0  5 1.00
236 238  0  5 1.00
236 239  0  5 1.00
236 240  0  5 1.00
237 238  0  5 1.00
237 239  0  5 1.00
237 240  0  5 1.00
237 241  0  5 1.00
238 239  0  5 1.00
238 240  0  5 1.00
238 241  0  5 1.00
238 242  0  5 1.00
238 243  0  5 1.00
239 240  0  5 1.00
239 241  0  5 1.00
239 242  0  5 1.00
239 243  0  5 1.00
240 241  0  5 1.00
240 242  0  5 1.00
240 243  0  5 1.00
240 244  0  5 1.00
241 242  0  5 1.00
241 243  0  5 1.00
241 244  0  5 1.00
241 245  0  5 1.00
241 246  0  5 1.00
242 243  0  5 1.00
242 244  0  5 1.00
242 245  0  5 1.00
242 246  0  5 1.00
242 247  0  5 1.00
243 244  0  5 1.00
243 245  0  5 1.00
243 246  0  5 1.00
243 247  0  5 1.00
244 245  0  5 1.00
244 246  0  5 1.00
244 247  0  5 1.00
244 248  0  5 1.00
245 246  0  5 1.00
245 247  0  5 1.00
245 248  0  5 1.00
245 249  0  5 1.00
245 250  0  5 1.00
246 247  0  5 1.00
246 248  0  5 1.00
246 249  0  5 1.00
246 250  0  5 1.00
246 251  0  5 1.00
247 248  0  5 1.00
247 249  0  5 1.00
247 250  0  5 1.00
247 251  0  5 1.00
248 249  0  5 1.00
248 250  0  5 1.00
248 251  0  5 1.00
248 252  0  5 1.00
249 250  0  5 1.00
249 251  0  5 1.00
249 252  0  5 1.00
249 253  0  5 1.00
250 251  0  5 1.00
250 252  0  5 1.00
250 253  0  5 1.00
250 254  0  5 1.00
251 252  0  5 1.00
251 253  0  5 1.00
251 254  0  5 1.00
252 253  0  5 1.00
252 254  0  5 1.00
253 254  0  5 1.00
253 255  0  5 1.00
254 255  0  5 1.00
254 256  0  5 1.00
255 256  0  5 1.00
255 257  0  5 1.00
256 257  0  5 1.00
256 258  0  5 1.00
257 258  0  5 1.00
257 259  0  5 1.00
258 259  0  5 1.00
258 260  0  5 1.00
258 314  0  5 1.00
258 315  0  5 1.00
258 316  0  5 1.00
259 260  0  5 1.00
259 261  0  5 1.00
259 315  0  5 1.00
259 316  0  5 1.00
260 261  0  5 1.00
260 262  0  5 1.00
260 316  0  5 1.00
260 317  0  5 1.00
260 318  0  5 1.00
261 262  0  5 1.00
261 263  0  5 1.00
261 318  0  5 1.00
262 263  0  5 1.00
262 264  0  5 1.00
262 318  0  5 1.00
262 319  0  5 1.00
262 320  0  5 1.00
263 264  0  5 1.00
263 265  0  5 1.00
263 320  0  5 1.00
264 265  0  5 1.00
264 266  0  5 1.00
264 320  0  5 1.00
264 321  0  5 1.00
264 322  0  5 1.00
264 323  0  5 1.00
265 266  0  5 1.00
265 267  0  5 1.00
265 323  0  5 1.00
265 324  0  5 1.00
266 267  0  5 1.00
266 268  0  5 1.00
266 323  0  5 1.00
266 324  0  5 1.00
266 325  0  5 1.00
266 367  0  5 1.00
267 268  0  5 1.00
267 269  0  5 1.00
267 325  0  5 1.00
268 269  0  5 1.00
268 270  0  5 1.00
268 325  0  5 1.00
268 326  0  5 1.00
268 327  0  5 1.00
269 270  0  5 1.00
269 271  0  5 1.00
269 274  0  5 1.00
269 327  0  5 1.00
270 271  0  5 1.00
270 272  0  5 1.00
270 327  0  5 1.00
271 272  0  5 1.00
271 273  0  5 1.00
271 274  0  5 1.00
271 275  0  5 1.00
272 273  0  5 1.00
272 274  0  5 1.00
272 275  0  5 1.00
273 274  0  5 1.00
273 275  0  5 1.00
274 275  0  5 1.00
274 276  0  5 1.00
274 277  0  5 1.00
274 278  0  5 1.00
274 327  0  5 1.00
274 329  0  5 1.00
275 276  0  5 1.00
275 277  0  5 1.00
275 278  0  5 1.00
275 279  0  5 1.00
276 277  0  5 1.00
276 278  0  5 1.00
276 279  0  5 1.00
276 280  0  5 1.00
277 278  0  5 1.00
277 279  0  5 1.00
277 280  0  5 1.00
277 281  0  5 1.00
278 279  0  5 1.00
278 280  0  5 1.00
278 281  0  5 1.00
278 282  0  5 1.00
279 280  0  5 1.00
279 281  0  5 1.00
279 282  0  5 1.00
279 283  0  5 1.00
280 281  0  5 1.00
280 282  0  5 1.00
280 283  0  5 1.00
280 284  0  5 1.00
280 285  0  5 1.00
281 282  0  5 1.00
281 283  0  5 1.00
281 284  0  5 1.00
281 285  0  5 1.00
281 286  0  5 1.00
282 283  0  5 1.00
282 284  0  5 1.00
282 285  0  5 1.00
282 286  0  5 1.00
282 287  0  5 1.00
282 288  0  5 1.00
283 284  0  5 1.00
283 285  0  5 1.00
283 286  0  5 1.00
283 287  0  5 1.00
283 288  0  5 1.00
284 285  0  5 1.00
284 286  0  5 1.00
285 286  0  5 1.00
285 287  0  5 1.00
286 287  0  5 1.00
286 288  0  5 1.00
286 289  0  5 1.00
286 290  0  5 1.00
286 291  0  5 1.00
287 288  0  5 1.00
287 289  0  5 1.00
287 290  0  5 1.00
287 291  0  5 1.00
287 292  0  5 1.00
288 289  0  5 1.00
288 290  0  5 1.00
288 291  0  5 1.00
288 292  0  5 1.00
288 297  0  5 1.00
289 290  0  5 1.00
289 291  0  5 1.00
289 292  0  5 1.00
289 293  0  5 1.00
290 291  0  5 1.00
290 292  0  5 1.00
290 293  0  5 1.00
290 294  0  5 1.00
290 295  0  5 1.00
291 292  0  5 1.00
291 293  0  5 1.00
291 294  0  5 1.00
291 295  0  5 1.00
291 296  0  5 1.00
291 297  0  5 1.00
292 293  0  5 1.00
292 294  0  5 1.00
292 295  0  5 1.00
292 296  0  5 1.00
292 297  0  5 1.00
292 298  0  5 1.00
292 310  0  5 1.00
292 311  0  5 1.00
293 294  0  5 1.00
293 295  0  5 1.00
293 296  0  5 1.00
293 310  0  5 1.00
293 311  0  5 1.00
293 312  0  5 1.00
293 313  0  5 1.00
293 314  0  5 1.00
294 295  0  5 1.00
294 296  0  5 1.00
294 310  0  5 1.00
294 311  0  5 1.00
294 312  0  5 1.00
294 313  0  5 1.00
295 296  0  5 1.00
295 297  0  5 1.00
295 311  0  5 1.00
295 312  0  5 1.00
296 297  0  5 1.00
296 298  0  5 1.00
296 305  0  5 1.00
296 306  0  5 1.00
296 307  0  5 1.00
296 310  0  5 1.00
296 311  0  5 1.00
296 312  0  5 1.00
297 298  0  5 1.00
297 299  0  5 1.00
297 305  0  5 1.00
297 306  0  5 1.00
298 299  0  5 1.00
298 304  0  5 1.00
298 305  0  5 1.00
299 304  0  5 1.00
304 305  0  5 1.00
304 306  0  5 1.00
305 306  0  5 1.00
305 307  0  5 1.00
306 307  0  5 1.00
306 308  0  5 1.00
307 308  0  5 1.00
307 309  0  5 1.00
307 310  0  5 1.00
307 311  0  5 1.00
308 309  0  5 1.00
308 310  0  5 1.00
308 311  0  5 1.00
309 310  0  5 1.00
309 311  0  5 1.00
310 311  0  5 1.00
310 312  0  5 1.00
310 313  0  5 1.00
311 312  0  5 1.00
311 313  0  5 1.00
312 313  0  5 1.00
312 314  0  5 1.00
313 314  0  5 1.00
313 315  0  5 1.00
314 315  0  5 1.00
314 316  0  5 1.00
315 316  0  5 1.00
315 317  0  5 1.00
315 381  0  5 1.00
315 382  0  5 1.00
316 317  0  5 1.00
316 318  0  5 1.00
316 382  0  5 1.00
317 318  0  5 1.00
317 319  0  5 1.00
317 382  0  5 1.00
317 383  0  5 1.00
317 384  0  5 1.00
318 319  0  5 1.00
318 320  0  5 1.00
318 384  0  5 1.00
318 386  0  5 1.00
319 320  0  5 1.00
319 321  0  5 1.00
319 384  0  5 1.00
319 385  0  5 1.00
319 386  0  5 1.00
319 387  0  5 1.00
320 321  0  5 1.00
320 322  0  5 1.00
320 386  0  5 1.00
320 387  0  5 1.00
321 322  0  5 1.00
321 323  0  5 1.00
321 387  0  5 1.00
321 388  0  5 1.00
321 389  0  5 1.00
322 323  0  5 1.00
322 324  0  5 1.00
322 362  0  5 1.00
322 389  0  5 1.00
323 324  0  5 1.00
323 325  0  5 1.00
323 362  0  5 1.00
324 325  0  5 1.00
324 326  0  5 1.00
324 340  0  5 1.00
324 341  0  5 1.00
324 342  0  5 1.00
325 326  0  5 1.00
325 327  0  5 1.00
325 341  0  5 1.00
326 327  0  5 1.00
326 328  0  5 1.00
326 335  0  5 1.00
326 336  0  5 1.00
326 337  0  5 1.00
327 328  0  5 1.00
327 329  0  5 1.00
327 335  0  5 1.00
327 336  0  5 1.00
327 337  0  5 1.00
328 329  0  5 1.00
328 330  0  5 1.00
328 333  0  5 1.00
328 334  0  5 1.00
328 335  0  5 1.00
329 330  0  5 1.00
329 331  0  5 1.00
329 333  0  5 1.00
329 334  0  5 1.00
330 331  0  5 1.00
330 332  0  5 1.00
330 333  0  5 1.00
330 334  0  5 1.00
331 332  0  5 1.00
331 333  0  5 1.00
332 333  0  5 1.00
332 334  0  5 1.00
333 334  0  5 1.00
333 335  0  5 1.00
334 335  0  5 1.00
334 336  0  5 1.00
335 336  0  5 1.00
335 337  0  5 1.00
336 337  0  5 1.00
336 338  0  5 1.00
337 338  0  5 1.00
337 339  0  5 1.00
337 340  0  5 1.00
338 339  0  5 1.00
338 340  0  5 1.00
338 343  0  5 1.00
339 340  0  5 1.00
339 341  0  5 1.00
339 343  0  5 1.00
339 344  0  5 1.00
339 350  0  5 1.00
339 351  0  5 1.00
339 352  0  5 1.00
340 341  0  5 1.00
340 342  0  5 1.00
340 343  0  5 1.00
340 344  0  5 1.00
341 342  0  5 1.00
341 343  0  5 1.00
341 344  0  5 1.00
341 360  0  5 1.00
341 361  0  5 1.00
341 362  0  5 1.00
342 343  0  5 1.00
342 344  0  5 1.00
342 359  0  5 1.00
342 360  0  5 1.00
342 361  0  5 1.00
342 362  0  5 1.00
343 344  0  5 1.00
343 345  0  5 1.00
343 360  0  5 1.00
344 345  0  5 1.00
344 346  0  5 1.00
344 359  0  5 1.00
344 360  0  5 1.00
345 346  0  5 1.00
345 347  0  5 1.00
345 348  0  5 1.00
345 356  0  5 1.00
345 357  0  5 1.00
345 360  0  5 1.00
346 347  0  5 1.00
346 348  0  5 1.00
346 357  0  5 1.00
346 358  0  5 1.00
346 359  0  5 1.00
346 360  0  5 1.00
347 348  0  5 1.00
347 349  0  5 1.00
347 356  0  5 1.00
347 357  0  5 1.00
347 358  0  5 1.00
347 360  0  5 1.00
347 488  0  5 1.00
347 489  0  5 1.00
348 349  0  5 1.00
348 350  0  5 1.00
348 354  0  5 1.00
348 355  0  5 1.00
348 356  0  5 1.00
348 488  0  5 1.00
348 489  0  5 1.00
349 350  0  5 1.00
349 351  0  5 1.00
349 353  0  5 1.00
349 354  0  5 1.00
349 355  0  5 1.00
349 356  0  5 1.00
349 488  0  5 1.00
349 489  0  5 1.00
350 351  0  5 1.00
350 352  0  5 1.00
350 353  0  5 1.00
350 354  0  5 1.00
350 355  0  5 1.00
351 352  0  5 1.00
351 353  0  5 1.00
352 353  0  5 1.00
352 354  0  5 1.00
353 354  0  5 1.00
353 355  0  5 1.00
354 355  0  5 1.00
354 356  0  5 1.00
355 356  0  5 1.00
355 357  0  5 1.00
355 361  0  5 1.00
355 362  0  5 1.00
355 363  0  5 1.00
356 357  0  5 1.00
356 358  0  5 1.00
356 360  0  5 1.00
356 361  0  5 1.00
356 362  0  5 1.00
357 358  0  5 1.00
357 359  0  5 1.00
357 360  0  5 1.00
357 361  0  5 1.00
357 391  0  5 1.00
358 359  0  5 1.00
358 360  0  5 1.00
358 391  0  5 1.00
359 360  0  5 1.00
359 361  0  5 1.00
359 391  0  5 1.00
360 361  0  5 1.00
360 362  0  5 1.00
361 362  0  5 1.00
361 363  0  5 1.00
362 363  0  5 1.00
362 364  0  5 1.00
363 364  0  5 1.00
363 365  0  5 1.00
364 365  0  5 1.00
364 366  0  5 1.00
364 367  0  5 1.00
364 368  0  5 1.00
365 366  0  5 1.00
365 367  0  5 1.00
365 368  0  5 1.00
365 369  0  5 1.00
366 367  0  5 1.00
366 368  0  5 1.00
366 369  0  5 1.00
366 370  0  5 1.00
367 368  0  5 1.00
367 369  0  5 1.00
367 370  0  5 1.00
367 371  0  5 1.00
368 369  0  5 1.00
368 370  0  5 1.00
368 371  0  5 1.00
368 372  0  5 1.00
368 373  0  5 1.00
369 370  0  5 1.00
369 371  0  5 1.00
369 372  0  5 1.00
369 373  0  5 1.00
369 374  0  5 1.00
369 408  0  5 1.00
370 371  0  5 1.00
370 372  0  5 1.00
370 373  0  5 1.00
370 374  0  5 1.00
370 375  0  5 1.00
371 372  0  5 1.00
371 373  0  5 1.00
371 374  0  5 1.00
371 375  0  5 1.00
372 373  0  5 1.00
372 374  0  5 1.00
372 375  0  5 1.00
372 376  0  5 1.00
373 374  0  5 1.00
373 375  0  5 1.00
373 376  0  5 1.00
373 377  0  5 1.00
373 378  0  5 1.00
374 375  0  5 1.00
374 376  0  5 1.00
374 377  0  5 1.00
374 378  0  5 1.00
375 376  0  5 1.00
375 377  0  5 1.00
375 378  0  5 1.00
375 379  0  5 1.00
375 380  0  5 1.00
376 377  0  5 1.00
376 378  0  5 1.00
376 379  0  5 1.00
376 380  0  5 1.00
376 381  0  5 1.00
377 378  0  5 1.00
377 379  0  5 1.00
377 380  0  5 1.00
378 379  0  5 1.00
378 380  0  5 1.00
379 380  0  5 1.00
379 381  0  5 1.00
380 381  0  5 1.00
380 382  0  5 1.00
381 382  0  5 1.00
381 383  0  5 1.00
381 418  0  5 1.00
382 383  0  5 1.00
382 384  0  5 1.00
382 418  0  5 1.00
383 384  0  5 1.00
383 385  0  5 1.00
383 418  0  5 1.00
383 419  0  5 1.00
383 420  0  5 1.00
383 421  0  5 1.00
384 385  0  5 1.00
384 386  0  5 1.00
384 420  0  5 1.00
384 421  0  5 1.00
385 386  0  5 1.00
385 387  0  5 1.00
385 421  0  5 1.00
385 422  0  5 1.00
385 423  0  5 1.00
386 387  0  5 1.00
386 388  0  5 1.00
386 423  0  5 1.00
387 388  0  5 1.00
387 389  0  5 1.00
387 423  0  5 1.00
387 425  0  5 1.00
388 389  0  5 1.00
388 390  0  5 1.00
388 423  0  5 1.00
388 424  0  5 1.00
388 425  0  5 1.00
389 390  0  5 1.00
389 391  0  5 1.00
389 425  0  5 1.00
390 391  0  5 1.00
390 392  0  5 1.00
390 425  0  5 1.00
390 440  0  5 1.00
390 441  0  5 1.00
391 392  0  5 1.00
391 393  0  5 1.00
391 440  0  5 1.00
391 441  0  5 1.00
392 393  0  5 1.00
392 394  0  5 1.00
392 395  0  5 1.00
392 440  0  5 1.00
392 441  0  5 1.00
393 394  0  5 1.00
393 395  0  5 1.00
393 440  0  5 1.00
394 395  0  5 1.00
394 396  0  5 1.00
395 396  0  5 1.00
395 397  0  5 1.00
395 398  0  5 1.00
395 399  0  5 1.00
396 397  0  5 1.00
396 398  0  5 1.00
396 399  0  5 1.00
397 398  0  5 1.00
397 399  0  5 1.00
397 400  0  5 1.00
397 401  0  5 1.00
397 402  0  5 1.00
398 399  0  5 1.00
398 400  0  5 1.00
398 401  0  5 1.00
398 402  0  5 1.00
398 403  0  5 1.00
399 400  0  5 1.00
399 401  0  5 1.00
399 402  0  5 1.00
399 403  0  5 1.00
399 404  0  5 1.00
399 458  0  5 1.00
399 478  0  5 1.00
400 401  0  5 1.00
400 402  0  5 1.00
400 403  0  5 1.00
400 404  0  5 1.00
400 405  0  5 1.00
400 478  0  5 1.00
400 480  0  5 1.00
401 402  0  5 1.00
401 403  0  5 1.00
401 404  0  5 1.00
401 405  0  5 1.00
401 406  0  5 1.00
402 403  0  5 1.00
402 404  0  5 1.00
402 405  0  5 1.00
402 406  0  5 1.00
402 407  0  5 1.00
403 404  0  5 1.00
403 405  0  5 1.00
403 406  0  5 1.00
403 407  0  5 1.00
403 478  0  5 1.00
403 479  0  5 1.00
404 405  0  5 1.00
404 406  0  5 1.00
404 407  0  5 1.00
404 408  0  5 1.00
404 478  0  5 1.00
404 479  0  5 1.00
405 406  0  5 1.00
405 407  0  5 1.00
405 408  0  5 1.00
405 409  0  5 1.00
406 407  0  5 1.00
406 408  0  5 1.00
406 409  0  5 1.00
406 410  0  5 1.00
407 408  0  5 1.00
407 409  0  5 1.00
407 410  0  5 1.00
407 411  0  5 1.00
408 409  0  5 1.00
408 410  0  5 1.00
408 411  0  5 1.00
408 412  0  5 1.00
409 410  0  5 1.00
409 411  0  5 1.00
409 412  0  5 1.00
409 413  0  5 1.00
409 414  0  5 1.00
410 411  0  5 1.00
410 412  0  5 1.00
410 413  0  5 1.00
410 414  0  5 1.00
411 412  0  5 1.00
411 413  0  5 1.00
411 414  0  5 1.00
411 415  0  5 1.00
412 413  0  5 1.00
412 414  0  5 1.00
412 415  0  5 1.00
412 416  0  5 1.00
412 417  0  5 1.00
413 414  0  5 1.00
413 415  0  5 1.00
413 416  0  5 1.00
413 417  0  5 1.00
414 415  0  5 1.00
414 416  0  5 1.00
415 416  0  5 1.00
415 417  0  5 1.00
416 417  0  5 1.00
416 418  0  5 1.00
417 418  0  5 1.00
417 419  0  5 1.00
418 419  0  5 1.00
418 420  0  5 1.00
419 420  0  5 1.00
419 421  0  5 1.00
420 421  0  5 1.00
420 422  0  5 1.00
421 422  0  5 1.00
421 423  0  5 1.00
422 423  0  5 1.00
422 424  0  5 1.00
423 424  0  5 1.00
423 425  0  5 1.00
424 425  0  5 1.00
424 426  0  5 1.00
424 427  0  5 1.00
425 426  0  5 1.00
425 427  0  5 1.00
425 441  0  5 1.00
426 427  0  5 1.00
426 428  0  5 1.00
426 441  0  5 1.00
426 442  0  5 1.00
426 443  0  5 1.00
426 444  0  5 1.00
427 428  0  5 1.00
427 429  0  5 1.00
427 442  0  5 1.00
427 443  0  5 1.00
427 444  0  5 1.00
428 429  0  5 1.00
428 430  0  5 1.00
428 441  0  5 1.00
428 442  0  5 1.00
428 443  0  5 1.00
428 444  0  5 1.00
429 430  0  5 1.00
429 431  0  5 1.00
429 441  0  5 1.00
429 442  0  5 1.00
429 444  0  5 1.00
429 446  0  5 1.00
430 431  0  5 1.00
430 432  0  5 1.00
430 436  0  5 1.00
430 437  0  5 1.00
430 439  0  5 1.00
431 432  0  5 1.00
431 433  0  5 1.00
431 436  0  5 1.00
431 437  0  5 1.00
432 433  0  5 1.00
432 434  0  5 1.00
432 435  0  5 1.00
432 436  0  5 1.00
432 437  0  5 1.00
433 434  0  5 1.00
433 435  0  5 1.00
433 436  0  5 1.00
434 435  0  5 1.00
434 436  0  5 1.00
435 436  0  5 1.00
435 437  0  5 1.00
435 438  0  5 1.00
436 437  0  5 1.00
436 438  0  5 1.00
436 439  0  5 1.00
437 438  0  5 1.00
437 439  0  5 1.00
437 440  0  5 1.00
438 439  0  5 1.00
438 440  0  5 1.00
439 440  0  5 1.00
439 441  0  5 1.00
440 441  0  5 1.00
440 442  0  5 1.00
441 442  0  5 1.00
441 443  0  5 1.00
442 443  0  5 1.00
442 444  0  5 1.00
442 445  0  5 1.00
443 444  0  5 1.00
443 445  0  5 1.00
443 454  0  5 1.00
443 455  0  5 1.00
443 456  0  5 1.00
443 459  0  5 1.00
444 445  0  5 1.00
444 446  0  5 1.00
444 454  0  5 1.00
444 455  0  5 1.00
444 456  0  5 1.00
445 446  0  5 1.00
445 447  0  5 1.00
445 452  0  5 1.00
445 453  0  5 1.00
445 454  0  5 1.00
445 456  0  5 1.00
446 447  0  5 1.00
446 448  0  5 1.00
446 452  0  5 1.00
446 453  0  5 1.00
447 448  0  5 1.00
447 449  0  5 1.00
447 450  0  5 1.00
447 451  0  5 1.00
447 452  0  5 1.00
448 449  0  5 1.00
448 450  0  5 1.00
448 451  0  5 1.00
449 450  0  5 1.00
449 451  0  5 1.00
450 451  0  5 1.00
450 452  0  5 1.00
451 452  0  5 1.00
451 453  0  5 1.00
452 453  0  5 1.00
452 454  0  5 1.00
453 454  0  5 1.00
453 455  0  5 1.00
454 455  0  5 1.00
454 456  0  5 1.00
455 456  0  5 1.00
455 457  0  5 1.00
456 457  0  5 1.00
456 458  0  5 1.00
456 459  0  5 1.00
456 460  0  5 1.00
457 458  0  5 1.00
457 459  0  5 1.00
457 460  0  5 1.00
457 461  0  5 1.00
458 459  0  5 1.00
458 460  0  5 1.00
458 461  0  5 1.00
458 462  0  5 1.00
458 463  0  5 1.00
459 460  0  5 1.00
459 461  0  5 1.00
459 462  0  5 1.00
459 463  0  5 1.00
460 461  0  5 1.00
460 462  0  5 1.00
460 463  0  5 1.00
460 464  0  5 1.00
461 462  0  5 1.00
461 463  0  5 1.00
461 464  0  5 1.00
461 465  0  5 1.00
462 463  0  5 1.00
462 464  0  5 1.00
462 465  0  5 1.00
462 466  0  5 1.00
462 467  0  5 1.00
463 464  0  5 1.00
463 465  0  5 1.00
463 466  0  5 1.00
463 467  0  5 1.00
463 468  0  5 1.00
464 465  0  5 1.00
464 466  0  5 1.00
464 467  0  5 1.00
464 468  0  5 1.00
464 469  0  5 1.00
464 470  0  5 1.00
465 466  0  5 1.00
465 467  0  5 1.00
465 468  0  5 1.00
465 469  0  5 1.00
465 470  0  5 1.00
466 467  0  5 1.00
466 468  0  5 1.00
466 469  0  5 1.00
467 468  0  5 1.00
467 469  0  5 1.00
468 469  0  5 1.00
468 470  0  5 1.00
469 470  0  5 1.00
469 471  0  5 1.00
470 471  0  5 1.00
470 472  0  5 1.00
471 472  0  5 1.00
471 473  0  5 1.00
472 473  0  5 1.00
472 474  0  5 1.00
472 475  0  5 1.00
472 476  0  5 1.00
473 474  0  5 1.00
473 475  0  5 1.00
473 476  0  5 1.00
474 475  0  5 1.00
474 476  0  5 1.00
475 476  0  5 1.00
475 477  0  5 1.00
475 478  0  5 1.00
475 479  0  5 1.00
476 477  0  5 1.00
476 478  0  5 1.00
476 479  0  5 1.00
477 478  0  5 1.00
477 479  0  5 1.00
477 480  0  5 1.00
478 479  0  5 1.00
478 480  0  5 1.00
479 480  0  5 1.00
479 481  0  5 1.00
480 481  0  5 1.00
480 482  0  5 1.00
481 482  0  5 1.00
481 483  0  5 1.00
482 483  0  5 1.00
482 484  0  5 1.00
483 484  0  5 1.00
483 485  0  5 1.00
483 486  0  5 1.00
483 487  0  5 1.00
484 485  0  5 1.00
484 486  0  5 1.00
484 487  0  5 1.00
485 486  0  5 1.00
485 487  0  5 1.00
486 487  0  5 1.00
486 488  0  5 1.00
487 488  0  5 1.00
487 489  0  5 1.00
488 489  0  5 1.00
END
HELX_P HELX_P1  1  ALA A 15  ? GLU A 20  ? ALA A 15  GLU A 20  1 ? 6  
HELX_P HELX_P2  2  THR A 31  ? ASP A 39  ? THR A 31  ASP A 39  1 ? 9  
HELX_P HELX_P3  3  ASP A 39  ? ALA A 45  ? ASP A 39  ALA A 45  1 ? 7  
HELX_P HELX_P4  4  LEU A 52  ? GLY A 56  ? LEU A 52  GLY A 56  5 ? 5  
HELX_P HELX_P5  5  GLY A 58  ? MET A 73  ? GLY A 58  MET A 73  1 ? 16 
HELX_P HELX_P6  6  GLU A 83  ? PHE A 88  ? GLU A 83  PHE A 88  1 ? 6  
HELX_P HELX_P7  7  ASN A 111 ? GLU A 120 ? ASN A 111 GLU A 120 1 ? 10 
HELX_P HELX_P8  8  ASN A 123 ? ARG A 140 ? ASN A 123 ARG A 140 1 ? 18 
HELX_P HELX_P9  9  ASP A 159 ? ARG A 165 ? ASP A 159 ARG A 165 1 ? 7  
HELX_P HELX_P10 10 GLY A 173 ? LEU A 175 ? GLY A 173 LEU A 175 5 ? 3  
HELX_P HELX_P11 11 SER A 176 ? ASP A 195 ? SER A 176 ASP A 195 1 ? 20 
HELX_P HELX_P12 12 GLU A 206 ? VAL A 216 ? GLU A 206 VAL A 216 1 ? 11 
HELX_P HELX_P13 13 GLY A 217 ? GLY A 221 ? GLY A 217 GLY A 221 5 ? 5  
HELX_P HELX_P14 14 SER A 228 ? SER A 252 ? SER A 228 SER A 252 1 ? 25 
HELX_P HELX_P15 15 THR A 271 ? LYS A 273 ? THR A 271 LYS A 273 5 ? 3  
HELX_P HELX_P16 16 ASP A 274 ? ARG A 286 ? ASP A 274 ARG A 286 1 ? 13 
HELX_P HELX_P17 17 ARG A 286 ? GLY A 296 ? ARG A 286 GLY A 296 1 ? 11 
HELX_P HELX_P18 18 PRO A 365 ? HIS A 380 ? PRO A 365 HIS A 380 1 ? 16 
HELX_P HELX_P19 19 GLN A 397 ? SER A 415 ? GLN A 397 SER A 415 1 ? 19 
HELX_P HELX_P20 20 TRP A 433 ? SER A 435 ? TRP A 433 SER A 435 5 ? 3  
HELX_P HELX_P21 21 PHE A 437 ? MET A 439 ? PHE A 437 MET A 439 5 ? 3  
HELX_P HELX_P22 22 ARG A 456 ? GLY A 469 ? ARG A 456 GLY A 469 1 ? 14 
HELX_P HELX_P23 23 THR A 472 ? ASN A 479 ? THR A 472 ASN A 479 5 ? 8  