2c28 358
  7   8  0  5 1.00
  7   9  0  5 1.00
  7 118  0  5 1.00
  7 151  0  5 1.00
  7 152  0  5 1.00
  8   9  0  5 1.00
  8  10  0  5 1.00
  8 115  0  5 1.00
  8 116  0  5 1.00
  8 117  0  5 1.00
  8 118  0  5 1.00
  8 151  0  5 1.00
  8 152  0  5 1.00
  9  10  0  5 1.00
  9  11  0  5 1.00
  9 115  0  5 1.00
  9 116  0  5 1.00
  9 117  0  5 1.00
  9 149  0  5 1.00
  9 150  0  5 1.00
  9 151  0  5 1.00
  9 152  0  5 1.00
  9 157  0  5 1.00
 10  11  0  5 1.00
 10  12  0  5 1.00
 10 113  0  5 1.00
 10 114  0  5 1.00
 10 115  0  5 1.00
 10 149  0  5 1.00
 10 150  0  5 1.00
 11  12  0  5 1.00
 11  13  0  5 1.00
 11 113  0  5 1.00
 11 114  0  5 1.00
 11 115  0  5 1.00
 11 147  0  5 1.00
 11 148  0  5 1.00
 11 149  0  5 1.00
 11 150  0  5 1.00
 12  13  0  5 1.00
 12  14  0  5 1.00
 12 111  0  5 1.00
 12 112  0  5 1.00
 12 113  0  5 1.00
 12 147  0  5 1.00
 12 148  0  5 1.00
 13  14  0  5 1.00
 13  15  0  5 1.00
 13 111  0  5 1.00
 13 112  0  5 1.00
 13 146  0  5 1.00
 13 147  0  5 1.00
 14  15  0  5 1.00
 14  16  0  5 1.00
 14  17  0  5 1.00
 14 111  0  5 1.00
 14 145  0  5 1.00
 14 146  0  5 1.00
 14 147  0  5 1.00
 15  16  0  5 1.00
 15  17  0  5 1.00
 15  20  0  5 1.00
 15 145  0  5 1.00
 15 146  0  5 1.00
 15 147  0  5 1.00
 16  17  0  5 1.00
 16  18  0  5 1.00
 16  19  0  5 1.00
 16  20  0  5 1.00
 16  21  0  5 1.00
 16  52  0  5 1.00
 17  18  0  5 1.00
 17  19  0  5 1.00
 17  20  0  5 1.00
 17  21  0  5 1.00
 18  19  0  5 1.00
 18  20  0  5 1.00
 18  21  0  5 1.00
 18  22  0  5 1.00
 19  20  0  5 1.00
 19  21  0  5 1.00
 19  22  0  5 1.00
 19  23  0  5 1.00
 20  21  0  5 1.00
 20  22  0  5 1.00
 20  23  0  5 1.00
 20  24  0  5 1.00
 21  22  0  5 1.00
 21  23  0  5 1.00
 21  24  0  5 1.00
 21  25  0  5 1.00
 21  26  0  5 1.00
 22  23  0  5 1.00
 22  24  0  5 1.00
 22  25  0  5 1.00
 22  26  0  5 1.00
 22  27  0  5 1.00
 23  24  0  5 1.00
 23  25  0  5 1.00
 23  26  0  5 1.00
 23  27  0  5 1.00
 24  25  0  5 1.00
 24  26  0  5 1.00
 24  27  0  5 1.00
 25  26  0  5 1.00
 25  27  0  5 1.00
 26  27  0  5 1.00
 26  28  0  5 1.00
 26  29  0  5 1.00
 26  30  0  5 1.00
 27  28  0  5 1.00
 27  29  0  5 1.00
 27  30  0  5 1.00
 28  29  0  5 1.00
 28  30  0  5 1.00
 29  30  0  5 1.00
 29  31  0  5 1.00
 29  32  0  5 1.00
 30  31  0  5 1.00
 30  32  0  5 1.00
 31  32  0  5 1.00
 31  33  0  5 1.00
 32  33  0  5 1.00
 32  34  0  5 1.00
 33  34  0  5 1.00
 33  35  0  5 1.00
 33  55  0  5 1.00
 33  56  0  5 1.00
 33  77  0  5 1.00
 33  78  0  5 1.00
 34  35  0  5 1.00
 34  36  0  5 1.00
 34  51  0  5 1.00
 34  52  0  5 1.00
 34  53  0  5 1.00
 34  56  0  5 1.00
 34  78  0  5 1.00
 35  36  0  5 1.00
 35  37  0  5 1.00
 35  51  0  5 1.00
 35  52  0  5 1.00
 35  78  0  5 1.00
 35  79  0  5 1.00
 35  80  0  5 1.00
 36  37  0  5 1.00
 36  38  0  5 1.00
 36  48  0  5 1.00
 36  49  0  5 1.00
 36  50  0  5 1.00
 36  51  0  5 1.00
 36  52  0  5 1.00
 36  80  0  5 1.00
 37  38  0  5 1.00
 37  39  0  5 1.00
 37  48  0  5 1.00
 37  49  0  5 1.00
 37  50  0  5 1.00
 37  80  0  5 1.00
 37  81  0  5 1.00
 37  82  0  5 1.00
 38  39  0  5 1.00
 38  40  0  5 1.00
 38  46  0  5 1.00
 38  47  0  5 1.00
 38  48  0  5 1.00
 38  50  0  5 1.00
 38  82  0  5 1.00
 39  40  0  5 1.00
 39  41  0  5 1.00
 39  46  0  5 1.00
 39  47  0  5 1.00
 40  41  0  5 1.00
 40  42  0  5 1.00
 40  46  0  5 1.00
 40  47  0  5 1.00
 40 256  0  5 1.00
 41  42  0  5 1.00
 41  43  0  5 1.00
 41  46  0  5 1.00
 41 258  0  5 1.00
 42  43  0  5 1.00
 42  44  0  5 1.00
 42 258  0  5 1.00
 43  44  0  5 1.00
 43  45  0  5 1.00
 43  46  0  5 1.00
 44  45  0  5 1.00
 44  46  0  5 1.00
 45  46  0  5 1.00
 45  47  0  5 1.00
 45  67  0  5 1.00
 45  68  0  5 1.00
 46  47  0  5 1.00
 46  48  0  5 1.00
 47  48  0  5 1.00
 47  49  0  5 1.00
 47  65  0  5 1.00
 47  66  0  5 1.00
 47  67  0  5 1.00
 48  49  0  5 1.00
 48  50  0  5 1.00
 48  65  0  5 1.00
 48  66  0  5 1.00
 48  67  0  5 1.00
 49  50  0  5 1.00
 49  51  0  5 1.00
 49  62  0  5 1.00
 49  63  0  5 1.00
 49  64  0  5 1.00
 49  65  0  5 1.00
 49  66  0  5 1.00
 49  67  0  5 1.00
 50  51  0  5 1.00
 50  52  0  5 1.00
 50  63  0  5 1.00
 51  52  0  5 1.00
 51  53  0  5 1.00
 51  63  0  5 1.00
 52  53  0  5 1.00
 52  54  0  5 1.00
 52  61  0  5 1.00
 53  54  0  5 1.00
 53  55  0  5 1.00
 53  56  0  5 1.00
 53  57  0  5 1.00
 53  61  0  5 1.00
 54  55  0  5 1.00
 54  56  0  5 1.00
 54  57  0  5 1.00
 54  58  0  5 1.00
 55  56  0  5 1.00
 55  57  0  5 1.00
 55  58  0  5 1.00
 55  59  0  5 1.00
 56  57  0  5 1.00
 56  58  0  5 1.00
 56  59  0  5 1.00
 56  60  0  5 1.00
 56  61  0  5 1.00
 57  58  0  5 1.00
 57  59  0  5 1.00
 57  60  0  5 1.00
 57  61  0  5 1.00
 58  59  0  5 1.00
 58  60  0  5 1.00
 59  60  0  5 1.00
 59  61  0  5 1.00
 60  61  0  5 1.00
 60  62  0  5 1.00
 61  62  0  5 1.00
 61  63  0  5 1.00
 62  63  0  5 1.00
 62  64  0  5 1.00
 62  65  0  5 1.00
 63  64  0  5 1.00
 63  65  0  5 1.00
 64  65  0  5 1.00
 64  66  0  5 1.00
 65  66  0  5 1.00
 65  67  0  5 1.00
 66  67  0  5 1.00
 66  68  0  5 1.00
 66  69  0  5 1.00
 66  70  0  5 1.00
 67  68  0  5 1.00
 67  69  0  5 1.00
 67  70  0  5 1.00
 67  71  0  5 1.00
 68  69  0  5 1.00
 68  70  0  5 1.00
 68  71  0  5 1.00
 68  72  0  5 1.00
 69  70  0  5 1.00
 69  71  0  5 1.00
 69  72  0  5 1.00
 69  73  0  5 1.00
 70  71  0  5 1.00
 70  72  0  5 1.00
 70  73  0  5 1.00
 70  74  0  5 1.00
 70  75  0  5 1.00
 71  72  0  5 1.00
 71  73  0  5 1.00
 71  74  0  5 1.00
 71  75  0  5 1.00
 72  73  0  5 1.00
 72  74  0  5 1.00
 72  75  0  5 1.00
 73  74  0  5 1.00
 73  75  0  5 1.00
 74  75  0  5 1.00
 74  76  0  5 1.00
 74  77  0  5 1.00
 75  76  0  5 1.00
 75  77  0  5 1.00
 76  77  0  5 1.00
 76  78  0  5 1.00
 77  78  0  5 1.00
 77  79  0  5 1.00
 78  79  0  5 1.00
 78  80  0  5 1.00
 79  80  0  5 1.00
 79  81  0  5 1.00
 80  81  0  5 1.00
 80  82  0  5 1.00
 81  82  0  5 1.00
 81  83  0  5 1.00
 82  83  0  5 1.00
 82  84  0  5 1.00
 83  84  0  5 1.00
 83  85  0  5 1.00
 83  86  0  5 1.00
 83  87  0  5 1.00
 84  85  0  5 1.00
 84  86  0  5 1.00
 84  87  0  5 1.00
 84  88  0  5 1.00
 84  89  0  5 1.00
 85  86  0  5 1.00
 85  87  0  5 1.00
 85  88  0  5 1.00
 85  89  0  5 1.00
 86  87  0  5 1.00
 86  88  0  5 1.00
 86  89  0  5 1.00
 86  90  0  5 1.00
 86  91  0  5 1.00
 87  88  0  5 1.00
 87  89  0  5 1.00
 87  90  0  5 1.00
 87  91  0  5 1.00
 87  92  0  5 1.00
 88  89  0  5 1.00
 88  90  0  5 1.00
 88  91  0  5 1.00
 88  92  0  5 1.00
 89  90  0  5 1.00
 89  91  0  5 1.00
 89  92  0  5 1.00
 89  93  0  5 1.00
 90  91  0  5 1.00
 90  92  0  5 1.00
 90  93  0  5 1.00
 90  94  0  5 1.00
 91  92  0  5 1.00
 91  93  0  5 1.00
 91  94  0  5 1.00
 91  95  0  5 1.00
 91 110  0  5 1.00
 92  93  0  5 1.00
 92  94  0  5 1.00
 92  95  0  5 1.00
 92  96  0  5 1.00
 93  94  0  5 1.00
 93  95  0  5 1.00
 93  96  0  5 1.00
 93  97  0  5 1.00
 94  95  0  5 1.00
 94  96  0  5 1.00
 94  97  0  5 1.00
 94  98  0  5 1.00
 95  96  0  5 1.00
 95  97  0  5 1.00
 95  98  0  5 1.00
 95  99  0  5 1.00
 96  97  0  5 1.00
 96  98  0  5 1.00
 96  99  0  5 1.00
 96 100  0  5 1.00
 97  98  0  5 1.00
 97  99  0  5 1.00
 97 100  0  5 1.00
 97 101  0  5 1.00
 98  99  0  5 1.00
 98 100  0  5 1.00
 98 101  0  5 1.00
 98 102  0  5 1.00
 99 100  0  5 1.00
 99 101  0  5 1.00
 99 102  0  5 1.00
 99 103  0  5 1.00
100 101  0  5 1.00
100 102  0  5 1.00
101 102  0  5 1.00
101 103  0  5 1.00
102 103  0  5 1.00
102 104  0  5 1.00
102 105  0  5 1.00
103 104  0  5 1.00
103 105  0  5 1.00
104 105  0  5 1.00
104 106  0  5 1.00
104 114  0  5 1.00
104 115  0  5 1.00
104 116  0  5 1.00
105 106  0  5 1.00
105 107  0  5 1.00
105 114  0  5 1.00
105 115  0  5 1.00
105 244  0  5 1.00
105 245  0  5 1.00
106 107  0  5 1.00
106 108  0  5 1.00
106 112  0  5 1.00
106 113  0  5 1.00
106 114  0  5 1.00
106 244  0  5 1.00
106 245  0  5 1.00
107 108  0  5 1.00
107 109  0  5 1.00
107 112  0  5 1.00
107 113  0  5 1.00
107 245  0  5 1.00
108 109  0  5 1.00
108 110  0  5 1.00
108 112  0  5 1.00
108 113  0  5 1.00
109 110  0  5 1.00
109 111  0  5 1.00
109 112  0  5 1.00
110 111  0  5 1.00
110 112  0  5 1.00
111 112  0  5 1.00
111 113  0  5 1.00
112 113  0  5 1.00
112 114  0  5 1.00
113 114  0  5 1.00
113 115  0  5 1.00
114 115  0  5 1.00
114 116  0  5 1.00
115 116  0  5 1.00
115 117  0  5 1.00
116 117  0  5 1.00
116 118  0  5 1.00
116 119  0  5 1.00
117 118  0  5 1.00
117 119  0  5 1.00
117 120  0  5 1.00
117 121  0  5 1.00
118 119  0  5 1.00
118 120  0  5 1.00
118 121  0  5 1.00
118 122  0  5 1.00
119 120  0  5 1.00
119 121  0  5 1.00
119 122  0  5 1.00
120 121  0  5 1.00
120 122  0  5 1.00
121 122  0  5 1.00
121 123  0  5 1.00
122 123  0  5 1.00
122 124  0  5 1.00
122 126  0  5 1.00
123 124  0  5 1.00
123 125  0  5 1.00
123 126  0  5 1.00
123 127  0  5 1.00
124 125  0  5 1.00
124 126  0  5 1.00
124 127  0  5 1.00
124 128  0  5 1.00
125 126  0  5 1.00
125 127  0  5 1.00
125 128  0  5 1.00
125 129  0  5 1.00
126 127  0  5 1.00
126 128  0  5 1.00
126 129  0  5 1.00
126 130  0  5 1.00
126 131  0  5 1.00
127 128  0  5 1.00
127 129  0  5 1.00
127 130  0  5 1.00
127 131  0  5 1.00
128 129  0  5 1.00
128 130  0  5 1.00
128 131  0  5 1.00
128 132  0  5 1.00
129 130  0  5 1.00
129 131  0  5 1.00
129 132  0  5 1.00
129 133  0  5 1.00
130 131  0  5 1.00
130 132  0  5 1.00
130 133  0  5 1.00
130 134  0  5 1.00
131 132  0  5 1.00
131 133  0  5 1.00
131 134  0  5 1.00
131 135  0  5 1.00
131 136  0  5 1.00
132 133  0  5 1.00
132 134  0  5 1.00
132 135  0  5 1.00
132 136  0  5 1.00
132 137  0  5 1.00
133 134  0  5 1.00
133 135  0  5 1.00
133 136  0  5 1.00
133 137  0  5 1.00
133 138  0  5 1.00
134 135  0  5 1.00
134 136  0  5 1.00
134 137  0  5 1.00
134 138  0  5 1.00
134 139  0  5 1.00
135 136  0  5 1.00
135 137  0  5 1.00
135 138  0  5 1.00
135 139  0  5 1.00
135 140  0  5 1.00
135 144  0  5 1.00
136 137  0  5 1.00
136 138  0  5 1.00
136 139  0  5 1.00
136 140  0  5 1.00
136 141  0  5 1.00
137 138  0  5 1.00
137 139  0  5 1.00
137 140  0  5 1.00
137 141  0  5 1.00
137 142  0  5 1.00
138 139  0  5 1.00
138 140  0  5 1.00
138 141  0  5 1.00
138 142  0  5 1.00
138 143  0  5 1.00
138 144  0  5 1.00
139 140  0  5 1.00
139 141  0  5 1.00
139 142  0  5 1.00
139 143  0  5 1.00
139 144  0  5 1.00
140 141  0  5 1.00
140 142  0  5 1.00
140 143  0  5 1.00
141 142  0  5 1.00
141 143  0  5 1.00
142 143  0  5 1.00
142 144  0  5 1.00
143 144  0  5 1.00
143 145  0  5 1.00
144 145  0  5 1.00
144 146  0  5 1.00
145 146  0  5 1.00
145 147  0  5 1.00
146 147  0  5 1.00
146 148  0  5 1.00
146 167  0  5 1.00
146 168  0  5 1.00
147 148  0  5 1.00
147 149  0  5 1.00
147 167  0  5 1.00
147 168  0  5 1.00
148 149  0  5 1.00
148 150  0  5 1.00
148 160  0  5 1.00
148 161  0  5 1.00
148 168  0  5 1.00
148 169  0  5 1.00
148 170  0  5 1.00
149 150  0  5 1.00
149 151  0  5 1.00
149 157  0  5 1.00
149 160  0  5 1.00
149 161  0  5 1.00
149 170  0  5 1.00
150 151  0  5 1.00
150 152  0  5 1.00
150 156  0  5 1.00
150 157  0  5 1.00
150 170  0  5 1.00
150 171  0  5 1.00
150 172  0  5 1.00
151 152  0  5 1.00
151 153  0  5 1.00
151 156  0  5 1.00
151 157  0  5 1.00
151 172  0  5 1.00
152 153  0  5 1.00
152 154  0  5 1.00
152 172  0  5 1.00
153 154  0  5 1.00
153 155  0  5 1.00
153 156  0  5 1.00
153 157  0  5 1.00
154 155  0  5 1.00
154 156  0  5 1.00
154 157  0  5 1.00
154 158  0  5 1.00
154 159  0  5 1.00
155 156  0  5 1.00
155 157  0  5 1.00
155 158  0  5 1.00
155 159  0  5 1.00
156 157  0  5 1.00
156 158  0  5 1.00
156 159  0  5 1.00
156 160  0  5 1.00
157 158  0  5 1.00
157 159  0  5 1.00
157 160  0  5 1.00
157 161  0  5 1.00
158 159  0  5 1.00
158 160  0  5 1.00
158 161  0  5 1.00
158 162  0  5 1.00
159 160  0  5 1.00
159 161  0  5 1.00
159 162  0  5 1.00
159 163  0  5 1.00
160 161  0  5 1.00
160 162  0  5 1.00
160 163  0  5 1.00
160 164  0  5 1.00
161 162  0  5 1.00
161 163  0  5 1.00
161 164  0  5 1.00
161 165  0  5 1.00
162 163  0  5 1.00
162 164  0  5 1.00
162 165  0  5 1.00
163 164  0  5 1.00
163 165  0  5 1.00
164 165  0  5 1.00
164 166  0  5 1.00
164 167  0  5 1.00
164 168  0  5 1.00
165 166  0  5 1.00
165 167  0  5 1.00
165 168  0  5 1.00
166 167  0  5 1.00
166 168  0  5 1.00
167 168  0  5 1.00
167 169  0  5 1.00
168 169  0  5 1.00
168 170  0  5 1.00
169 170  0  5 1.00
169 171  0  5 1.00
170 171  0  5 1.00
170 172  0  5 1.00
171 172  0  5 1.00
171 173  0  5 1.00
172 173  0  5 1.00
172 174  0  5 1.00
173 174  0  5 1.00
173 175  0  5 1.00
173 176  0  5 1.00
173 177  0  5 1.00
174 175  0  5 1.00
174 176  0  5 1.00
174 177  0  5 1.00
174 178  0  5 1.00
175 176  0  5 1.00
175 177  0  5 1.00
175 178  0  5 1.00
175 179  0  5 1.00
176 177  0  5 1.00
176 178  0  5 1.00
176 179  0  5 1.00
176 180  0  5 1.00
176 181  0  5 1.00
177 178  0  5 1.00
177 179  0  5 1.00
177 180  0  5 1.00
177 181  0  5 1.00
178 179  0  5 1.00
178 180  0  5 1.00
178 181  0  5 1.00
178 182  0  5 1.00
179 180  0  5 1.00
179 181  0  5 1.00
179 182  0  5 1.00
179 183  0  5 1.00
179 184  0  5 1.00
180 181  0  5 1.00
180 182  0  5 1.00
180 183  0  5 1.00
180 184  0  5 1.00
181 182  0  5 1.00
181 183  0  5 1.00
181 184  0  5 1.00
181 207  0  5 1.00
181 208  0  5 1.00
181 209  0  5 1.00
182 183  0  5 1.00
182 184  0  5 1.00
182 207  0  5 1.00
182 209  0  5 1.00
183 184  0  5 1.00
183 185  0  5 1.00
184 185  0  5 1.00
184 186  0  5 1.00
184 206  0  5 1.00
184 207  0  5 1.00
184 208  0  5 1.00
185 186  0  5 1.00
185 187  0  5 1.00
185 188  0  5 1.00
185 189  0  5 1.00
185 206  0  5 1.00
186 187  0  5 1.00
186 188  0  5 1.00
186 189  0  5 1.00
186 206  0  5 1.00
186 207  0  5 1.00
186 208  0  5 1.00
187 188  0  5 1.00
187 189  0  5 1.00
187 192  0  5 1.00
188 189  0  5 1.00
188 190  0  5 1.00
189 190  0  5 1.00
189 191  0  5 1.00
189 192  0  5 1.00
190 191  0  5 1.00
190 192  0  5 1.00
191 192  0  5 1.00
191 193  0  5 1.00
192 193  0  5 1.00
192 194  0  5 1.00
193 194  0  5 1.00
193 195  0  5 1.00
193 196  0  5 1.00
193 197  0  5 1.00
194 195  0  5 1.00
194 196  0  5 1.00
194 197  0  5 1.00
194 198  0  5 1.00
195 196  0  5 1.00
195 197  0  5 1.00
195 198  0  5 1.00
195 199  0  5 1.00
196 197  0  5 1.00
196 198  0  5 1.00
196 199  0  5 1.00
196 200  0  5 1.00
196 201  0  5 1.00
197 198  0  5 1.00
197 199  0  5 1.00
197 200  0  5 1.00
197 201  0  5 1.00
198 199  0  5 1.00
198 200  0  5 1.00
198 201  0  5 1.00
198 202  0  5 1.00
199 200  0  5 1.00
199 201  0  5 1.00
199 202  0  5 1.00
199 203  0  5 1.00
200 201  0  5 1.00
200 202  0  5 1.00
200 203  0  5 1.00
200 204  0  5 1.00
200 205  0  5 1.00
200 206  0  5 1.00
201 202  0  5 1.00
201 203  0  5 1.00
201 204  0  5 1.00
201 205  0  5 1.00
202 203  0  5 1.00
202 204  0  5 1.00
203 204  0  5 1.00
203 205  0  5 1.00
204 205  0  5 1.00
204 206  0  5 1.00
205 206  0  5 1.00
205 207  0  5 1.00
206 207  0  5 1.00
206 208  0  5 1.00
207 208  0  5 1.00
207 209  0  5 1.00
207 210  0  5 1.00
207 211  0  5 1.00
208 209  0  5 1.00
208 210  0  5 1.00
208 211  0  5 1.00
208 212  0  5 1.00
208 231  0  5 1.00
208 235  0  5 1.00
209 210  0  5 1.00
209 211  0  5 1.00
209 212  0  5 1.00
209 213  0  5 1.00
210 211  0  5 1.00
210 212  0  5 1.00
210 213  0  5 1.00
210 214  0  5 1.00
211 212  0  5 1.00
211 213  0  5 1.00
211 214  0  5 1.00
212 213  0  5 1.00
212 214  0  5 1.00
213 214  0  5 1.00
213 215  0  5 1.00
214 215  0  5 1.00
214 216  0  5 1.00
215 216  0  5 1.00
215 217  0  5 1.00
215 218  0  5 1.00
215 219  0  5 1.00
216 217  0  5 1.00
216 218  0  5 1.00
216 219  0  5 1.00
216 220  0  5 1.00
216 221  0  5 1.00
217 218  0  5 1.00
217 219  0  5 1.00
217 220  0  5 1.00
217 221  0  5 1.00
218 219  0  5 1.00
218 220  0  5 1.00
218 221  0  5 1.00
218 222  0  5 1.00
219 220  0  5 1.00
219 221  0  5 1.00
219 222  0  5 1.00
219 223  0  5 1.00
219 224  0  5 1.00
220 221  0  5 1.00
220 222  0  5 1.00
220 223  0  5 1.00
220 224  0  5 1.00
220 225  0  5 1.00
221 222  0  5 1.00
221 223  0  5 1.00
221 224  0  5 1.00
222 223  0  5 1.00
222 224  0  5 1.00
223 224  0  5 1.00
223 225  0  5 1.00
223 227  0  5 1.00
223 228  0  5 1.00
224 225  0  5 1.00
224 226  0  5 1.00
224 227  0  5 1.00
224 228  0  5 1.00
225 226  0  5 1.00
225 227  0  5 1.00
225 228  0  5 1.00
225 229  0  5 1.00
225 230  0  5 1.00
226 227  0  5 1.00
226 228  0  5 1.00
226 229  0  5 1.00
226 230  0  5 1.00
227 228  0  5 1.00
227 229  0  5 1.00
227 230  0  5 1.00
227 231  0  5 1.00
227 232  0  5 1.00
228 229  0  5 1.00
228 230  0  5 1.00
228 231  0  5 1.00
228 232  0  5 1.00
228 233  0  5 1.00
229 230  0  5 1.00
229 231  0  5 1.00
229 232  0  5 1.00
229 233  0  5 1.00
229 234  0  5 1.00
230 231  0  5 1.00
230 232  0  5 1.00
230 233  0  5 1.00
230 234  0  5 1.00
231 232  0  5 1.00
231 233  0  5 1.00
231 234  0  5 1.00
231 235  0  5 1.00
232 233  0  5 1.00
232 234  0  5 1.00
232 235  0  5 1.00
232 236  0  5 1.00
233 234  0  5 1.00
233 235  0  5 1.00
233 236  0  5 1.00
233 237  0  5 1.00
233 238  0  5 1.00
233 239  0  5 1.00
234 235  0  5 1.00
234 236  0  5 1.00
234 237  0  5 1.00
234 238  0  5 1.00
234 239  0  5 1.00
235 236  0  5 1.00
235 237  0  5 1.00
236 237  0  5 1.00
236 238  0  5 1.00
237 238  0  5 1.00
237 239  0  5 1.00
238 239  0  5 1.00
238 240  0  5 1.00
239 240  0  5 1.00
239 241  0  5 1.00
240 241  0  5 1.00
240 242  0  5 1.00
241 242  0  5 1.00
241 243  0  5 1.00
242 243  0  5 1.00
242 244  0  5 1.00
243 244  0  5 1.00
243 245  0  5 1.00
244 245  0  5 1.00
244 246  0  5 1.00
245 246  0  5 1.00
245 247  0  5 1.00
246 247  0  5 1.00
246 248  0  5 1.00
247 248  0  5 1.00
247 249  0  5 1.00
248 249  0  5 1.00
248 250  0  5 1.00
249 250  0  5 1.00
249 251  0  5 1.00
249 343  0  5 1.00
249 344  0  5 1.00
249 345  0  5 1.00
250 251  0  5 1.00
250 252  0  5 1.00
250 343  0  5 1.00
250 344  0  5 1.00
251 252  0  5 1.00
251 253  0  5 1.00
251 341  0  5 1.00
251 342  0  5 1.00
251 343  0  5 1.00
252 253  0  5 1.00
252 254  0  5 1.00
252 341  0  5 1.00
252 342  0  5 1.00
252 343  0  5 1.00
253 254  0  5 1.00
253 255  0  5 1.00
253 274  0  5 1.00
253 339  0  5 1.00
253 340  0  5 1.00
253 341  0  5 1.00
254 255  0  5 1.00
254 256  0  5 1.00
254 339  0  5 1.00
254 340  0  5 1.00
255 256  0  5 1.00
255 257  0  5 1.00
255 337  0  5 1.00
255 338  0  5 1.00
255 339  0  5 1.00
255 340  0  5 1.00
256 257  0  5 1.00
256 258  0  5 1.00
256 337  0  5 1.00
256 338  0  5 1.00
257 258  0  5 1.00
257 259  0  5 1.00
257 337  0  5 1.00
257 338  0  5 1.00
258 259  0  5 1.00
258 260  0  5 1.00
259 260  0  5 1.00
259 261  0  5 1.00
259 336  0  5 1.00
260 261  0  5 1.00
260 262  0  5 1.00
260 336  0  5 1.00
260 337  0  5 1.00
261 262  0  5 1.00
261 263  0  5 1.00
261 335  0  5 1.00
261 336  0  5 1.00
261 337  0  5 1.00
262 263  0  5 1.00
262 264  0  5 1.00
262 336  0  5 1.00
263 264  0  5 1.00
263 265  0  5 1.00
263 266  0  5 1.00
263 267  0  5 1.00
264 265  0  5 1.00
264 266  0  5 1.00
264 267  0  5 1.00
264 268  0  5 1.00
265 266  0  5 1.00
265 267  0  5 1.00
265 268  0  5 1.00
266 267  0  5 1.00
266 268  0  5 1.00
266 269  0  5 1.00
267 268  0  5 1.00
267 269  0  5 1.00
267 270  0  5 1.00
267 271  0  5 1.00
268 269  0  5 1.00
268 270  0  5 1.00
268 271  0  5 1.00
268 272  0  5 1.00
268 273  0  5 1.00
269 270  0  5 1.00
269 271  0  5 1.00
269 272  0  5 1.00
269 273  0  5 1.00
270 271  0  5 1.00
270 272  0  5 1.00
270 273  0  5 1.00
270 274  0  5 1.00
271 272  0  5 1.00
271 273  0  5 1.00
271 274  0  5 1.00
271 275  0  5 1.00
272 273  0  5 1.00
272 274  0  5 1.00
272 275  0  5 1.00
272 276  0  5 1.00
273 274  0  5 1.00
273 275  0  5 1.00
273 276  0  5 1.00
273 277  0  5 1.00
273 278  0  5 1.00
274 275  0  5 1.00
274 276  0  5 1.00
274 277  0  5 1.00
274 278  0  5 1.00
275 276  0  5 1.00
275 277  0  5 1.00
275 278  0  5 1.00
275 279  0  5 1.00
276 277  0  5 1.00
276 278  0  5 1.00
276 279  0  5 1.00
276 280  0  5 1.00
277 278  0  5 1.00
277 279  0  5 1.00
277 280  0  5 1.00
277 281  0  5 1.00
278 279  0  5 1.00
278 280  0  5 1.00
278 281  0  5 1.00
278 282  0  5 1.00
279 280  0  5 1.00
279 281  0  5 1.00
279 282  0  5 1.00
279 283  0  5 1.00
280 281  0  5 1.00
280 282  0  5 1.00
280 283  0  5 1.00
281 282  0  5 1.00
281 283  0  5 1.00
282 283  0  5 1.00
282 284  0  5 1.00
282 285  0  5 1.00
283 284  0  5 1.00
283 285  0  5 1.00
284 285  0  5 1.00
284 286  0  5 1.00
285 286  0  5 1.00
285 287  0  5 1.00
286 287  0  5 1.00
286 288  0  5 1.00
286 345  0  5 1.00
286 346  0  5 1.00
286 347  0  5 1.00
287 288  0  5 1.00
287 289  0  5 1.00
287 310  0  5 1.00
287 311  0  5 1.00
287 312  0  5 1.00
287 344  0  5 1.00
287 345  0  5 1.00
287 346  0  5 1.00
287 347  0  5 1.00
288 289  0  5 1.00
288 290  0  5 1.00
288 306  0  5 1.00
288 307  0  5 1.00
288 308  0  5 1.00
288 310  0  5 1.00
288 311  0  5 1.00
288 312  0  5 1.00
288 344  0  5 1.00
288 345  0  5 1.00
288 346  0  5 1.00
289 290  0  5 1.00
289 291  0  5 1.00
289 306  0  5 1.00
289 307  0  5 1.00
289 308  0  5 1.00
289 342  0  5 1.00
289 343  0  5 1.00
289 344  0  5 1.00
289 345  0  5 1.00
290 291  0  5 1.00
290 292  0  5 1.00
290 304  0  5 1.00
290 305  0  5 1.00
290 306  0  5 1.00
290 342  0  5 1.00
290 343  0  5 1.00
291 292  0  5 1.00
291 293  0  5 1.00
291 304  0  5 1.00
291 305  0  5 1.00
291 340  0  5 1.00
291 341  0  5 1.00
291 342  0  5 1.00
292 293  0  5 1.00
292 294  0  5 1.00
292 302  0  5 1.00
292 303  0  5 1.00
292 304  0  5 1.00
292 305  0  5 1.00
292 340  0  5 1.00
292 341  0  5 1.00
293 294  0  5 1.00
293 295  0  5 1.00
293 302  0  5 1.00
293 303  0  5 1.00
293 338  0  5 1.00
293 339  0  5 1.00
293 340  0  5 1.00
293 341  0  5 1.00
294 295  0  5 1.00
294 296  0  5 1.00
294 300  0  5 1.00
294 301  0  5 1.00
294 302  0  5 1.00
294 303  0  5 1.00
294 338  0  5 1.00
294 339  0  5 1.00
294 340  0  5 1.00
295 296  0  5 1.00
295 297  0  5 1.00
295 300  0  5 1.00
295 301  0  5 1.00
295 335  0  5 1.00
295 336  0  5 1.00
295 337  0  5 1.00
295 338  0  5 1.00
295 339  0  5 1.00
296 297  0  5 1.00
296 298  0  5 1.00
296 299  0  5 1.00
296 300  0  5 1.00
296 301  0  5 1.00
296 335  0  5 1.00
296 336  0  5 1.00
296 337  0  5 1.00
297 298  0  5 1.00
297 299  0  5 1.00
297 335  0  5 1.00
297 336  0  5 1.00
297 337  0  5 1.00
298 299  0  5 1.00
298 300  0  5 1.00
299 300  0  5 1.00
299 301  0  5 1.00
300 301  0  5 1.00
300 302  0  5 1.00
301 302  0  5 1.00
301 303  0  5 1.00
302 303  0  5 1.00
302 304  0  5 1.00
303 304  0  5 1.00
303 305  0  5 1.00
304 305  0  5 1.00
304 306  0  5 1.00
304 324  0  5 1.00
305 306  0  5 1.00
305 307  0  5 1.00
306 307  0  5 1.00
306 308  0  5 1.00
307 308  0  5 1.00
307 309  0  5 1.00
308 309  0  5 1.00
308 310  0  5 1.00
309 310  0  5 1.00
309 311  0  5 1.00
310 311  0  5 1.00
310 312  0  5 1.00
311 312  0  5 1.00
311 313  0  5 1.00
312 313  0  5 1.00
312 314  0  5 1.00
313 314  0  5 1.00
313 315  0  5 1.00
313 316  0  5 1.00
313 317  0  5 1.00
313 318  0  5 1.00
314 315  0  5 1.00
314 316  0  5 1.00
314 317  0  5 1.00
314 318  0  5 1.00
314 319  0  5 1.00
315 316  0  5 1.00
315 317  0  5 1.00
315 318  0  5 1.00
315 319  0  5 1.00
315 320  0  5 1.00
316 317  0  5 1.00
316 318  0  5 1.00
316 319  0  5 1.00
316 320  0  5 1.00
316 321  0  5 1.00
317 318  0  5 1.00
317 319  0  5 1.00
317 320  0  5 1.00
317 321  0  5 1.00
317 322  0  5 1.00
318 319  0  5 1.00
318 320  0  5 1.00
318 321  0  5 1.00
318 322  0  5 1.00
319 320  0  5 1.00
319 321  0  5 1.00
319 322  0  5 1.00
319 323  0  5 1.00
320 321  0  5 1.00
320 322  0  5 1.00
320 323  0  5 1.00
320 324  0  5 1.00
320 325  0  5 1.00
321 322  0  5 1.00
321 323  0  5 1.00
321 324  0  5 1.00
321 325  0  5 1.00
321 326  0  5 1.00
322 323  0  5 1.00
322 324  0  5 1.00
322 325  0  5 1.00
322 326  0  5 1.00
322 327  0  5 1.00
323 324  0  5 1.00
323 325  0  5 1.00
323 326  0  5 1.00
323 327  0  5 1.00
324 325  0  5 1.00
324 326  0  5 1.00
324 327  0  5 1.00
324 328  0  5 1.00
325 326  0  5 1.00
325 327  0  5 1.00
325 328  0  5 1.00
325 329  0  5 1.00
325 330  0  5 1.00
326 327  0  5 1.00
326 328  0  5 1.00
326 329  0  5 1.00
326 330  0  5 1.00
326 331  0  5 1.00
327 328  0  5 1.00
327 329  0  5 1.00
327 330  0  5 1.00
327 331  0  5 1.00
327 332  0  5 1.00
328 329  0  5 1.00
328 330  0  5 1.00
328 331  0  5 1.00
328 332  0  5 1.00
329 330  0  5 1.00
329 331  0  5 1.00
329 332  0  5 1.00
329 333  0  5 1.00
330 331  0  5 1.00
330 332  0  5 1.00
331 332  0  5 1.00
331 333  0  5 1.00
332 333  0  5 1.00
332 334  0  5 1.00
333 334  0  5 1.00
333 335  0  5 1.00
334 335  0  5 1.00
334 336  0  5 1.00
335 336  0  5 1.00
335 337  0  5 1.00
336 337  0  5 1.00
336 338  0  5 1.00
337 338  0  5 1.00
337 339  0  5 1.00
338 339  0  5 1.00
338 340  0  5 1.00
339 340  0  5 1.00
339 341  0  5 1.00
340 341  0  5 1.00
340 342  0  5 1.00
341 342  0  5 1.00
341 343  0  5 1.00
342 343  0  5 1.00
342 344  0  5 1.00
343 344  0  5 1.00
343 345  0  5 1.00
344 345  0  5 1.00
344 346  0  5 1.00
345 346  0  5 1.00
345 347  0  5 1.00
346 347  0  5 1.00
346 348  0  5 1.00
347 348  0  5 1.00
END
HELX_P HELX_P1  1  TYR A 16  ? ASN A 26  ? TYR A 10  ASN A 20  1 ? 11 
HELX_P HELX_P2  2  PRO A 27  ? LYS A 30  ? PRO A 21  LYS A 24  5 ? 4  
HELX_P HELX_P3  3  ASN A 53  ? LYS A 58  ? ASN A 47  LYS A 52  1 ? 6  
HELX_P HELX_P4  4  PRO A 66  ? LEU A 74  ? PRO A 60  LEU A 68  1 ? 9  
HELX_P HELX_P5  5  ARG A 83  ? GLU A 100 ? ARG A 77  GLU A 94  1 ? 18 
HELX_P HELX_P6  6  ARG A 122 ? LYS A 143 ? ARG A 116 LYS A 137 1 ? 22 
HELX_P HELX_P7  7  ASN A 153 ? LYS A 165 ? ASN A 147 LYS A 159 1 ? 13 
HELX_P HELX_P8  8  GLU A 175 ? LEU A 184 ? GLU A 169 LEU A 178 1 ? 10 
HELX_P HELX_P9  9  ILE A 186 ? VAL A 189 ? ILE A 180 VAL A 183 5 ? 4  
HELX_P HELX_P10 10 GLY A 193 ? LEU A 203 ? GLY A 187 LEU A 197 1 ? 11 
HELX_P HELX_P11 11 LEU A 208 ? SER A 213 ? LEU A 202 SER A 207 5 ? 6  
HELX_P HELX_P12 12 GLU A 215 ? GLY A 224 ? GLU A 209 GLY A 218 1 ? 10 
HELX_P HELX_P13 13 GLY A 224 ? ARG A 236 ? GLY A 218 ARG A 230 1 ? 13 
HELX_P HELX_P14 14 ASN A 263 ? ASP A 283 ? ASN A 257 ASP A 277 1 ? 21 
HELX_P HELX_P15 15 SER A 313 ? ASP A 332 ? SER A 307 ASP A 326 1 ? 20 