2cqs 842
 21  22  0  5 1.00
 21  23  0  5 1.00
 21 717  0  5 1.00
 21 718  0  5 1.00
 21 719  0  5 1.00
 21 720  0  5 1.00
 21 721  0  5 1.00
 22  23  0  5 1.00
 22  24  0  5 1.00
 22 717  0  5 1.00
 23  24  0  5 1.00
 23  25  0  5 1.00
 23  34  0  5 1.00
 23  35  0  5 1.00
 23  36  0  5 1.00
 23  37  0  5 1.00
 24  25  0  5 1.00
 24  26  0  5 1.00
 24  34  0  5 1.00
 24  35  0  5 1.00
 24  36  0  5 1.00
 25  26  0  5 1.00
 25  27  0  5 1.00
 25  32  0  5 1.00
 25  33  0  5 1.00
 25  34  0  5 1.00
 26  27  0  5 1.00
 26  28  0  5 1.00
 26  32  0  5 1.00
 26  33  0  5 1.00
 26  34  0  5 1.00
 27  28  0  5 1.00
 27  29  0  5 1.00
 27  30  0  5 1.00
 27  31  0  5 1.00
 27  32  0  5 1.00
 27  33  0  5 1.00
 28  29  0  5 1.00
 28  30  0  5 1.00
 28  31  0  5 1.00
 28  32  0  5 1.00
 29  30  0  5 1.00
 29  31  0  5 1.00
 30  31  0  5 1.00
 30  32  0  5 1.00
 31  32  0  5 1.00
 31  33  0  5 1.00
 31 119  0  5 1.00
 31 120  0  5 1.00
 31 121  0  5 1.00
 32  33  0  5 1.00
 32  34  0  5 1.00
 32 119  0  5 1.00
 32 120  0  5 1.00
 33  34  0  5 1.00
 33  35  0  5 1.00
 33 117  0  5 1.00
 33 118  0  5 1.00
 33 119  0  5 1.00
 34  35  0  5 1.00
 34  36  0  5 1.00
 34 117  0  5 1.00
 34 118  0  5 1.00
 35  36  0  5 1.00
 35  37  0  5 1.00
 35 115  0  5 1.00
 35 116  0  5 1.00
 35 117  0  5 1.00
 35 118  0  5 1.00
 36  37  0  5 1.00
 36  38  0  5 1.00
 36 115  0  5 1.00
 36 116  0  5 1.00
 37  38  0  5 1.00
 37  39  0  5 1.00
 37  40  0  5 1.00
 37 115  0  5 1.00
 38  39  0  5 1.00
 38  40  0  5 1.00
 39  40  0  5 1.00
 39  41  0  5 1.00
 40  41  0  5 1.00
 40  42  0  5 1.00
 41  42  0  5 1.00
 41  43  0  5 1.00
 41 724  0  5 1.00
 42  43  0  5 1.00
 42  44  0  5 1.00
 42 724  0  5 1.00
 43  44  0  5 1.00
 43  45  0  5 1.00
 44  45  0  5 1.00
 44  46  0  5 1.00
 44  57  0  5 1.00
 44  58  0  5 1.00
 44  59  0  5 1.00
 45  46  0  5 1.00
 45  47  0  5 1.00
 45  57  0  5 1.00
 45  58  0  5 1.00
 45  59  0  5 1.00
 46  47  0  5 1.00
 46  48  0  5 1.00
 46  55  0  5 1.00
 46  56  0  5 1.00
 46  57  0  5 1.00
 46  58  0  5 1.00
 47  48  0  5 1.00
 47  49  0  5 1.00
 47  55  0  5 1.00
 47  56  0  5 1.00
 47 122  0  5 1.00
 48  49  0  5 1.00
 48  50  0  5 1.00
 48  53  0  5 1.00
 48  54  0  5 1.00
 48  55  0  5 1.00
 48 122  0  5 1.00
 49  50  0  5 1.00
 49  51  0  5 1.00
 49  53  0  5 1.00
 49  54  0  5 1.00
 49 122  0  5 1.00
 49 141  0  5 1.00
 50  51  0  5 1.00
 50  52  0  5 1.00
 50  53  0  5 1.00
 51  52  0  5 1.00
 51  53  0  5 1.00
 52  53  0  5 1.00
 52  54  0  5 1.00
 52  66  0  5 1.00
 52  67  0  5 1.00
 52  68  0  5 1.00
 53  54  0  5 1.00
 53  55  0  5 1.00
 53  66  0  5 1.00
 53  67  0  5 1.00
 53  68  0  5 1.00
 53 146  0  5 1.00
 54  55  0  5 1.00
 54  56  0  5 1.00
 54  64  0  5 1.00
 54  65  0  5 1.00
 54  66  0  5 1.00
 55  56  0  5 1.00
 55  57  0  5 1.00
 55  64  0  5 1.00
 55  65  0  5 1.00
 56  57  0  5 1.00
 56  58  0  5 1.00
 56  62  0  5 1.00
 56  63  0  5 1.00
 56  64  0  5 1.00
 56  65  0  5 1.00
 57  58  0  5 1.00
 57  59  0  5 1.00
 57  62  0  5 1.00
 58  59  0  5 1.00
 58  60  0  5 1.00
 58  61  0  5 1.00
 58  62  0  5 1.00
 59  60  0  5 1.00
 59  61  0  5 1.00
 59 104  0  5 1.00
 60  61  0  5 1.00
 60  62  0  5 1.00
 60 104  0  5 1.00
 60 106  0  5 1.00
 61  62  0  5 1.00
 61  63  0  5 1.00
 61  88  0  5 1.00
 61  89  0  5 1.00
 61  90  0  5 1.00
 62  63  0  5 1.00
 62  64  0  5 1.00
 62  86  0  5 1.00
 62  88  0  5 1.00
 62  89  0  5 1.00
 63  64  0  5 1.00
 63  65  0  5 1.00
 63  77  0  5 1.00
 63  78  0  5 1.00
 63  88  0  5 1.00
 63  89  0  5 1.00
 64  65  0  5 1.00
 64  66  0  5 1.00
 64  76  0  5 1.00
 65  66  0  5 1.00
 65  67  0  5 1.00
 65  73  0  5 1.00
 65  74  0  5 1.00
 65  75  0  5 1.00
 65  76  0  5 1.00
 66  67  0  5 1.00
 66  68  0  5 1.00
 66  69  0  5 1.00
 66  73  0  5 1.00
 66  74  0  5 1.00
 66  75  0  5 1.00
 67  68  0  5 1.00
 67  69  0  5 1.00
 67  73  0  5 1.00
 68  69  0  5 1.00
 68  70  0  5 1.00
 68 427  0  5 1.00
 68 428  0  5 1.00
 69  70  0  5 1.00
 69  71  0  5 1.00
 69  72  0  5 1.00
 69  73  0  5 1.00
 69  74  0  5 1.00
 69 428  0  5 1.00
 70  71  0  5 1.00
 70  72  0  5 1.00
 70  73  0  5 1.00
 70  74  0  5 1.00
 70 379  0  5 1.00
 71  72  0  5 1.00
 71  73  0  5 1.00
 71  74  0  5 1.00
 71 175  0  5 1.00
 71 176  0  5 1.00
 71 177  0  5 1.00
 71 178  0  5 1.00
 71 379  0  5 1.00
 71 380  0  5 1.00
 72  73  0  5 1.00
 72  74  0  5 1.00
 72 175  0  5 1.00
 72 176  0  5 1.00
 73  74  0  5 1.00
 73  75  0  5 1.00
 73 175  0  5 1.00
 74  75  0  5 1.00
 74  76  0  5 1.00
 74 173  0  5 1.00
 74 174  0  5 1.00
 74 175  0  5 1.00
 75  76  0  5 1.00
 75  77  0  5 1.00
 75 171  0  5 1.00
 75 172  0  5 1.00
 75 173  0  5 1.00
 76  77  0  5 1.00
 76  78  0  5 1.00
 76 171  0  5 1.00
 76 172  0  5 1.00
 76 173  0  5 1.00
 77  78  0  5 1.00
 77  79  0  5 1.00
 77 171  0  5 1.00
 77 172  0  5 1.00
 77 173  0  5 1.00
 78  79  0  5 1.00
 78  80  0  5 1.00
 79  80  0  5 1.00
 79  81  0  5 1.00
 79  82  0  5 1.00
 80  81  0  5 1.00
 80  82  0  5 1.00
 81  82  0  5 1.00
 81  83  0  5 1.00
 82  83  0  5 1.00
 82  84  0  5 1.00
 82  85  0  5 1.00
 83  84  0  5 1.00
 83  85  0  5 1.00
 84  85  0  5 1.00
 84  86  0  5 1.00
 84  87  0  5 1.00
 85  86  0  5 1.00
 85  87  0  5 1.00
 86  87  0  5 1.00
 86  88  0  5 1.00
 87  88  0  5 1.00
 87  89  0  5 1.00
 88  89  0  5 1.00
 88  90  0  5 1.00
 89  90  0  5 1.00
 89  91  0  5 1.00
 89 169  0  5 1.00
 89 170  0  5 1.00
 89 171  0  5 1.00
 90  91  0  5 1.00
 90  92  0  5 1.00
 90 169  0  5 1.00
 91  92  0  5 1.00
 91  93  0  5 1.00
 91 167  0  5 1.00
 91 168  0  5 1.00
 91 169  0  5 1.00
 92  93  0  5 1.00
 92  94  0  5 1.00
 92 101  0  5 1.00
 92 102  0  5 1.00
 92 103  0  5 1.00
 92 167  0  5 1.00
 92 168  0  5 1.00
 93  94  0  5 1.00
 93  95  0  5 1.00
 93 101  0  5 1.00
 93 102  0  5 1.00
 93 165  0  5 1.00
 93 166  0  5 1.00
 93 167  0  5 1.00
 93 168  0  5 1.00
 94  95  0  5 1.00
 94  96  0  5 1.00
 94  99  0  5 1.00
 94 100  0  5 1.00
 94 101  0  5 1.00
 94 102  0  5 1.00
 94 165  0  5 1.00
 94 166  0  5 1.00
 95  96  0  5 1.00
 95  97  0  5 1.00
 95  98  0  5 1.00
 95  99  0  5 1.00
 95 100  0  5 1.00
 95 163  0  5 1.00
 95 164  0  5 1.00
 95 165  0  5 1.00
 95 250  0  5 1.00
 96  97  0  5 1.00
 96  98  0  5 1.00
 96  99  0  5 1.00
 96 100  0  5 1.00
 96 163  0  5 1.00
 96 164  0  5 1.00
 97  98  0  5 1.00
 97  99  0  5 1.00
 97 163  0  5 1.00
 98  99  0  5 1.00
 98 100  0  5 1.00
 98 251  0  5 1.00
 99 100  0  5 1.00
 99 101  0  5 1.00
100 101  0  5 1.00
100 102  0  5 1.00
101 102  0  5 1.00
101 103  0  5 1.00
102 103  0  5 1.00
102 104  0  5 1.00
102 105  0  5 1.00
102 106  0  5 1.00
103 104  0  5 1.00
103 105  0  5 1.00
103 127  0  5 1.00
103 128  0  5 1.00
104 105  0  5 1.00
104 106  0  5 1.00
105 106  0  5 1.00
105 107  0  5 1.00
105 108  0  5 1.00
105 109  0  5 1.00
105 110  0  5 1.00
106 107  0  5 1.00
106 108  0  5 1.00
106 109  0  5 1.00
107 108  0  5 1.00
107 109  0  5 1.00
107 245  0  5 1.00
108 109  0  5 1.00
108 110  0  5 1.00
108 245  0  5 1.00
109 110  0  5 1.00
109 111  0  5 1.00
110 111  0  5 1.00
110 112  0  5 1.00
111 112  0  5 1.00
111 113  0  5 1.00
111 129  0  5 1.00
111 130  0  5 1.00
112 113  0  5 1.00
112 114  0  5 1.00
112 129  0  5 1.00
112 130  0  5 1.00
113 114  0  5 1.00
113 115  0  5 1.00
113 129  0  5 1.00
113 130  0  5 1.00
114 115  0  5 1.00
114 116  0  5 1.00
114 127  0  5 1.00
114 128  0  5 1.00
114 129  0  5 1.00
115 116  0  5 1.00
115 117  0  5 1.00
115 127  0  5 1.00
115 128  0  5 1.00
116 117  0  5 1.00
116 118  0  5 1.00
116 125  0  5 1.00
116 126  0  5 1.00
116 127  0  5 1.00
117 118  0  5 1.00
117 119  0  5 1.00
117 125  0  5 1.00
117 126  0  5 1.00
117 127  0  5 1.00
118 119  0  5 1.00
118 120  0  5 1.00
118 123  0  5 1.00
118 124  0  5 1.00
118 125  0  5 1.00
118 126  0  5 1.00
119 120  0  5 1.00
119 121  0  5 1.00
119 123  0  5 1.00
119 124  0  5 1.00
120 121  0  5 1.00
120 122  0  5 1.00
120 123  0  5 1.00
120 124  0  5 1.00
121 122  0  5 1.00
121 123  0  5 1.00
122 123  0  5 1.00
122 124  0  5 1.00
122 139  0  5 1.00
122 140  0  5 1.00
122 141  0  5 1.00
123 124  0  5 1.00
123 125  0  5 1.00
123 139  0  5 1.00
123 140  0  5 1.00
124 125  0  5 1.00
124 126  0  5 1.00
124 137  0  5 1.00
124 138  0  5 1.00
124 139  0  5 1.00
125 126  0  5 1.00
125 127  0  5 1.00
125 137  0  5 1.00
125 138  0  5 1.00
125 139  0  5 1.00
126 127  0  5 1.00
126 128  0  5 1.00
126 135  0  5 1.00
126 136  0  5 1.00
126 137  0  5 1.00
127 128  0  5 1.00
127 129  0  5 1.00
127 135  0  5 1.00
127 136  0  5 1.00
127 137  0  5 1.00
128 129  0  5 1.00
128 130  0  5 1.00
128 133  0  5 1.00
128 134  0  5 1.00
128 135  0  5 1.00
129 130  0  5 1.00
129 131  0  5 1.00
129 133  0  5 1.00
129 134  0  5 1.00
129 135  0  5 1.00
130 131  0  5 1.00
130 132  0  5 1.00
130 133  0  5 1.00
131 132  0  5 1.00
131 133  0  5 1.00
132 133  0  5 1.00
132 134  0  5 1.00
132 155  0  5 1.00
132 156  0  5 1.00
132 157  0  5 1.00
132 158  0  5 1.00
133 134  0  5 1.00
133 135  0  5 1.00
133 155  0  5 1.00
133 156  0  5 1.00
133 157  0  5 1.00
134 135  0  5 1.00
134 136  0  5 1.00
134 153  0  5 1.00
134 154  0  5 1.00
134 155  0  5 1.00
135 136  0  5 1.00
135 137  0  5 1.00
135 153  0  5 1.00
135 154  0  5 1.00
136 137  0  5 1.00
136 138  0  5 1.00
136 151  0  5 1.00
136 152  0  5 1.00
136 153  0  5 1.00
137 138  0  5 1.00
137 139  0  5 1.00
137 151  0  5 1.00
137 152  0  5 1.00
138 139  0  5 1.00
138 140  0  5 1.00
138 149  0  5 1.00
138 150  0  5 1.00
138 151  0  5 1.00
138 152  0  5 1.00
139 140  0  5 1.00
139 141  0  5 1.00
139 149  0  5 1.00
139 150  0  5 1.00
140 141  0  5 1.00
140 142  0  5 1.00
140 147  0  5 1.00
140 148  0  5 1.00
140 149  0  5 1.00
141 142  0  5 1.00
141 143  0  5 1.00
141 147  0  5 1.00
141 148  0  5 1.00
141 149  0  5 1.00
142 143  0  5 1.00
142 144  0  5 1.00
142 145  0  5 1.00
142 147  0  5 1.00
143 144  0  5 1.00
143 145  0  5 1.00
144 145  0  5 1.00
144 146  0  5 1.00
145 146  0  5 1.00
145 147  0  5 1.00
146 147  0  5 1.00
146 148  0  5 1.00
146 287  0  5 1.00
146 288  0  5 1.00
146 289  0  5 1.00
147 148  0  5 1.00
147 149  0  5 1.00
147 287  0  5 1.00
147 288  0  5 1.00
147 289  0  5 1.00
148 149  0  5 1.00
148 150  0  5 1.00
148 285  0  5 1.00
148 286  0  5 1.00
148 287  0  5 1.00
149 150  0  5 1.00
149 151  0  5 1.00
149 285  0  5 1.00
149 286  0  5 1.00
150 151  0  5 1.00
150 152  0  5 1.00
150 283  0  5 1.00
150 284  0  5 1.00
150 285  0  5 1.00
150 286  0  5 1.00
151 152  0  5 1.00
151 153  0  5 1.00
151 283  0  5 1.00
151 284  0  5 1.00
152 153  0  5 1.00
152 154  0  5 1.00
152 281  0  5 1.00
152 282  0  5 1.00
152 283  0  5 1.00
152 284  0  5 1.00
153 154  0  5 1.00
153 155  0  5 1.00
153 281  0  5 1.00
153 282  0  5 1.00
154 155  0  5 1.00
154 156  0  5 1.00
154 279  0  5 1.00
154 280  0  5 1.00
154 281  0  5 1.00
155 156  0  5 1.00
155 157  0  5 1.00
155 279  0  5 1.00
155 280  0  5 1.00
156 157  0  5 1.00
156 158  0  5 1.00
156 276  0  5 1.00
156 277  0  5 1.00
156 278  0  5 1.00
156 279  0  5 1.00
156 280  0  5 1.00
157 158  0  5 1.00
157 159  0  5 1.00
157 278  0  5 1.00
158 159  0  5 1.00
158 160  0  5 1.00
158 277  0  5 1.00
158 278  0  5 1.00
159 160  0  5 1.00
159 161  0  5 1.00
160 161  0  5 1.00
160 162  0  5 1.00
160 275  0  5 1.00
160 276  0  5 1.00
160 277  0  5 1.00
161 162  0  5 1.00
161 163  0  5 1.00
161 275  0  5 1.00
161 276  0  5 1.00
161 277  0  5 1.00
162 163  0  5 1.00
162 164  0  5 1.00
162 273  0  5 1.00
162 274  0  5 1.00
162 275  0  5 1.00
163 164  0  5 1.00
163 165  0  5 1.00
163 273  0  5 1.00
163 274  0  5 1.00
163 275  0  5 1.00
164 165  0  5 1.00
164 166  0  5 1.00
164 271  0  5 1.00
164 272  0  5 1.00
164 273  0  5 1.00
165 166  0  5 1.00
165 167  0  5 1.00
165 271  0  5 1.00
165 272  0  5 1.00
165 273  0  5 1.00
166 167  0  5 1.00
166 168  0  5 1.00
166 269  0  5 1.00
166 270  0  5 1.00
166 271  0  5 1.00
166 272  0  5 1.00
167 168  0  5 1.00
167 169  0  5 1.00
167 269  0  5 1.00
167 270  0  5 1.00
168 169  0  5 1.00
168 170  0  5 1.00
168 267  0  5 1.00
168 268  0  5 1.00
168 269  0  5 1.00
169 170  0  5 1.00
169 171  0  5 1.00
169 267  0  5 1.00
169 268  0  5 1.00
170 171  0  5 1.00
170 172  0  5 1.00
170 265  0  5 1.00
170 266  0  5 1.00
170 267  0  5 1.00
171 172  0  5 1.00
171 173  0  5 1.00
171 265  0  5 1.00
171 266  0  5 1.00
172 173  0  5 1.00
172 174  0  5 1.00
172 265  0  5 1.00
172 266  0  5 1.00
173 174  0  5 1.00
173 175  0  5 1.00
174 175  0  5 1.00
174 176  0  5 1.00
175 176  0  5 1.00
175 177  0  5 1.00
176 177  0  5 1.00
176 178  0  5 1.00
176 179  0  5 1.00
176 180  0  5 1.00
177 178  0  5 1.00
177 179  0  5 1.00
177 180  0  5 1.00
177 181  0  5 1.00
178 179  0  5 1.00
178 180  0  5 1.00
178 181  0  5 1.00
178 182  0  5 1.00
178 183  0  5 1.00
179 180  0  5 1.00
179 181  0  5 1.00
179 182  0  5 1.00
179 183  0  5 1.00
179 184  0  5 1.00
180 181  0  5 1.00
180 182  0  5 1.00
180 183  0  5 1.00
181 182  0  5 1.00
181 183  0  5 1.00
182 183  0  5 1.00
182 184  0  5 1.00
183 184  0  5 1.00
183 185  0  5 1.00
183 186  0  5 1.00
183 187  0  5 1.00
183 188  0  5 1.00
184 185  0  5 1.00
184 186  0  5 1.00
184 187  0  5 1.00
184 188  0  5 1.00
185 186  0  5 1.00
185 187  0  5 1.00
186 187  0  5 1.00
186 188  0  5 1.00
186 189  0  5 1.00
186 190  0  5 1.00
187 188  0  5 1.00
187 189  0  5 1.00
187 190  0  5 1.00
187 191  0  5 1.00
187 263  0  5 1.00
188 189  0  5 1.00
188 190  0  5 1.00
188 191  0  5 1.00
188 261  0  5 1.00
188 262  0  5 1.00
188 263  0  5 1.00
189 190  0  5 1.00
189 191  0  5 1.00
189 262  0  5 1.00
189 263  0  5 1.00
190 191  0  5 1.00
190 192  0  5 1.00
190 209  0  5 1.00
190 210  0  5 1.00
190 262  0  5 1.00
191 192  0  5 1.00
191 193  0  5 1.00
191 260  0  5 1.00
191 261  0  5 1.00
191 262  0  5 1.00
192 193  0  5 1.00
192 194  0  5 1.00
192 206  0  5 1.00
192 207  0  5 1.00
192 208  0  5 1.00
192 209  0  5 1.00
192 262  0  5 1.00
193 194  0  5 1.00
193 195  0  5 1.00
193 206  0  5 1.00
193 207  0  5 1.00
193 208  0  5 1.00
193 260  0  5 1.00
194 195  0  5 1.00
194 196  0  5 1.00
194 204  0  5 1.00
194 205  0  5 1.00
194 206  0  5 1.00
195 196  0  5 1.00
195 197  0  5 1.00
195 204  0  5 1.00
195 205  0  5 1.00
195 206  0  5 1.00
196 197  0  5 1.00
196 198  0  5 1.00
196 199  0  5 1.00
196 202  0  5 1.00
196 203  0  5 1.00
196 204  0  5 1.00
196 205  0  5 1.00
197 198  0  5 1.00
197 199  0  5 1.00
197 202  0  5 1.00
197 203  0  5 1.00
197 204  0  5 1.00
197 226  0  5 1.00
197 227  0  5 1.00
198 199  0  5 1.00
198 200  0  5 1.00
198 202  0  5 1.00
198 203  0  5 1.00
199 200  0  5 1.00
199 201  0  5 1.00
199 202  0  5 1.00
199 203  0  5 1.00
200 201  0  5 1.00
200 202  0  5 1.00
201 202  0  5 1.00
201 203  0  5 1.00
201 223  0  5 1.00
201 224  0  5 1.00
201 225  0  5 1.00
202 203  0  5 1.00
202 204  0  5 1.00
202 223  0  5 1.00
202 224  0  5 1.00
202 225  0  5 1.00
202 226  0  5 1.00
203 204  0  5 1.00
203 205  0  5 1.00
203 221  0  5 1.00
203 222  0  5 1.00
203 223  0  5 1.00
203 225  0  5 1.00
203 226  0  5 1.00
203 227  0  5 1.00
204 205  0  5 1.00
204 206  0  5 1.00
204 221  0  5 1.00
204 222  0  5 1.00
205 206  0  5 1.00
205 207  0  5 1.00
205 219  0  5 1.00
205 220  0  5 1.00
205 221  0  5 1.00
205 222  0  5 1.00
206 207  0  5 1.00
206 208  0  5 1.00
206 219  0  5 1.00
206 220  0  5 1.00
207 208  0  5 1.00
207 209  0  5 1.00
207 218  0  5 1.00
207 219  0  5 1.00
207 220  0  5 1.00
208 209  0  5 1.00
208 210  0  5 1.00
208 211  0  5 1.00
208 212  0  5 1.00
208 218  0  5 1.00
209 210  0  5 1.00
209 211  0  5 1.00
210 211  0  5 1.00
210 212  0  5 1.00
210 213  0  5 1.00
210 214  0  5 1.00
210 215  0  5 1.00
211 212  0  5 1.00
211 213  0  5 1.00
211 215  0  5 1.00
211 217  0  5 1.00
212 213  0  5 1.00
212 214  0  5 1.00
213 214  0  5 1.00
213 215  0  5 1.00
214 215  0  5 1.00
214 216  0  5 1.00
215 216  0  5 1.00
215 217  0  5 1.00
216 217  0  5 1.00
216 218  0  5 1.00
216 290  0  5 1.00
216 291  0  5 1.00
216 292  0  5 1.00
217 218  0  5 1.00
217 219  0  5 1.00
217 290  0  5 1.00
217 291  0  5 1.00
218 219  0  5 1.00
218 220  0  5 1.00
218 288  0  5 1.00
218 289  0  5 1.00
218 290  0  5 1.00
219 220  0  5 1.00
219 221  0  5 1.00
219 288  0  5 1.00
219 289  0  5 1.00
219 290  0  5 1.00
220 221  0  5 1.00
220 222  0  5 1.00
220 286  0  5 1.00
220 287  0  5 1.00
220 288  0  5 1.00
221 222  0  5 1.00
221 223  0  5 1.00
221 286  0  5 1.00
221 287  0  5 1.00
222 223  0  5 1.00
222 224  0  5 1.00
222 284  0  5 1.00
222 285  0  5 1.00
222 286  0  5 1.00
223 224  0  5 1.00
223 225  0  5 1.00
223 284  0  5 1.00
223 285  0  5 1.00
223 286  0  5 1.00
224 225  0  5 1.00
224 226  0  5 1.00
224 284  0  5 1.00
224 319  0  5 1.00
225 226  0  5 1.00
225 227  0  5 1.00
226 227  0  5 1.00
226 228  0  5 1.00
227 228  0  5 1.00
227 229  0  5 1.00
227 270  0  5 1.00
228 229  0  5 1.00
228 230  0  5 1.00
228 270  0  5 1.00
228 271  0  5 1.00
229 230  0  5 1.00
229 231  0  5 1.00
229 268  0  5 1.00
229 269  0  5 1.00
229 270  0  5 1.00
230 231  0  5 1.00
230 232  0  5 1.00
230 255  0  5 1.00
230 256  0  5 1.00
230 257  0  5 1.00
230 258  0  5 1.00
230 268  0  5 1.00
230 269  0  5 1.00
230 270  0  5 1.00
231 232  0  5 1.00
231 233  0  5 1.00
231 257  0  5 1.00
231 258  0  5 1.00
231 266  0  5 1.00
231 267  0  5 1.00
231 268  0  5 1.00
232 233  0  5 1.00
232 234  0  5 1.00
232 258  0  5 1.00
232 259  0  5 1.00
232 260  0  5 1.00
232 264  0  5 1.00
232 265  0  5 1.00
232 266  0  5 1.00
233 234  0  5 1.00
233 235  0  5 1.00
233 236  0  5 1.00
233 237  0  5 1.00
233 258  0  5 1.00
233 260  0  5 1.00
233 264  0  5 1.00
233 266  0  5 1.00
234 235  0  5 1.00
234 236  0  5 1.00
234 237  0  5 1.00
234 238  0  5 1.00
234 239  0  5 1.00
234 264  0  5 1.00
234 265  0  5 1.00
234 266  0  5 1.00
235 236  0  5 1.00
235 237  0  5 1.00
235 238  0  5 1.00
235 239  0  5 1.00
235 240  0  5 1.00
235 264  0  5 1.00
236 237  0  5 1.00
236 238  0  5 1.00
236 239  0  5 1.00
236 249  0  5 1.00
237 238  0  5 1.00
237 239  0  5 1.00
237 247  0  5 1.00
237 248  0  5 1.00
237 249  0  5 1.00
237 250  0  5 1.00
238 239  0  5 1.00
238 240  0  5 1.00
238 242  0  5 1.00
238 243  0  5 1.00
238 246  0  5 1.00
238 247  0  5 1.00
238 248  0  5 1.00
239 240  0  5 1.00
239 241  0  5 1.00
239 242  0  5 1.00
239 248  0  5 1.00
240 241  0  5 1.00
240 242  0  5 1.00
241 242  0  5 1.00
241 243  0  5 1.00
242 243  0  5 1.00
242 244  0  5 1.00
243 244  0  5 1.00
243 245  0  5 1.00
243 246  0  5 1.00
243 247  0  5 1.00
244 245  0  5 1.00
244 246  0  5 1.00
244 247  0  5 1.00
245 246  0  5 1.00
245 247  0  5 1.00
246 247  0  5 1.00
246 248  0  5 1.00
247 248  0  5 1.00
247 249  0  5 1.00
247 250  0  5 1.00
247 251  0  5 1.00
248 249  0  5 1.00
248 250  0  5 1.00
248 251  0  5 1.00
248 252  0  5 1.00
248 253  0  5 1.00
249 250  0  5 1.00
249 251  0  5 1.00
249 252  0  5 1.00
249 253  0  5 1.00
249 254  0  5 1.00
250 251  0  5 1.00
250 252  0  5 1.00
250 253  0  5 1.00
251 252  0  5 1.00
251 253  0  5 1.00
252 253  0  5 1.00
252 254  0  5 1.00
253 254  0  5 1.00
253 255  0  5 1.00
254 255  0  5 1.00
254 256  0  5 1.00
255 256  0  5 1.00
255 257  0  5 1.00
256 257  0  5 1.00
256 258  0  5 1.00
257 258  0  5 1.00
257 259  0  5 1.00
258 259  0  5 1.00
258 260  0  5 1.00
259 260  0  5 1.00
259 261  0  5 1.00
260 261  0  5 1.00
260 262  0  5 1.00
261 262  0  5 1.00
261 263  0  5 1.00
262 263  0  5 1.00
262 264  0  5 1.00
262 265  0  5 1.00
263 264  0  5 1.00
263 265  0  5 1.00
264 265  0  5 1.00
264 266  0  5 1.00
265 266  0  5 1.00
265 267  0  5 1.00
266 267  0  5 1.00
266 268  0  5 1.00
267 268  0  5 1.00
267 269  0  5 1.00
268 269  0  5 1.00
268 270  0  5 1.00
269 270  0  5 1.00
269 271  0  5 1.00
270 271  0  5 1.00
270 272  0  5 1.00
271 272  0  5 1.00
271 273  0  5 1.00
272 273  0  5 1.00
272 274  0  5 1.00
273 274  0  5 1.00
273 275  0  5 1.00
274 275  0  5 1.00
274 276  0  5 1.00
275 276  0  5 1.00
275 277  0  5 1.00
276 277  0  5 1.00
276 278  0  5 1.00
276 279  0  5 1.00
277 278  0  5 1.00
277 279  0  5 1.00
278 279  0  5 1.00
278 280  0  5 1.00
279 280  0  5 1.00
279 281  0  5 1.00
280 281  0  5 1.00
280 282  0  5 1.00
281 282  0  5 1.00
281 283  0  5 1.00
282 283  0  5 1.00
282 284  0  5 1.00
283 284  0  5 1.00
283 285  0  5 1.00
284 285  0  5 1.00
284 286  0  5 1.00
284 318  0  5 1.00
285 286  0  5 1.00
285 287  0  5 1.00
286 287  0  5 1.00
286 288  0  5 1.00
287 288  0  5 1.00
287 289  0  5 1.00
288 289  0  5 1.00
288 290  0  5 1.00
289 290  0  5 1.00
289 291  0  5 1.00
290 291  0  5 1.00
290 292  0  5 1.00
291 292  0  5 1.00
291 293  0  5 1.00
292 293  0  5 1.00
292 294  0  5 1.00
292 296  0  5 1.00
293 294  0  5 1.00
293 295  0  5 1.00
293 296  0  5 1.00
293 297  0  5 1.00
294 295  0  5 1.00
294 296  0  5 1.00
294 297  0  5 1.00
295 296  0  5 1.00
295 297  0  5 1.00
296 297  0  5 1.00
296 298  0  5 1.00
296 307  0  5 1.00
297 298  0  5 1.00
297 299  0  5 1.00
297 305  0  5 1.00
297 306  0  5 1.00
297 307  0  5 1.00
298 299  0  5 1.00
298 300  0  5 1.00
298 305  0  5 1.00
298 306  0  5 1.00
298 307  0  5 1.00
299 300  0  5 1.00
299 301  0  5 1.00
299 305  0  5 1.00
299 306  0  5 1.00
299 307  0  5 1.00
300 301  0  5 1.00
300 302  0  5 1.00
300 303  0  5 1.00
300 304  0  5 1.00
300 305  0  5 1.00
301 302  0  5 1.00
301 303  0  5 1.00
302 303  0  5 1.00
302 304  0  5 1.00
303 304  0  5 1.00
303 305  0  5 1.00
304 305  0  5 1.00
304 306  0  5 1.00
305 306  0  5 1.00
305 307  0  5 1.00
306 307  0  5 1.00
306 308  0  5 1.00
307 308  0  5 1.00
307 309  0  5 1.00
307 310  0  5 1.00
308 309  0  5 1.00
308 310  0  5 1.00
308 311  0  5 1.00
308 312  0  5 1.00
308 313  0  5 1.00
309 310  0  5 1.00
309 311  0  5 1.00
309 312  0  5 1.00
309 313  0  5 1.00
310 311  0  5 1.00
310 312  0  5 1.00
310 313  0  5 1.00
310 314  0  5 1.00
311 312  0  5 1.00
311 313  0  5 1.00
311 314  0  5 1.00
311 315  0  5 1.00
311 316  0  5 1.00
312 313  0  5 1.00
312 314  0  5 1.00
312 315  0  5 1.00
312 316  0  5 1.00
313 314  0  5 1.00
313 315  0  5 1.00
313 316  0  5 1.00
313 317  0  5 1.00
314 315  0  5 1.00
314 316  0  5 1.00
314 317  0  5 1.00
314 318  0  5 1.00
315 316  0  5 1.00
315 317  0  5 1.00
315 318  0  5 1.00
315 319  0  5 1.00
316 317  0  5 1.00
316 318  0  5 1.00
316 319  0  5 1.00
317 318  0  5 1.00
317 319  0  5 1.00
317 323  0  5 1.00
318 319  0  5 1.00
318 320  0  5 1.00
319 320  0  5 1.00
319 321  0  5 1.00
320 321  0  5 1.00
320 322  0  5 1.00
320 323  0  5 1.00
320 324  0  5 1.00
321 322  0  5 1.00
321 323  0  5 1.00
321 324  0  5 1.00
321 325  0  5 1.00
321 326  0  5 1.00
322 323  0  5 1.00
322 324  0  5 1.00
322 325  0  5 1.00
322 326  0  5 1.00
323 324  0  5 1.00
323 325  0  5 1.00
323 326  0  5 1.00
323 327  0  5 1.00
324 325  0  5 1.00
324 326  0  5 1.00
324 327  0  5 1.00
324 328  0  5 1.00
324 329  0  5 1.00
325 326  0  5 1.00
325 327  0  5 1.00
325 328  0  5 1.00
325 329  0  5 1.00
325 330  0  5 1.00
326 327  0  5 1.00
326 328  0  5 1.00
326 329  0  5 1.00
326 330  0  5 1.00
327 328  0  5 1.00
327 329  0  5 1.00
327 330  0  5 1.00
327 331  0  5 1.00
328 329  0  5 1.00
328 330  0  5 1.00
328 331  0  5 1.00
328 332  0  5 1.00
329 330  0  5 1.00
329 331  0  5 1.00
329 332  0  5 1.00
329 333  0  5 1.00
329 334  0  5 1.00
330 331  0  5 1.00
330 332  0  5 1.00
330 333  0  5 1.00
330 334  0  5 1.00
331 332  0  5 1.00
331 333  0  5 1.00
331 334  0  5 1.00
331 335  0  5 1.00
332 333  0  5 1.00
332 334  0  5 1.00
332 335  0  5 1.00
332 336  0  5 1.00
333 334  0  5 1.00
333 335  0  5 1.00
333 336  0  5 1.00
333 337  0  5 1.00
334 335  0  5 1.00
334 336  0  5 1.00
334 337  0  5 1.00
334 338  0  5 1.00
335 336  0  5 1.00
335 337  0  5 1.00
335 338  0  5 1.00
335 339  0  5 1.00
335 340  0  5 1.00
336 337  0  5 1.00
336 338  0  5 1.00
336 339  0  5 1.00
336 340  0  5 1.00
337 338  0  5 1.00
337 339  0  5 1.00
337 340  0  5 1.00
337 341  0  5 1.00
338 339  0  5 1.00
338 340  0  5 1.00
338 341  0  5 1.00
338 399  0  5 1.00
339 340  0  5 1.00
339 341  0  5 1.00
339 342  0  5 1.00
339 343  0  5 1.00
339 356  0  5 1.00
340 341  0  5 1.00
340 342  0  5 1.00
340 791  0  5 1.00
340 793  0  5 1.00
341 342  0  5 1.00
341 343  0  5 1.00
341 791  0  5 1.00
341 792  0  5 1.00
341 793  0  5 1.00
342 343  0  5 1.00
342 344  0  5 1.00
342 355  0  5 1.00
342 356  0  5 1.00
342 791  0  5 1.00
342 792  0  5 1.00
343 344  0  5 1.00
343 345  0  5 1.00
343 789  0  5 1.00
343 790  0  5 1.00
343 791  0  5 1.00
344 345  0  5 1.00
344 346  0  5 1.00
344 352  0  5 1.00
344 789  0  5 1.00
344 790  0  5 1.00
345 346  0  5 1.00
345 347  0  5 1.00
345 787  0  5 1.00
345 788  0  5 1.00
345 789  0  5 1.00
346 347  0  5 1.00
346 348  0  5 1.00
346 787  0  5 1.00
346 788  0  5 1.00
346 789  0  5 1.00
347 348  0  5 1.00
347 349  0  5 1.00
347 787  0  5 1.00
348 349  0  5 1.00
348 350  0  5 1.00
348 351  0  5 1.00
348 352  0  5 1.00
349 350  0  5 1.00
349 351  0  5 1.00
349 352  0  5 1.00
349 353  0  5 1.00
350 351  0  5 1.00
350 352  0  5 1.00
350 353  0  5 1.00
350 354  0  5 1.00
351 352  0  5 1.00
351 353  0  5 1.00
351 354  0  5 1.00
351 355  0  5 1.00
351 356  0  5 1.00
352 353  0  5 1.00
352 354  0  5 1.00
352 355  0  5 1.00
352 356  0  5 1.00
352 357  0  5 1.00
353 354  0  5 1.00
353 355  0  5 1.00
353 356  0  5 1.00
353 357  0  5 1.00
353 358  0  5 1.00
353 359  0  5 1.00
354 355  0  5 1.00
354 356  0  5 1.00
354 357  0  5 1.00
354 358  0  5 1.00
354 359  0  5 1.00
354 360  0  5 1.00
355 356  0  5 1.00
355 357  0  5 1.00
355 360  0  5 1.00
356 357  0  5 1.00
356 358  0  5 1.00
357 358  0  5 1.00
357 359  0  5 1.00
357 360  0  5 1.00
357 361  0  5 1.00
357 362  0  5 1.00
358 359  0  5 1.00
358 360  0  5 1.00
358 361  0  5 1.00
358 362  0  5 1.00
358 363  0  5 1.00
358 728  0  5 1.00
359 360  0  5 1.00
359 361  0  5 1.00
359 362  0  5 1.00
359 363  0  5 1.00
359 754  0  5 1.00
360 361  0  5 1.00
360 362  0  5 1.00
360 363  0  5 1.00
360 364  0  5 1.00
361 362  0  5 1.00
361 363  0  5 1.00
361 364  0  5 1.00
361 365  0  5 1.00
362 363  0  5 1.00
362 364  0  5 1.00
362 365  0  5 1.00
362 366  0  5 1.00
362 367  0  5 1.00
363 364  0  5 1.00
363 365  0  5 1.00
363 366  0  5 1.00
363 367  0  5 1.00
363 395  0  5 1.00
364 365  0  5 1.00
364 366  0  5 1.00
364 367  0  5 1.00
364 368  0  5 1.00
365 366  0  5 1.00
365 367  0  5 1.00
365 368  0  5 1.00
365 369  0  5 1.00
365 370  0  5 1.00
366 367  0  5 1.00
366 368  0  5 1.00
366 369  0  5 1.00
366 370  0  5 1.00
367 368  0  5 1.00
367 369  0  5 1.00
367 370  0  5 1.00
368 369  0  5 1.00
368 370  0  5 1.00
369 370  0  5 1.00
369 371  0  5 1.00
369 372  0  5 1.00
369 373  0  5 1.00
369 383  0  5 1.00
370 371  0  5 1.00
370 372  0  5 1.00
370 383  0  5 1.00
370 750  0  5 1.00
370 751  0  5 1.00
371 372  0  5 1.00
371 373  0  5 1.00
371 377  0  5 1.00
371 383  0  5 1.00
372 373  0  5 1.00
372 374  0  5 1.00
372 377  0  5 1.00
372 378  0  5 1.00
372 379  0  5 1.00
372 380  0  5 1.00
372 382  0  5 1.00
372 383  0  5 1.00
373 374  0  5 1.00
373 375  0  5 1.00
373 377  0  5 1.00
373 378  0  5 1.00
373 379  0  5 1.00
374 375  0  5 1.00
374 376  0  5 1.00
374 377  0  5 1.00
375 376  0  5 1.00
375 377  0  5 1.00
376 377  0  5 1.00
376 378  0  5 1.00
377 378  0  5 1.00
377 379  0  5 1.00
378 379  0  5 1.00
378 380  0  5 1.00
379 380  0  5 1.00
379 381  0  5 1.00
379 382  0  5 1.00
380 381  0  5 1.00
380 382  0  5 1.00
381 382  0  5 1.00
381 383  0  5 1.00
382 383  0  5 1.00
382 384  0  5 1.00
383 384  0  5 1.00
383 385  0  5 1.00
383 425  0  5 1.00
383 426  0  5 1.00
383 427  0  5 1.00
384 385  0  5 1.00
384 386  0  5 1.00
384 423  0  5 1.00
384 424  0  5 1.00
384 425  0  5 1.00
384 427  0  5 1.00
385 386  0  5 1.00
385 387  0  5 1.00
385 388  0  5 1.00
385 389  0  5 1.00
385 390  0  5 1.00
385 423  0  5 1.00
385 424  0  5 1.00
385 425  0  5 1.00
386 387  0  5 1.00
386 388  0  5 1.00
386 389  0  5 1.00
386 390  0  5 1.00
386 422  0  5 1.00
386 423  0  5 1.00
386 424  0  5 1.00
387 388  0  5 1.00
387 389  0  5 1.00
387 390  0  5 1.00
387 391  0  5 1.00
387 392  0  5 1.00
387 423  0  5 1.00
388 389  0  5 1.00
388 390  0  5 1.00
388 391  0  5 1.00
388 392  0  5 1.00
389 390  0  5 1.00
389 391  0  5 1.00
389 392  0  5 1.00
389 393  0  5 1.00
390 391  0  5 1.00
390 392  0  5 1.00
390 393  0  5 1.00
390 394  0  5 1.00
390 446  0  5 1.00
390 450  0  5 1.00
391 392  0  5 1.00
391 393  0  5 1.00
391 394  0  5 1.00
391 395  0  5 1.00
391 755  0  5 1.00
392 393  0  5 1.00
392 394  0  5 1.00
392 395  0  5 1.00
392 396  0  5 1.00
392 755  0  5 1.00
393 394  0  5 1.00
393 395  0  5 1.00
393 396  0  5 1.00
393 397  0  5 1.00
394 395  0  5 1.00
394 396  0  5 1.00
394 397  0  5 1.00
394 755  0  5 1.00
395 396  0  5 1.00
395 397  0  5 1.00
395 755  0  5 1.00
396 397  0  5 1.00
396 398  0  5 1.00
396 399  0  5 1.00
396 400  0  5 1.00
397 398  0  5 1.00
397 399  0  5 1.00
397 400  0  5 1.00
397 401  0  5 1.00
398 399  0  5 1.00
398 400  0  5 1.00
398 401  0  5 1.00
399 400  0  5 1.00
399 401  0  5 1.00
400 401  0  5 1.00
400 402  0  5 1.00
400 403  0  5 1.00
400 404  0  5 1.00
401 402  0  5 1.00
401 403  0  5 1.00
401 404  0  5 1.00
401 405  0  5 1.00
402 403  0  5 1.00
402 404  0  5 1.00
402 405  0  5 1.00
402 406  0  5 1.00
403 404  0  5 1.00
403 405  0  5 1.00
403 406  0  5 1.00
403 407  0  5 1.00
404 405  0  5 1.00
404 406  0  5 1.00
404 407  0  5 1.00
404 408  0  5 1.00
405 406  0  5 1.00
405 407  0  5 1.00
405 408  0  5 1.00
405 409  0  5 1.00
406 407  0  5 1.00
406 408  0  5 1.00
406 409  0  5 1.00
406 410  0  5 1.00
406 411  0  5 1.00
407 408  0  5 1.00
407 409  0  5 1.00
407 410  0  5 1.00
407 411  0  5 1.00
407 412  0  5 1.00
408 409  0  5 1.00
408 410  0  5 1.00
408 411  0  5 1.00
408 412  0  5 1.00
408 413  0  5 1.00
409 410  0  5 1.00
409 411  0  5 1.00
409 412  0  5 1.00
409 413  0  5 1.00
410 411  0  5 1.00
410 412  0  5 1.00
410 413  0  5 1.00
410 414  0  5 1.00
410 430  0  5 1.00
411 412  0  5 1.00
411 413  0  5 1.00
411 414  0  5 1.00
411 415  0  5 1.00
412 413  0  5 1.00
412 414  0  5 1.00
412 415  0  5 1.00
412 469  0  5 1.00
413 414  0  5 1.00
413 415  0  5 1.00
413 469  0  5 1.00
413 470  0  5 1.00
413 471  0  5 1.00
413 472  0  5 1.00
414 415  0  5 1.00
414 416  0  5 1.00
414 421  0  5 1.00
414 422  0  5 1.00
414 469  0  5 1.00
414 471  0  5 1.00
415 416  0  5 1.00
415 417  0  5 1.00
415 420  0  5 1.00
415 421  0  5 1.00
415 469  0  5 1.00
415 470  0  5 1.00
415 471  0  5 1.00
416 417  0  5 1.00
416 418  0  5 1.00
416 419  0  5 1.00
416 420  0  5 1.00
416 421  0  5 1.00
416 471  0  5 1.00
417 418  0  5 1.00
417 419  0  5 1.00
417 486  0  5 1.00
418 419  0  5 1.00
418 420  0  5 1.00
418 486  0  5 1.00
418 490  0  5 1.00
419 420  0  5 1.00
419 421  0  5 1.00
419 444  0  5 1.00
419 486  0  5 1.00
419 487  0  5 1.00
420 421  0  5 1.00
420 422  0  5 1.00
421 422  0  5 1.00
421 423  0  5 1.00
422 423  0  5 1.00
422 424  0  5 1.00
422 433  0  5 1.00
423 424  0  5 1.00
423 425  0  5 1.00
423 433  0  5 1.00
423 437  0  5 1.00
424 425  0  5 1.00
424 426  0  5 1.00
424 431  0  5 1.00
424 432  0  5 1.00
424 433  0  5 1.00
425 426  0  5 1.00
425 427  0  5 1.00
425 431  0  5 1.00
425 432  0  5 1.00
425 433  0  5 1.00
426 427  0  5 1.00
426 428  0  5 1.00
426 429  0  5 1.00
426 430  0  5 1.00
426 431  0  5 1.00
426 432  0  5 1.00
427 428  0  5 1.00
427 429  0  5 1.00
427 430  0  5 1.00
428 429  0  5 1.00
428 430  0  5 1.00
429 430  0  5 1.00
429 431  0  5 1.00
430 431  0  5 1.00
430 432  0  5 1.00
431 432  0  5 1.00
431 433  0  5 1.00
432 433  0  5 1.00
432 434  0  5 1.00
433 434  0  5 1.00
433 435  0  5 1.00
433 437  0  5 1.00
434 435  0  5 1.00
434 436  0  5 1.00
434 437  0  5 1.00
435 436  0  5 1.00
435 437  0  5 1.00
436 437  0  5 1.00
436 438  0  5 1.00
436 526  0  5 1.00
436 527  0  5 1.00
437 438  0  5 1.00
437 439  0  5 1.00
437 526  0  5 1.00
437 527  0  5 1.00
438 439  0  5 1.00
438 440  0  5 1.00
438 505  0  5 1.00
438 526  0  5 1.00
439 440  0  5 1.00
439 441  0  5 1.00
439 503  0  5 1.00
439 504  0  5 1.00
439 505  0  5 1.00
439 506  0  5 1.00
440 441  0  5 1.00
440 442  0  5 1.00
440 443  0  5 1.00
440 444  0  5 1.00
440 503  0  5 1.00
440 505  0  5 1.00
440 506  0  5 1.00
441 442  0  5 1.00
441 443  0  5 1.00
441 444  0  5 1.00
441 502  0  5 1.00
441 503  0  5 1.00
441 506  0  5 1.00
442 443  0  5 1.00
442 444  0  5 1.00
442 445  0  5 1.00
442 446  0  5 1.00
442 506  0  5 1.00
442 507  0  5 1.00
443 444  0  5 1.00
443 445  0  5 1.00
443 446  0  5 1.00
443 447  0  5 1.00
444 445  0  5 1.00
444 446  0  5 1.00
444 447  0  5 1.00
444 448  0  5 1.00
444 487  0  5 1.00
445 446  0  5 1.00
445 447  0  5 1.00
445 448  0  5 1.00
445 449  0  5 1.00
446 447  0  5 1.00
446 448  0  5 1.00
446 449  0  5 1.00
446 450  0  5 1.00
447 448  0  5 1.00
447 449  0  5 1.00
447 450  0  5 1.00
447 451  0  5 1.00
447 452  0  5 1.00
448 449  0  5 1.00
448 450  0  5 1.00
448 451  0  5 1.00
448 452  0  5 1.00
448 453  0  5 1.00
449 450  0  5 1.00
449 451  0  5 1.00
449 452  0  5 1.00
449 453  0  5 1.00
449 454  0  5 1.00
450 451  0  5 1.00
450 452  0  5 1.00
450 453  0  5 1.00
450 454  0  5 1.00
451 452  0  5 1.00
451 453  0  5 1.00
451 454  0  5 1.00
451 455  0  5 1.00
451 456  0  5 1.00
452 453  0  5 1.00
452 454  0  5 1.00
452 455  0  5 1.00
452 456  0  5 1.00
452 457  0  5 1.00
453 454  0  5 1.00
453 455  0  5 1.00
453 456  0  5 1.00
453 457  0  5 1.00
454 455  0  5 1.00
454 456  0  5 1.00
454 457  0  5 1.00
454 458  0  5 1.00
454 459  0  5 1.00
455 456  0  5 1.00
455 457  0  5 1.00
455 458  0  5 1.00
455 459  0  5 1.00
455 460  0  5 1.00
456 457  0  5 1.00
456 458  0  5 1.00
456 459  0  5 1.00
456 770  0  5 1.00
456 771  0  5 1.00
456 772  0  5 1.00
457 458  0  5 1.00
457 459  0  5 1.00
457 795  0  5 1.00
458 459  0  5 1.00
458 460  0  5 1.00
459 460  0  5 1.00
459 461  0  5 1.00
460 461  0  5 1.00
460 462  0  5 1.00
460 463  0  5 1.00
460 464  0  5 1.00
461 462  0  5 1.00
461 463  0  5 1.00
461 464  0  5 1.00
461 465  0  5 1.00
462 463  0  5 1.00
462 464  0  5 1.00
462 465  0  5 1.00
462 466  0  5 1.00
463 464  0  5 1.00
463 465  0  5 1.00
463 466  0  5 1.00
463 480  0  5 1.00
464 465  0  5 1.00
464 466  0  5 1.00
464 479  0  5 1.00
464 480  0  5 1.00
464 481  0  5 1.00
465 466  0  5 1.00
465 467  0  5 1.00
465 479  0  5 1.00
465 480  0  5 1.00
466 467  0  5 1.00
466 468  0  5 1.00
466 478  0  5 1.00
466 479  0  5 1.00
466 480  0  5 1.00
467 468  0  5 1.00
467 469  0  5 1.00
467 477  0  5 1.00
467 478  0  5 1.00
467 479  0  5 1.00
467 480  0  5 1.00
468 469  0  5 1.00
468 470  0  5 1.00
468 476  0  5 1.00
468 477  0  5 1.00
468 478  0  5 1.00
468 479  0  5 1.00
468 480  0  5 1.00
469 470  0  5 1.00
469 471  0  5 1.00
469 472  0  5 1.00
469 473  0  5 1.00
469 476  0  5 1.00
469 477  0  5 1.00
469 478  0  5 1.00
470 471  0  5 1.00
470 472  0  5 1.00
470 473  0  5 1.00
470 476  0  5 1.00
471 472  0  5 1.00
471 473  0  5 1.00
472 473  0  5 1.00
472 474  0  5 1.00
473 474  0  5 1.00
473 475  0  5 1.00
473 476  0  5 1.00
473 477  0  5 1.00
474 475  0  5 1.00
474 476  0  5 1.00
475 476  0  5 1.00
475 477  0  5 1.00
476 477  0  5 1.00
476 478  0  5 1.00
477 478  0  5 1.00
477 479  0  5 1.00
478 479  0  5 1.00
478 480  0  5 1.00
479 480  0  5 1.00
479 481  0  5 1.00
479 482  0  5 1.00
479 483  0  5 1.00
480 481  0  5 1.00
480 482  0  5 1.00
480 483  0  5 1.00
480 484  0  5 1.00
481 482  0  5 1.00
481 483  0  5 1.00
481 484  0  5 1.00
481 485  0  5 1.00
482 483  0  5 1.00
482 484  0  5 1.00
482 485  0  5 1.00
482 486  0  5 1.00
483 484  0  5 1.00
483 485  0  5 1.00
483 486  0  5 1.00
483 487  0  5 1.00
484 485  0  5 1.00
484 486  0  5 1.00
484 487  0  5 1.00
484 488  0  5 1.00
484 489  0  5 1.00
485 486  0  5 1.00
485 487  0  5 1.00
485 488  0  5 1.00
485 489  0  5 1.00
485 490  0  5 1.00
486 487  0  5 1.00
486 488  0  5 1.00
486 489  0  5 1.00
486 490  0  5 1.00
487 488  0  5 1.00
487 489  0  5 1.00
487 490  0  5 1.00
487 491  0  5 1.00
488 489  0  5 1.00
488 490  0  5 1.00
488 491  0  5 1.00
488 492  0  5 1.00
489 490  0  5 1.00
489 491  0  5 1.00
489 492  0  5 1.00
489 493  0  5 1.00
489 494  0  5 1.00
490 491  0  5 1.00
490 492  0  5 1.00
490 493  0  5 1.00
490 494  0  5 1.00
491 492  0  5 1.00
491 493  0  5 1.00
491 494  0  5 1.00
491 495  0  5 1.00
492 493  0  5 1.00
492 494  0  5 1.00
492 495  0  5 1.00
493 494  0  5 1.00
493 495  0  5 1.00
494 495  0  5 1.00
494 496  0  5 1.00
494 500  0  5 1.00
494 501  0  5 1.00
494 502  0  5 1.00
495 496  0  5 1.00
495 497  0  5 1.00
495 499  0  5 1.00
495 500  0  5 1.00
495 501  0  5 1.00
495 502  0  5 1.00
496 497  0  5 1.00
496 498  0  5 1.00
496 499  0  5 1.00
496 500  0  5 1.00
496 501  0  5 1.00
496 502  0  5 1.00
497 498  0  5 1.00
497 499  0  5 1.00
498 499  0  5 1.00
498 500  0  5 1.00
498 578  0  5 1.00
499 500  0  5 1.00
499 501  0  5 1.00
499 575  0  5 1.00
500 501  0  5 1.00
500 502  0  5 1.00
500 537  0  5 1.00
500 538  0  5 1.00
501 502  0  5 1.00
501 503  0  5 1.00
501 536  0  5 1.00
501 537  0  5 1.00
501 538  0  5 1.00
502 503  0  5 1.00
502 504  0  5 1.00
502 536  0  5 1.00
502 537  0  5 1.00
502 538  0  5 1.00
503 504  0  5 1.00
503 505  0  5 1.00
503 506  0  5 1.00
503 507  0  5 1.00
503 536  0  5 1.00
503 537  0  5 1.00
503 538  0  5 1.00
504 505  0  5 1.00
504 506  0  5 1.00
504 514  0  5 1.00
504 515  0  5 1.00
504 536  0  5 1.00
505 506  0  5 1.00
505 507  0  5 1.00
505 512  0  5 1.00
505 513  0  5 1.00
505 514  0  5 1.00
506 507  0  5 1.00
506 508  0  5 1.00
506 509  0  5 1.00
506 512  0  5 1.00
507 508  0  5 1.00
507 509  0  5 1.00
507 510  0  5 1.00
507 512  0  5 1.00
508 509  0  5 1.00
508 510  0  5 1.00
509 510  0  5 1.00
509 511  0  5 1.00
509 512  0  5 1.00
510 511  0  5 1.00
510 512  0  5 1.00
510 513  0  5 1.00
511 512  0  5 1.00
511 513  0  5 1.00
511 667  0  5 1.00
511 668  0  5 1.00
511 669  0  5 1.00
511 670  0  5 1.00
512 513  0  5 1.00
512 514  0  5 1.00
512 667  0  5 1.00
512 670  0  5 1.00
513 514  0  5 1.00
513 515  0  5 1.00
513 516  0  5 1.00
513 666  0  5 1.00
513 667  0  5 1.00
513 668  0  5 1.00
513 669  0  5 1.00
514 515  0  5 1.00
514 516  0  5 1.00
514 595  0  5 1.00
514 666  0  5 1.00
514 667  0  5 1.00
515 516  0  5 1.00
515 517  0  5 1.00
515 529  0  5 1.00
515 530  0  5 1.00
515 531  0  5 1.00
516 517  0  5 1.00
516 518  0  5 1.00
516 529  0  5 1.00
516 531  0  5 1.00
517 518  0  5 1.00
517 519  0  5 1.00
517 665  0  5 1.00
518 519  0  5 1.00
518 520  0  5 1.00
518 665  0  5 1.00
519 520  0  5 1.00
519 521  0  5 1.00
520 521  0  5 1.00
520 522  0  5 1.00
520 523  0  5 1.00
521 522  0  5 1.00
521 523  0  5 1.00
522 523  0  5 1.00
522 524  0  5 1.00
523 524  0  5 1.00
523 525  0  5 1.00
524 525  0  5 1.00
524 526  0  5 1.00
524 527  0  5 1.00
524 528  0  5 1.00
525 526  0  5 1.00
525 527  0  5 1.00
525 528  0  5 1.00
526 527  0  5 1.00
526 528  0  5 1.00
527 528  0  5 1.00
527 529  0  5 1.00
528 529  0  5 1.00
528 530  0  5 1.00
529 530  0  5 1.00
529 531  0  5 1.00
530 531  0  5 1.00
530 532  0  5 1.00
531 532  0  5 1.00
531 533  0  5 1.00
532 533  0  5 1.00
532 534  0  5 1.00
533 534  0  5 1.00
533 535  0  5 1.00
534 535  0  5 1.00
534 536  0  5 1.00
534 595  0  5 1.00
535 536  0  5 1.00
535 537  0  5 1.00
535 593  0  5 1.00
535 594  0  5 1.00
535 595  0  5 1.00
536 537  0  5 1.00
536 538  0  5 1.00
536 593  0  5 1.00
536 594  0  5 1.00
536 595  0  5 1.00
537 538  0  5 1.00
537 539  0  5 1.00
537 591  0  5 1.00
537 592  0  5 1.00
537 593  0  5 1.00
537 594  0  5 1.00
538 539  0  5 1.00
538 540  0  5 1.00
538 541  0  5 1.00
538 542  0  5 1.00
538 591  0  5 1.00
538 592  0  5 1.00
538 593  0  5 1.00
539 540  0  5 1.00
539 541  0  5 1.00
539 542  0  5 1.00
539 543  0  5 1.00
539 590  0  5 1.00
539 591  0  5 1.00
539 592  0  5 1.00
540 541  0  5 1.00
540 542  0  5 1.00
540 543  0  5 1.00
540 544  0  5 1.00
540 545  0  5 1.00
540 591  0  5 1.00
540 614  0  5 1.00
541 542  0  5 1.00
541 543  0  5 1.00
541 544  0  5 1.00
541 545  0  5 1.00
541 546  0  5 1.00
542 543  0  5 1.00
542 544  0  5 1.00
542 545  0  5 1.00
542 546  0  5 1.00
543 544  0  5 1.00
543 545  0  5 1.00
543 546  0  5 1.00
543 547  0  5 1.00
543 548  0  5 1.00
543 617  0  5 1.00
543 618  0  5 1.00
544 545  0  5 1.00
544 546  0  5 1.00
544 547  0  5 1.00
544 548  0  5 1.00
544 549  0  5 1.00
545 546  0  5 1.00
545 547  0  5 1.00
545 548  0  5 1.00
545 549  0  5 1.00
545 550  0  5 1.00
546 547  0  5 1.00
546 548  0  5 1.00
546 549  0  5 1.00
546 550  0  5 1.00
547 548  0  5 1.00
547 549  0  5 1.00
547 550  0  5 1.00
547 551  0  5 1.00
547 621  0  5 1.00
548 549  0  5 1.00
548 550  0  5 1.00
548 551  0  5 1.00
548 552  0  5 1.00
549 550  0  5 1.00
549 551  0  5 1.00
549 552  0  5 1.00
549 553  0  5 1.00
550 551  0  5 1.00
550 552  0  5 1.00
550 553  0  5 1.00
550 554  0  5 1.00
551 552  0  5 1.00
551 553  0  5 1.00
551 554  0  5 1.00
551 555  0  5 1.00
551 556  0  5 1.00
552 553  0  5 1.00
552 554  0  5 1.00
552 555  0  5 1.00
552 556  0  5 1.00
552 557  0  5 1.00
553 554  0  5 1.00
553 555  0  5 1.00
553 556  0  5 1.00
553 557  0  5 1.00
553 565  0  5 1.00
554 555  0  5 1.00
554 556  0  5 1.00
554 557  0  5 1.00
554 558  0  5 1.00
555 556  0  5 1.00
555 557  0  5 1.00
555 558  0  5 1.00
555 559  0  5 1.00
556 557  0  5 1.00
556 558  0  5 1.00
556 559  0  5 1.00
556 560  0  5 1.00
556 561  0  5 1.00
556 562  0  5 1.00
557 558  0  5 1.00
557 559  0  5 1.00
557 560  0  5 1.00
557 561  0  5 1.00
557 565  0  5 1.00
558 559  0  5 1.00
558 560  0  5 1.00
559 560  0  5 1.00
559 561  0  5 1.00
560 561  0  5 1.00
560 562  0  5 1.00
561 562  0  5 1.00
561 563  0  5 1.00
561 564  0  5 1.00
561 565  0  5 1.00
561 566  0  5 1.00
562 563  0  5 1.00
562 564  0  5 1.00
562 565  0  5 1.00
562 566  0  5 1.00
562 567  0  5 1.00
563 564  0  5 1.00
563 565  0  5 1.00
563 566  0  5 1.00
563 567  0  5 1.00
563 568  0  5 1.00
564 565  0  5 1.00
564 566  0  5 1.00
564 567  0  5 1.00
564 568  0  5 1.00
564 569  0  5 1.00
565 566  0  5 1.00
565 567  0  5 1.00
565 568  0  5 1.00
565 569  0  5 1.00
566 567  0  5 1.00
566 568  0  5 1.00
566 569  0  5 1.00
566 570  0  5 1.00
567 568  0  5 1.00
567 569  0  5 1.00
567 570  0  5 1.00
567 571  0  5 1.00
568 569  0  5 1.00
568 570  0  5 1.00
568 571  0  5 1.00
568 572  0  5 1.00
569 570  0  5 1.00
569 571  0  5 1.00
569 572  0  5 1.00
569 573  0  5 1.00
570 571  0  5 1.00
570 572  0  5 1.00
570 573  0  5 1.00
570 574  0  5 1.00
571 572  0  5 1.00
571 573  0  5 1.00
571 574  0  5 1.00
571 575  0  5 1.00
572 573  0  5 1.00
572 574  0  5 1.00
572 575  0  5 1.00
572 576  0  5 1.00
572 577  0  5 1.00
573 574  0  5 1.00
573 575  0  5 1.00
573 576  0  5 1.00
573 577  0  5 1.00
573 578  0  5 1.00
574 575  0  5 1.00
574 576  0  5 1.00
574 577  0  5 1.00
574 578  0  5 1.00
575 576  0  5 1.00
575 577  0  5 1.00
575 578  0  5 1.00
575 579  0  5 1.00
576 577  0  5 1.00
576 578  0  5 1.00
576 579  0  5 1.00
576 580  0  5 1.00
577 578  0  5 1.00
577 579  0  5 1.00
577 580  0  5 1.00
577 581  0  5 1.00
577 582  0  5 1.00
578 579  0  5 1.00
578 580  0  5 1.00
578 581  0  5 1.00
578 582  0  5 1.00
578 583  0  5 1.00
579 580  0  5 1.00
579 581  0  5 1.00
579 582  0  5 1.00
579 583  0  5 1.00
579 584  0  5 1.00
580 581  0  5 1.00
580 582  0  5 1.00
580 583  0  5 1.00
580 584  0  5 1.00
581 582  0  5 1.00
581 583  0  5 1.00
582 583  0  5 1.00
582 584  0  5 1.00
583 584  0  5 1.00
583 585  0  5 1.00
583 588  0  5 1.00
583 589  0  5 1.00
583 590  0  5 1.00
584 585  0  5 1.00
584 586  0  5 1.00
584 588  0  5 1.00
584 589  0  5 1.00
584 590  0  5 1.00
585 586  0  5 1.00
585 587  0  5 1.00
585 588  0  5 1.00
585 589  0  5 1.00
585 590  0  5 1.00
586 587  0  5 1.00
586 588  0  5 1.00
587 588  0  5 1.00
587 589  0  5 1.00
587 638  0  5 1.00
587 639  0  5 1.00
587 642  0  5 1.00
588 589  0  5 1.00
588 590  0  5 1.00
588 639  0  5 1.00
589 590  0  5 1.00
589 591  0  5 1.00
589 601  0  5 1.00
589 611  0  5 1.00
590 591  0  5 1.00
590 592  0  5 1.00
590 600  0  5 1.00
590 601  0  5 1.00
591 592  0  5 1.00
591 593  0  5 1.00
591 600  0  5 1.00
591 601  0  5 1.00
592 593  0  5 1.00
592 594  0  5 1.00
592 598  0  5 1.00
592 599  0  5 1.00
592 600  0  5 1.00
593 594  0  5 1.00
593 595  0  5 1.00
593 597  0  5 1.00
593 598  0  5 1.00
593 599  0  5 1.00
593 600  0  5 1.00
594 595  0  5 1.00
594 596  0  5 1.00
594 597  0  5 1.00
594 598  0  5 1.00
594 599  0  5 1.00
594 600  0  5 1.00
595 596  0  5 1.00
595 597  0  5 1.00
596 597  0  5 1.00
596 598  0  5 1.00
597 598  0  5 1.00
597 599  0  5 1.00
598 599  0  5 1.00
598 600  0  5 1.00
599 600  0  5 1.00
599 601  0  5 1.00
600 601  0  5 1.00
600 602  0  5 1.00
601 602  0  5 1.00
601 603  0  5 1.00
601 608  0  5 1.00
601 609  0  5 1.00
601 610  0  5 1.00
602 603  0  5 1.00
602 604  0  5 1.00
602 605  0  5 1.00
602 608  0  5 1.00
602 609  0  5 1.00
603 604  0  5 1.00
603 605  0  5 1.00
603 609  0  5 1.00
604 605  0  5 1.00
604 606  0  5 1.00
605 606  0  5 1.00
605 607  0  5 1.00
605 609  0  5 1.00
606 607  0  5 1.00
606 608  0  5 1.00
606 658  0  5 1.00
607 608  0  5 1.00
607 609  0  5 1.00
607 657  0  5 1.00
607 658  0  5 1.00
608 609  0  5 1.00
608 610  0  5 1.00
608 657  0  5 1.00
608 658  0  5 1.00
608 659  0  5 1.00
609 610  0  5 1.00
609 611  0  5 1.00
609 657  0  5 1.00
609 658  0  5 1.00
610 611  0  5 1.00
610 612  0  5 1.00
610 655  0  5 1.00
610 656  0  5 1.00
610 657  0  5 1.00
611 612  0  5 1.00
611 613  0  5 1.00
611 614  0  5 1.00
611 615  0  5 1.00
611 655  0  5 1.00
611 656  0  5 1.00
612 613  0  5 1.00
612 614  0  5 1.00
612 615  0  5 1.00
612 616  0  5 1.00
612 655  0  5 1.00
612 656  0  5 1.00
613 614  0  5 1.00
613 615  0  5 1.00
613 616  0  5 1.00
613 617  0  5 1.00
613 618  0  5 1.00
613 655  0  5 1.00
614 615  0  5 1.00
614 616  0  5 1.00
614 617  0  5 1.00
614 618  0  5 1.00
614 619  0  5 1.00
615 616  0  5 1.00
615 617  0  5 1.00
615 618  0  5 1.00
615 619  0  5 1.00
616 617  0  5 1.00
616 618  0  5 1.00
616 619  0  5 1.00
616 620  0  5 1.00
616 690  0  5 1.00
616 691  0  5 1.00
616 694  0  5 1.00
617 618  0  5 1.00
617 619  0  5 1.00
617 620  0  5 1.00
617 621  0  5 1.00
617 690  0  5 1.00
618 619  0  5 1.00
618 620  0  5 1.00
618 621  0  5 1.00
618 622  0  5 1.00
618 623  0  5 1.00
619 620  0  5 1.00
619 621  0  5 1.00
619 622  0  5 1.00
619 623  0  5 1.00
619 694  0  5 1.00
620 621  0  5 1.00
620 622  0  5 1.00
620 694  0  5 1.00
621 622  0  5 1.00
621 623  0  5 1.00
622 623  0  5 1.00
622 624  0  5 1.00
622 625  0  5 1.00
623 624  0  5 1.00
623 625  0  5 1.00
623 636  0  5 1.00
624 625  0  5 1.00
624 626  0  5 1.00
624 634  0  5 1.00
624 635  0  5 1.00
624 636  0  5 1.00
624 637  0  5 1.00
625 626  0  5 1.00
625 627  0  5 1.00
625 636  0  5 1.00
626 627  0  5 1.00
626 628  0  5 1.00
626 634  0  5 1.00
627 628  0  5 1.00
627 629  0  5 1.00
628 629  0  5 1.00
628 630  0  5 1.00
628 631  0  5 1.00
628 698  0  5 1.00
629 630  0  5 1.00
629 631  0  5 1.00
629 698  0  5 1.00
630 631  0  5 1.00
630 632  0  5 1.00
631 632  0  5 1.00
631 633  0  5 1.00
631 634  0  5 1.00
632 633  0  5 1.00
632 634  0  5 1.00
632 638  0  5 1.00
633 634  0  5 1.00
633 635  0  5 1.00
634 635  0  5 1.00
634 636  0  5 1.00
634 637  0  5 1.00
634 638  0  5 1.00
635 636  0  5 1.00
635 637  0  5 1.00
635 638  0  5 1.00
635 639  0  5 1.00
635 640  0  5 1.00
636 637  0  5 1.00
636 638  0  5 1.00
636 639  0  5 1.00
636 640  0  5 1.00
636 641  0  5 1.00
637 638  0  5 1.00
637 639  0  5 1.00
637 640  0  5 1.00
637 641  0  5 1.00
637 642  0  5 1.00
638 639  0  5 1.00
638 640  0  5 1.00
638 641  0  5 1.00
638 642  0  5 1.00
638 643  0  5 1.00
639 640  0  5 1.00
639 641  0  5 1.00
639 642  0  5 1.00
639 643  0  5 1.00
640 641  0  5 1.00
640 642  0  5 1.00
640 643  0  5 1.00
640 644  0  5 1.00
641 642  0  5 1.00
641 643  0  5 1.00
641 644  0  5 1.00
641 645  0  5 1.00
641 646  0  5 1.00
642 643  0  5 1.00
642 644  0  5 1.00
642 645  0  5 1.00
642 646  0  5 1.00
642 647  0  5 1.00
643 644  0  5 1.00
643 645  0  5 1.00
643 646  0  5 1.00
643 647  0  5 1.00
643 648  0  5 1.00
644 645  0  5 1.00
644 646  0  5 1.00
644 647  0  5 1.00
644 648  0  5 1.00
645 646  0  5 1.00
645 647  0  5 1.00
645 648  0  5 1.00
646 647  0  5 1.00
646 648  0  5 1.00
647 648  0  5 1.00
647 649  0  5 1.00
647 652  0  5 1.00
647 653  0  5 1.00
647 654  0  5 1.00
648 649  0  5 1.00
648 650  0  5 1.00
648 652  0  5 1.00
648 653  0  5 1.00
649 650  0  5 1.00
649 651  0  5 1.00
649 652  0  5 1.00
650 651  0  5 1.00
650 652  0  5 1.00
650 710  0  5 1.00
651 652  0  5 1.00
651 653  0  5 1.00
651 710  0  5 1.00
651 711  0  5 1.00
652 653  0  5 1.00
652 654  0  5 1.00
652 710  0  5 1.00
653 654  0  5 1.00
653 655  0  5 1.00
653 682  0  5 1.00
653 683  0  5 1.00
653 684  0  5 1.00
654 655  0  5 1.00
654 656  0  5 1.00
654 681  0  5 1.00
654 682  0  5 1.00
654 683  0  5 1.00
655 656  0  5 1.00
655 657  0  5 1.00
655 681  0  5 1.00
655 682  0  5 1.00
655 683  0  5 1.00
655 684  0  5 1.00
656 657  0  5 1.00
656 658  0  5 1.00
656 659  0  5 1.00
656 681  0  5 1.00
657 658  0  5 1.00
657 659  0  5 1.00
658 659  0  5 1.00
658 660  0  5 1.00
659 660  0  5 1.00
659 661  0  5 1.00
659 680  0  5 1.00
659 681  0  5 1.00
660 661  0  5 1.00
660 662  0  5 1.00
660 671  0  5 1.00
660 673  0  5 1.00
660 675  0  5 1.00
661 662  0  5 1.00
661 663  0  5 1.00
662 663  0  5 1.00
662 664  0  5 1.00
662 671  0  5 1.00
663 664  0  5 1.00
663 665  0  5 1.00
663 671  0  5 1.00
664 665  0  5 1.00
664 666  0  5 1.00
664 667  0  5 1.00
664 668  0  5 1.00
665 666  0  5 1.00
665 667  0  5 1.00
665 668  0  5 1.00
666 667  0  5 1.00
666 668  0  5 1.00
667 668  0  5 1.00
667 669  0  5 1.00
667 670  0  5 1.00
668 669  0  5 1.00
668 670  0  5 1.00
668 671  0  5 1.00
668 672  0  5 1.00
669 670  0  5 1.00
669 671  0  5 1.00
669 672  0  5 1.00
669 673  0  5 1.00
670 671  0  5 1.00
670 672  0  5 1.00
670 673  0  5 1.00
670 679  0  5 1.00
670 680  0  5 1.00
671 672  0  5 1.00
671 673  0  5 1.00
672 673  0  5 1.00
672 674  0  5 1.00
673 674  0  5 1.00
673 675  0  5 1.00
673 677  0  5 1.00
673 680  0  5 1.00
674 675  0  5 1.00
674 676  0  5 1.00
674 677  0  5 1.00
674 680  0  5 1.00
675 676  0  5 1.00
675 677  0  5 1.00
675 680  0  5 1.00
675 738  0  5 1.00
675 739  0  5 1.00
676 677  0  5 1.00
676 678  0  5 1.00
676 680  0  5 1.00
676 681  0  5 1.00
676 682  0  5 1.00
676 683  0  5 1.00
676 734  0  5 1.00
676 735  0  5 1.00
676 736  0  5 1.00
676 738  0  5 1.00
676 739  0  5 1.00
677 678  0  5 1.00
677 679  0  5 1.00
677 680  0  5 1.00
677 681  0  5 1.00
677 682  0  5 1.00
678 679  0  5 1.00
678 680  0  5 1.00
678 681  0  5 1.00
678 682  0  5 1.00
678 683  0  5 1.00
678 684  0  5 1.00
679 680  0  5 1.00
679 681  0  5 1.00
679 682  0  5 1.00
680 681  0  5 1.00
680 682  0  5 1.00
681 682  0  5 1.00
681 683  0  5 1.00
681 736  0  5 1.00
681 737  0  5 1.00
682 683  0  5 1.00
682 684  0  5 1.00
682 734  0  5 1.00
682 735  0  5 1.00
682 736  0  5 1.00
683 684  0  5 1.00
683 685  0  5 1.00
683 732  0  5 1.00
683 733  0  5 1.00
683 734  0  5 1.00
683 735  0  5 1.00
683 736  0  5 1.00
684 685  0  5 1.00
684 686  0  5 1.00
684 687  0  5 1.00
684 688  0  5 1.00
684 732  0  5 1.00
684 733  0  5 1.00
685 686  0  5 1.00
685 687  0  5 1.00
685 688  0  5 1.00
685 689  0  5 1.00
685 731  0  5 1.00
685 732  0  5 1.00
685 733  0  5 1.00
685 753  0  5 1.00
686 687  0  5 1.00
686 688  0  5 1.00
686 689  0  5 1.00
686 690  0  5 1.00
686 732  0  5 1.00
686 752  0  5 1.00
686 753  0  5 1.00
687 688  0  5 1.00
687 689  0  5 1.00
687 690  0  5 1.00
687 691  0  5 1.00
688 689  0  5 1.00
688 690  0  5 1.00
688 691  0  5 1.00
688 692  0  5 1.00
689 690  0  5 1.00
689 691  0  5 1.00
689 692  0  5 1.00
689 693  0  5 1.00
689 694  0  5 1.00
689 756  0  5 1.00
690 691  0  5 1.00
690 692  0  5 1.00
690 693  0  5 1.00
690 694  0  5 1.00
691 692  0  5 1.00
691 693  0  5 1.00
691 694  0  5 1.00
691 695  0  5 1.00
692 693  0  5 1.00
692 694  0  5 1.00
692 695  0  5 1.00
692 696  0  5 1.00
692 704  0  5 1.00
693 694  0  5 1.00
693 695  0  5 1.00
693 696  0  5 1.00
693 697  0  5 1.00
694 695  0  5 1.00
694 696  0  5 1.00
694 697  0  5 1.00
694 698  0  5 1.00
695 696  0  5 1.00
695 697  0  5 1.00
695 698  0  5 1.00
695 699  0  5 1.00
695 700  0  5 1.00
695 701  0  5 1.00
696 697  0  5 1.00
696 698  0  5 1.00
696 699  0  5 1.00
696 700  0  5 1.00
696 701  0  5 1.00
696 780  0  5 1.00
697 698  0  5 1.00
697 699  0  5 1.00
698 699  0  5 1.00
698 700  0  5 1.00
699 700  0  5 1.00
699 701  0  5 1.00
699 809  0  5 1.00
699 810  0  5 1.00
700 701  0  5 1.00
700 702  0  5 1.00
700 703  0  5 1.00
700 704  0  5 1.00
701 702  0  5 1.00
701 703  0  5 1.00
701 704  0  5 1.00
701 705  0  5 1.00
701 706  0  5 1.00
701 780  0  5 1.00
701 781  0  5 1.00
701 782  0  5 1.00
702 703  0  5 1.00
702 704  0  5 1.00
702 705  0  5 1.00
702 706  0  5 1.00
702 781  0  5 1.00
702 782  0  5 1.00
703 704  0  5 1.00
703 705  0  5 1.00
703 706  0  5 1.00
703 707  0  5 1.00
704 705  0  5 1.00
704 706  0  5 1.00
704 707  0  5 1.00
704 708  0  5 1.00
705 706  0  5 1.00
705 707  0  5 1.00
705 708  0  5 1.00
705 709  0  5 1.00
705 781  0  5 1.00
706 707  0  5 1.00
706 708  0  5 1.00
706 709  0  5 1.00
706 710  0  5 1.00
707 708  0  5 1.00
707 709  0  5 1.00
707 710  0  5 1.00
707 711  0  5 1.00
708 709  0  5 1.00
708 710  0  5 1.00
708 711  0  5 1.00
708 712  0  5 1.00
709 710  0  5 1.00
709 711  0  5 1.00
709 712  0  5 1.00
709 715  0  5 1.00
710 711  0  5 1.00
710 712  0  5 1.00
711 712  0  5 1.00
711 713  0  5 1.00
712 713  0  5 1.00
712 714  0  5 1.00
712 715  0  5 1.00
712 716  0  5 1.00
713 714  0  5 1.00
713 715  0  5 1.00
713 716  0  5 1.00
713 717  0  5 1.00
713 727  0  5 1.00
714 715  0  5 1.00
714 716  0  5 1.00
714 717  0  5 1.00
714 727  0  5 1.00
715 716  0  5 1.00
715 717  0  5 1.00
715 718  0  5 1.00
716 717  0  5 1.00
716 718  0  5 1.00
716 719  0  5 1.00
716 720  0  5 1.00
717 718  0  5 1.00
717 719  0  5 1.00
717 720  0  5 1.00
717 727  0  5 1.00
718 719  0  5 1.00
718 720  0  5 1.00
719 720  0  5 1.00
719 721  0  5 1.00
719 722  0  5 1.00
719 723  0  5 1.00
719 724  0  5 1.00
720 721  0  5 1.00
720 722  0  5 1.00
720 723  0  5 1.00
720 724  0  5 1.00
720 725  0  5 1.00
721 722  0  5 1.00
721 723  0  5 1.00
721 724  0  5 1.00
722 723  0  5 1.00
722 724  0  5 1.00
722 743  0  5 1.00
722 744  0  5 1.00
722 745  0  5 1.00
723 724  0  5 1.00
723 725  0  5 1.00
723 743  0  5 1.00
723 744  0  5 1.00
723 745  0  5 1.00
724 725  0  5 1.00
724 726  0  5 1.00
725 726  0  5 1.00
725 727  0  5 1.00
726 727  0  5 1.00
726 728  0  5 1.00
726 729  0  5 1.00
727 728  0  5 1.00
727 729  0  5 1.00
728 729  0  5 1.00
728 730  0  5 1.00
729 730  0  5 1.00
729 731  0  5 1.00
730 731  0  5 1.00
730 732  0  5 1.00
730 747  0  5 1.00
730 748  0  5 1.00
730 749  0  5 1.00
731 732  0  5 1.00
731 733  0  5 1.00
731 746  0  5 1.00
731 747  0  5 1.00
731 748  0  5 1.00
731 749  0  5 1.00
732 733  0  5 1.00
732 734  0  5 1.00
732 746  0  5 1.00
732 747  0  5 1.00
732 748  0  5 1.00
733 734  0  5 1.00
733 735  0  5 1.00
733 744  0  5 1.00
733 745  0  5 1.00
733 746  0  5 1.00
733 747  0  5 1.00
734 735  0  5 1.00
734 736  0  5 1.00
734 743  0  5 1.00
734 744  0  5 1.00
734 745  0  5 1.00
735 736  0  5 1.00
735 737  0  5 1.00
735 741  0  5 1.00
735 742  0  5 1.00
735 743  0  5 1.00
735 744  0  5 1.00
735 745  0  5 1.00
736 737  0  5 1.00
736 738  0  5 1.00
736 739  0  5 1.00
736 742  0  5 1.00
736 743  0  5 1.00
737 738  0  5 1.00
737 739  0  5 1.00
738 739  0  5 1.00
738 740  0  5 1.00
739 740  0  5 1.00
739 741  0  5 1.00
739 742  0  5 1.00
740 741  0  5 1.00
740 742  0  5 1.00
741 742  0  5 1.00
741 743  0  5 1.00
741 744  0  5 1.00
742 743  0  5 1.00
742 744  0  5 1.00
743 744  0  5 1.00
743 745  0  5 1.00
744 745  0  5 1.00
744 746  0  5 1.00
745 746  0  5 1.00
745 747  0  5 1.00
746 747  0  5 1.00
746 748  0  5 1.00
747 748  0  5 1.00
747 749  0  5 1.00
747 750  0  5 1.00
748 749  0  5 1.00
748 750  0  5 1.00
749 750  0  5 1.00
749 751  0  5 1.00
750 751  0  5 1.00
750 752  0  5 1.00
751 752  0  5 1.00
751 753  0  5 1.00
751 754  0  5 1.00
751 755  0  5 1.00
752 753  0  5 1.00
752 754  0  5 1.00
752 755  0  5 1.00
752 756  0  5 1.00
752 757  0  5 1.00
753 754  0  5 1.00
753 755  0  5 1.00
753 756  0  5 1.00
753 757  0  5 1.00
753 758  0  5 1.00
754 755  0  5 1.00
754 756  0  5 1.00
754 757  0  5 1.00
754 758  0  5 1.00
754 759  0  5 1.00
755 756  0  5 1.00
755 757  0  5 1.00
755 758  0  5 1.00
755 759  0  5 1.00
756 757  0  5 1.00
756 758  0  5 1.00
756 759  0  5 1.00
756 760  0  5 1.00
757 758  0  5 1.00
757 759  0  5 1.00
757 760  0  5 1.00
757 761  0  5 1.00
757 762  0  5 1.00
758 759  0  5 1.00
758 760  0  5 1.00
758 761  0  5 1.00
758 762  0  5 1.00
758 763  0  5 1.00
759 760  0  5 1.00
759 761  0  5 1.00
759 762  0  5 1.00
759 763  0  5 1.00
759 764  0  5 1.00
760 761  0  5 1.00
760 762  0  5 1.00
760 763  0  5 1.00
760 764  0  5 1.00
760 765  0  5 1.00
760 766  0  5 1.00
761 762  0  5 1.00
761 763  0  5 1.00
761 764  0  5 1.00
761 765  0  5 1.00
761 766  0  5 1.00
761 767  0  5 1.00
762 763  0  5 1.00
762 764  0  5 1.00
762 766  0  5 1.00
762 767  0  5 1.00
762 768  0  5 1.00
762 769  0  5 1.00
763 764  0  5 1.00
763 765  0  5 1.00
763 766  0  5 1.00
763 767  0  5 1.00
763 768  0  5 1.00
763 769  0  5 1.00
764 765  0  5 1.00
764 766  0  5 1.00
764 767  0  5 1.00
764 768  0  5 1.00
764 778  0  5 1.00
764 779  0  5 1.00
764 780  0  5 1.00
765 766  0  5 1.00
765 767  0  5 1.00
765 779  0  5 1.00
765 780  0  5 1.00
765 781  0  5 1.00
766 767  0  5 1.00
766 768  0  5 1.00
766 778  0  5 1.00
766 779  0  5 1.00
767 768  0  5 1.00
767 769  0  5 1.00
767 776  0  5 1.00
767 777  0  5 1.00
767 778  0  5 1.00
767 779  0  5 1.00
768 769  0  5 1.00
768 770  0  5 1.00
768 776  0  5 1.00
768 777  0  5 1.00
768 778  0  5 1.00
769 770  0  5 1.00
769 771  0  5 1.00
769 774  0  5 1.00
769 775  0  5 1.00
769 776  0  5 1.00
770 771  0  5 1.00
770 772  0  5 1.00
770 774  0  5 1.00
770 775  0  5 1.00
770 776  0  5 1.00
771 772  0  5 1.00
771 773  0  5 1.00
771 774  0  5 1.00
771 775  0  5 1.00
771 776  0  5 1.00
772 773  0  5 1.00
772 774  0  5 1.00
773 774  0  5 1.00
773 775  0  5 1.00
773 827  0  5 1.00
773 828  0  5 1.00
773 829  0  5 1.00
774 775  0  5 1.00
774 776  0  5 1.00
774 827  0  5 1.00
774 828  0  5 1.00
774 829  0  5 1.00
775 776  0  5 1.00
775 777  0  5 1.00
775 825  0  5 1.00
775 826  0  5 1.00
775 827  0  5 1.00
775 828  0  5 1.00
775 829  0  5 1.00
776 777  0  5 1.00
776 778  0  5 1.00
776 825  0  5 1.00
776 826  0  5 1.00
776 827  0  5 1.00
777 778  0  5 1.00
777 779  0  5 1.00
777 825  0  5 1.00
778 779  0  5 1.00
778 780  0  5 1.00
779 780  0  5 1.00
779 781  0  5 1.00
779 811  0  5 1.00
779 813  0  5 1.00
780 781  0  5 1.00
780 782  0  5 1.00
781 782  0  5 1.00
781 783  0  5 1.00
781 784  0  5 1.00
782 783  0  5 1.00
782 784  0  5 1.00
782 785  0  5 1.00
782 786  0  5 1.00
782 806  0  5 1.00
782 807  0  5 1.00
783 784  0  5 1.00
783 785  0  5 1.00
783 786  0  5 1.00
783 806  0  5 1.00
783 807  0  5 1.00
784 785  0  5 1.00
784 786  0  5 1.00
785 786  0  5 1.00
785 787  0  5 1.00
785 805  0  5 1.00
786 787  0  5 1.00
786 788  0  5 1.00
786 803  0  5 1.00
786 804  0  5 1.00
786 805  0  5 1.00
787 788  0  5 1.00
787 789  0  5 1.00
787 803  0  5 1.00
787 804  0  5 1.00
787 805  0  5 1.00
788 789  0  5 1.00
788 790  0  5 1.00
788 801  0  5 1.00
788 802  0  5 1.00
788 803  0  5 1.00
789 790  0  5 1.00
789 791  0  5 1.00
789 801  0  5 1.00
789 802  0  5 1.00
789 803  0  5 1.00
790 791  0  5 1.00
790 792  0  5 1.00
790 799  0  5 1.00
790 800  0  5 1.00
790 801  0  5 1.00
791 792  0  5 1.00
791 793  0  5 1.00
791 799  0  5 1.00
791 800  0  5 1.00
791 801  0  5 1.00
792 793  0  5 1.00
792 794  0  5 1.00
792 797  0  5 1.00
792 798  0  5 1.00
792 799  0  5 1.00
793 794  0  5 1.00
793 795  0  5 1.00
793 797  0  5 1.00
793 798  0  5 1.00
793 799  0  5 1.00
794 795  0  5 1.00
794 796  0  5 1.00
794 797  0  5 1.00
795 796  0  5 1.00
795 797  0  5 1.00
795 830  0  5 1.00
795 831  0  5 1.00
795 832  0  5 1.00
796 797  0  5 1.00
796 798  0  5 1.00
796 831  0  5 1.00
796 832  0  5 1.00
796 833  0  5 1.00
796 834  0  5 1.00
797 798  0  5 1.00
797 799  0  5 1.00
797 831  0  5 1.00
797 832  0  5 1.00
797 833  0  5 1.00
797 834  0  5 1.00
798 799  0  5 1.00
798 800  0  5 1.00
798 834  0  5 1.00
798 835  0  5 1.00
798 836  0  5 1.00
799 800  0  5 1.00
799 801  0  5 1.00
799 836  0  5 1.00
800 801  0  5 1.00
800 802  0  5 1.00
800 836  0  5 1.00
800 837  0  5 1.00
800 838  0  5 1.00
801 802  0  5 1.00
801 803  0  5 1.00
801 838  0  5 1.00
802 803  0  5 1.00
802 804  0  5 1.00
802 838  0  5 1.00
802 839  0  5 1.00
802 840  0  5 1.00
803 804  0  5 1.00
803 805  0  5 1.00
803 840  0  5 1.00
804 805  0  5 1.00
804 806  0  5 1.00
804 840  0  5 1.00
804 841  0  5 1.00
804 842  0  5 1.00
805 806  0  5 1.00
805 807  0  5 1.00
805 842  0  5 1.00
806 807  0  5 1.00
806 808  0  5 1.00
806 842  0  5 1.00
807 808  0  5 1.00
807 809  0  5 1.00
807 842  0  5 1.00
808 809  0  5 1.00
808 810  0  5 1.00
808 811  0  5 1.00
809 810  0  5 1.00
809 811  0  5 1.00
810 811  0  5 1.00
810 812  0  5 1.00
811 812  0  5 1.00
811 813  0  5 1.00
812 813  0  5 1.00
812 814  0  5 1.00
812 841  0  5 1.00
812 842  0  5 1.00
813 814  0  5 1.00
813 815  0  5 1.00
813 824  0  5 1.00
813 841  0  5 1.00
813 842  0  5 1.00
814 815  0  5 1.00
814 816  0  5 1.00
814 839  0  5 1.00
814 840  0  5 1.00
814 841  0  5 1.00
815 816  0  5 1.00
815 817  0  5 1.00
815 820  0  5 1.00
815 821  0  5 1.00
815 822  0  5 1.00
815 824  0  5 1.00
815 839  0  5 1.00
815 840  0  5 1.00
816 817  0  5 1.00
816 818  0  5 1.00
816 819  0  5 1.00
816 820  0  5 1.00
816 821  0  5 1.00
816 822  0  5 1.00
816 837  0  5 1.00
816 838  0  5 1.00
816 839  0  5 1.00
817 818  0  5 1.00
817 819  0  5 1.00
817 820  0  5 1.00
817 821  0  5 1.00
817 822  0  5 1.00
817 837  0  5 1.00
817 838  0  5 1.00
818 819  0  5 1.00
818 820  0  5 1.00
818 837  0  5 1.00
819 820  0  5 1.00
819 821  0  5 1.00
819 837  0  5 1.00
820 821  0  5 1.00
820 822  0  5 1.00
821 822  0  5 1.00
821 823  0  5 1.00
822 823  0  5 1.00
822 824  0  5 1.00
823 824  0  5 1.00
823 825  0  5 1.00
823 826  0  5 1.00
824 825  0  5 1.00
824 826  0  5 1.00
825 826  0  5 1.00
825 827  0  5 1.00
826 827  0  5 1.00
826 828  0  5 1.00
827 828  0  5 1.00
827 829  0  5 1.00
828 829  0  5 1.00
828 830  0  5 1.00
829 830  0  5 1.00
829 831  0  5 1.00
830 831  0  5 1.00
830 832  0  5 1.00
831 832  0  5 1.00
831 833  0  5 1.00
831 834  0  5 1.00
832 833  0  5 1.00
832 834  0  5 1.00
833 834  0  5 1.00
833 835  0  5 1.00
834 835  0  5 1.00
834 836  0  5 1.00
835 836  0  5 1.00
835 837  0  5 1.00
836 837  0  5 1.00
836 838  0  5 1.00
837 838  0  5 1.00
837 839  0  5 1.00
838 839  0  5 1.00
838 840  0  5 1.00
839 840  0  5 1.00
839 841  0  5 1.00
840 841  0  5 1.00
840 842  0  5 1.00
841 842  0  5 1.00
END
HELX_P HELX_P1  1  ASN A 176 ? ASN A 183 ? ASN A 156 ASN A 163 1 ? 8  
HELX_P HELX_P2  2  ASN A 183 ? LEU A 188 ? ASN A 163 LEU A 168 1 ? 6  
HELX_P HELX_P3  3  ARG A 234 ? GLY A 239 ? ARG A 214 GLY A 219 1 ? 6  
HELX_P HELX_P4  4  SER A 243 ? GLU A 246 ? SER A 223 GLU A 226 5 ? 4  
HELX_P HELX_P5  5  ALA A 247 ? GLY A 253 ? ALA A 227 GLY A 233 1 ? 7  
HELX_P HELX_P6  6  PRO A 293 ? LYS A 297 ? PRO A 273 LYS A 277 5 ? 5  
HELX_P HELX_P7  7  LYS A 308 ? PHE A 318 ? LYS A 288 PHE A 298 1 ? 11 
HELX_P HELX_P8  8  THR A 320 ? LEU A 339 ? THR A 300 LEU A 319 1 ? 20 
HELX_P HELX_P9  9  ASP A 348 ? ILE A 357 ? ASP A 328 ILE A 337 1 ? 10 
HELX_P HELX_P10 10 ILE A 357 ? SER A 370 ? ILE A 337 SER A 350 1 ? 14 
HELX_P HELX_P11 11 PHE A 386 ? GLY A 395 ? PHE A 366 GLY A 375 1 ? 10 
HELX_P HELX_P12 12 ILE A 400 ? SER A 413 ? ILE A 380 SER A 393 1 ? 14 
HELX_P HELX_P13 13 ASP A 442 ? GLY A 459 ? ASP A 422 GLY A 439 1 ? 18 
HELX_P HELX_P14 14 ASP A 460 ? ASP A 465 ? ASP A 440 ASP A 445 5 ? 6  
HELX_P HELX_P15 15 LEU A 480 ? GLN A 493 ? LEU A 460 GLN A 473 1 ? 14 
HELX_P HELX_P16 16 VAL A 539 ? ARG A 559 ? VAL A 519 ARG A 539 1 ? 21 
HELX_P HELX_P17 17 LEU A 561 ? GLY A 583 ? LEU A 541 GLY A 563 1 ? 23 
HELX_P HELX_P18 18 ILE A 612 ? ALA A 621 ? ILE A 592 ALA A 601 1 ? 10 
HELX_P HELX_P19 19 ALA A 634 ? LEU A 647 ? ALA A 614 LEU A 627 1 ? 14 
HELX_P HELX_P20 20 GLN A 664 ? GLY A 668 ? GLN A 644 GLY A 648 5 ? 5  
HELX_P HELX_P21 21 GLU A 669 ? TYR A 673 ? GLU A 649 TYR A 653 5 ? 5  
HELX_P HELX_P22 22 ASN A 687 ? VAL A 698 ? ASN A 667 VAL A 678 1 ? 12 
HELX_P HELX_P23 23 ARG A 700 ? THR A 712 ? ARG A 680 THR A 692 1 ? 13 
HELX_P HELX_P24 24 THR A 712 ? GLU A 717 ? THR A 692 GLU A 697 1 ? 6  
HELX_P HELX_P25 25 ILE A 719 ? LYS A 724 ? ILE A 699 LYS A 704 1 ? 6  
HELX_P HELX_P26 26 GLY A 752 ? TYR A 764 ? GLY A 732 TYR A 744 1 ? 13 