2inu 410
 12  13  0  5 1.00
 12  14  0  5 1.00
 13  14  0  5 1.00
 13  15  0  5 1.00
 13  57  0  5 1.00
 13  58  0  5 1.00
 13  59  0  5 1.00
 14  15  0  5 1.00
 14  16  0  5 1.00
 14  59  0  5 1.00
 15  16  0  5 1.00
 15  17  0  5 1.00
 15  59  0  5 1.00
 15  60  0  5 1.00
 15  61  0  5 1.00
 16  17  0  5 1.00
 16  18  0  5 1.00
 16  19  0  5 1.00
 16  20  0  5 1.00
 16  61  0  5 1.00
 17  18  0  5 1.00
 17  19  0  5 1.00
 17  20  0  5 1.00
 17  30  0  5 1.00
 17  61  0  5 1.00
 18  19  0  5 1.00
 18  20  0  5 1.00
 19  20  0  5 1.00
 19  21  0  5 1.00
 20  21  0  5 1.00
 20  22  0  5 1.00
 21  22  0  5 1.00
 21  23  0  5 1.00
 22  23  0  5 1.00
 22  24  0  5 1.00
 22  25  0  5 1.00
 22  26  0  5 1.00
 23  24  0  5 1.00
 23  25  0  5 1.00
 23  26  0  5 1.00
 24  25  0  5 1.00
 24  26  0  5 1.00
 25  26  0  5 1.00
 25  27  0  5 1.00
 25  28  0  5 1.00
 26  27  0  5 1.00
 26  28  0  5 1.00
 26  29  0  5 1.00
 27  28  0  5 1.00
 27  29  0  5 1.00
 28  29  0  5 1.00
 28  30  0  5 1.00
 29  30  0  5 1.00
 29  31  0  5 1.00
 29  32  0  5 1.00
 29  33  0  5 1.00
 29  34  0  5 1.00
 30  31  0  5 1.00
 30  32  0  5 1.00
 30  33  0  5 1.00
 30  34  0  5 1.00
 30  67  0  5 1.00
 30  68  0  5 1.00
 31  32  0  5 1.00
 31  33  0  5 1.00
 31  34  0  5 1.00
 31  66  0  5 1.00
 31  67  0  5 1.00
 31  68  0  5 1.00
 32  33  0  5 1.00
 32  34  0  5 1.00
 32  68  0  5 1.00
 32  70  0  5 1.00
 33  34  0  5 1.00
 33  35  0  5 1.00
 33  36  0  5 1.00
 33  37  0  5 1.00
 33  68  0  5 1.00
 33  69  0  5 1.00
 33  70  0  5 1.00
 34  35  0  5 1.00
 34  36  0  5 1.00
 34  37  0  5 1.00
 34  38  0  5 1.00
 34  39  0  5 1.00
 34  68  0  5 1.00
 34  69  0  5 1.00
 35  36  0  5 1.00
 35  37  0  5 1.00
 35  38  0  5 1.00
 35  39  0  5 1.00
 35  68  0  5 1.00
 35  69  0  5 1.00
 35  71  0  5 1.00
 35  73  0  5 1.00
 36  37  0  5 1.00
 36  38  0  5 1.00
 36  39  0  5 1.00
 36  40  0  5 1.00
 36  71  0  5 1.00
 37  38  0  5 1.00
 37  39  0  5 1.00
 37  40  0  5 1.00
 37  41  0  5 1.00
 38  39  0  5 1.00
 38  40  0  5 1.00
 38  41  0  5 1.00
 38  42  0  5 1.00
 38  43  0  5 1.00
 39  40  0  5 1.00
 39  41  0  5 1.00
 39  42  0  5 1.00
 39  43  0  5 1.00
 40  41  0  5 1.00
 40  42  0  5 1.00
 40  43  0  5 1.00
 40  44  0  5 1.00
 41  42  0  5 1.00
 41  43  0  5 1.00
 41  44  0  5 1.00
 41  45  0  5 1.00
 42  43  0  5 1.00
 42  44  0  5 1.00
 42  45  0  5 1.00
 42  46  0  5 1.00
 42  47  0  5 1.00
 43  44  0  5 1.00
 43  45  0  5 1.00
 43  46  0  5 1.00
 43  47  0  5 1.00
 44  45  0  5 1.00
 44  46  0  5 1.00
 44  47  0  5 1.00
 44  48  0  5 1.00
 45  46  0  5 1.00
 45  47  0  5 1.00
 45  48  0  5 1.00
 45  49  0  5 1.00
 46  47  0  5 1.00
 46  48  0  5 1.00
 46  49  0  5 1.00
 46  50  0  5 1.00
 47  48  0  5 1.00
 47  49  0  5 1.00
 47  50  0  5 1.00
 48  49  0  5 1.00
 48  50  0  5 1.00
 49  50  0  5 1.00
 49  51  0  5 1.00
 49  54  0  5 1.00
 50  51  0  5 1.00
 50  52  0  5 1.00
 50  54  0  5 1.00
 51  52  0  5 1.00
 51  53  0  5 1.00
 51  54  0  5 1.00
 51  55  0  5 1.00
 52  53  0  5 1.00
 52  54  0  5 1.00
 52  55  0  5 1.00
 53  54  0  5 1.00
 53  55  0  5 1.00
 54  55  0  5 1.00
 54  56  0  5 1.00
 55  56  0  5 1.00
 55  57  0  5 1.00
 55  78  0  5 1.00
 56  57  0  5 1.00
 56  58  0  5 1.00
 56  78  0  5 1.00
 56  79  0  5 1.00
 57  58  0  5 1.00
 57  59  0  5 1.00
 57  78  0  5 1.00
 57  79  0  5 1.00
 58  59  0  5 1.00
 58  60  0  5 1.00
 58  79  0  5 1.00
 58  80  0  5 1.00
 58  81  0  5 1.00
 59  60  0  5 1.00
 59  61  0  5 1.00
 59  81  0  5 1.00
 60  61  0  5 1.00
 60  62  0  5 1.00
 60  81  0  5 1.00
 60  82  0  5 1.00
 60  83  0  5 1.00
 61  62  0  5 1.00
 61  63  0  5 1.00
 61  83  0  5 1.00
 62  63  0  5 1.00
 62  64  0  5 1.00
 62  83  0  5 1.00
 62  84  0  5 1.00
 62  85  0  5 1.00
 62 111  0  5 1.00
 63  64  0  5 1.00
 63  65  0  5 1.00
 63 110  0  5 1.00
 63 111  0  5 1.00
 64  65  0  5 1.00
 64  66  0  5 1.00
 64 110  0  5 1.00
 64 111  0  5 1.00
 65  66  0  5 1.00
 65  67  0  5 1.00
 65 110  0  5 1.00
 65 111  0  5 1.00
 65 112  0  5 1.00
 66  67  0  5 1.00
 66  68  0  5 1.00
 66 110  0  5 1.00
 66 112  0  5 1.00
 67  68  0  5 1.00
 67  69  0  5 1.00
 67 112  0  5 1.00
 67 113  0  5 1.00
 67 114  0  5 1.00
 68  69  0  5 1.00
 68  70  0  5 1.00
 68 114  0  5 1.00
 69  70  0  5 1.00
 69  71  0  5 1.00
 69 114  0  5 1.00
 69 115  0  5 1.00
 69 116  0  5 1.00
 69 117  0  5 1.00
 70  71  0  5 1.00
 70  72  0  5 1.00
 70 116  0  5 1.00
 70 117  0  5 1.00
 70 118  0  5 1.00
 71  72  0  5 1.00
 71  73  0  5 1.00
 71 124  0  5 1.00
 72  73  0  5 1.00
 72  74  0  5 1.00
 72 121  0  5 1.00
 72 123  0  5 1.00
 72 124  0  5 1.00
 73  74  0  5 1.00
 73  75  0  5 1.00
 73 123  0  5 1.00
 73 124  0  5 1.00
 73 125  0  5 1.00
 73 126  0  5 1.00
 74  75  0  5 1.00
 74  76  0  5 1.00
 74 126  0  5 1.00
 75  76  0  5 1.00
 75  77  0  5 1.00
 75 126  0  5 1.00
 75 127  0  5 1.00
 75 128  0  5 1.00
 76  77  0  5 1.00
 76  78  0  5 1.00
 76 128  0  5 1.00
 77  78  0  5 1.00
 77  79  0  5 1.00
 77  80  0  5 1.00
 78  79  0  5 1.00
 78  80  0  5 1.00
 78 136  0  5 1.00
 79  80  0  5 1.00
 79  81  0  5 1.00
 79 136  0  5 1.00
 79 137  0  5 1.00
 79 138  0  5 1.00
 80  81  0  5 1.00
 80  82  0  5 1.00
 80 137  0  5 1.00
 80 138  0  5 1.00
 80 139  0  5 1.00
 81  82  0  5 1.00
 81  83  0  5 1.00
 81 139  0  5 1.00
 82  83  0  5 1.00
 82  84  0  5 1.00
 82 139  0  5 1.00
 82 140  0  5 1.00
 82 141  0  5 1.00
 83  84  0  5 1.00
 83  85  0  5 1.00
 83 141  0  5 1.00
 83 142  0  5 1.00
 84  85  0  5 1.00
 84  86  0  5 1.00
 84 141  0  5 1.00
 84 142  0  5 1.00
 84 143  0  5 1.00
 85  86  0  5 1.00
 85  87  0  5 1.00
 85 111  0  5 1.00
 85 142  0  5 1.00
 86  87  0  5 1.00
 86  88  0  5 1.00
 86 109  0  5 1.00
 86 110  0  5 1.00
 86 111  0  5 1.00
 86 142  0  5 1.00
 86 143  0  5 1.00
 86 144  0  5 1.00
 86 177  0  5 1.00
 87  88  0  5 1.00
 87  89  0  5 1.00
 87 109  0  5 1.00
 87 142  0  5 1.00
 87 143  0  5 1.00
 87 144  0  5 1.00
 87 177  0  5 1.00
 87 179  0  5 1.00
 88  89  0  5 1.00
 88  90  0  5 1.00
 88 108  0  5 1.00
 88 109  0  5 1.00
 88 110  0  5 1.00
 89  90  0  5 1.00
 89  91  0  5 1.00
 90  91  0  5 1.00
 90  92  0  5 1.00
 90 108  0  5 1.00
 91  92  0  5 1.00
 91  93  0  5 1.00
 91  94  0  5 1.00
 91  95  0  5 1.00
 92  93  0  5 1.00
 92  94  0  5 1.00
 92  95  0  5 1.00
 92  96  0  5 1.00
 92  97  0  5 1.00
 93  94  0  5 1.00
 93  95  0  5 1.00
 93  96  0  5 1.00
 93  97  0  5 1.00
 94  95  0  5 1.00
 94  96  0  5 1.00
 94  97  0  5 1.00
 94  98  0  5 1.00
 95  96  0  5 1.00
 95  97  0  5 1.00
 95  98  0  5 1.00
 95  99  0  5 1.00
 96  97  0  5 1.00
 96  98  0  5 1.00
 97  98  0  5 1.00
 97  99  0  5 1.00
 98  99  0  5 1.00
 98 100  0  5 1.00
 99 100  0  5 1.00
 99 101  0  5 1.00
100 101  0  5 1.00
100 102  0  5 1.00
100 103  0  5 1.00
101 102  0  5 1.00
101 103  0  5 1.00
102 103  0  5 1.00
102 104  0  5 1.00
103 104  0  5 1.00
103 105  0  5 1.00
104 105  0  5 1.00
104 106  0  5 1.00
105 106  0  5 1.00
105 107  0  5 1.00
106 107  0  5 1.00
106 108  0  5 1.00
107 108  0  5 1.00
107 109  0  5 1.00
108 109  0  5 1.00
108 110  0  5 1.00
109 110  0  5 1.00
109 111  0  5 1.00
109 112  0  5 1.00
110 111  0  5 1.00
110 112  0  5 1.00
111 112  0  5 1.00
111 113  0  5 1.00
111 143  0  5 1.00
111 144  0  5 1.00
112 113  0  5 1.00
112 114  0  5 1.00
112 144  0  5 1.00
113 114  0  5 1.00
113 115  0  5 1.00
113 144  0  5 1.00
113 145  0  5 1.00
113 146  0  5 1.00
114 115  0  5 1.00
114 116  0  5 1.00
114 146  0  5 1.00
115 116  0  5 1.00
115 117  0  5 1.00
115 146  0  5 1.00
115 147  0  5 1.00
116 117  0  5 1.00
116 118  0  5 1.00
117 118  0  5 1.00
117 119  0  5 1.00
117 121  0  5 1.00
117 122  0  5 1.00
118 119  0  5 1.00
118 120  0  5 1.00
118 121  0  5 1.00
118 122  0  5 1.00
119 120  0  5 1.00
119 121  0  5 1.00
119 122  0  5 1.00
120 121  0  5 1.00
120 122  0  5 1.00
121 122  0  5 1.00
121 123  0  5 1.00
122 123  0  5 1.00
122 124  0  5 1.00
122 160  0  5 1.00
122 161  0  5 1.00
122 162  0  5 1.00
123 124  0  5 1.00
123 125  0  5 1.00
123 126  0  5 1.00
123 162  0  5 1.00
123 163  0  5 1.00
124 125  0  5 1.00
124 126  0  5 1.00
124 162  0  5 1.00
124 163  0  5 1.00
125 126  0  5 1.00
125 127  0  5 1.00
125 162  0  5 1.00
125 163  0  5 1.00
125 164  0  5 1.00
125 165  0  5 1.00
126 127  0  5 1.00
126 128  0  5 1.00
126 165  0  5 1.00
127 128  0  5 1.00
127 129  0  5 1.00
127 165  0  5 1.00
127 166  0  5 1.00
127 167  0  5 1.00
127 168  0  5 1.00
128 129  0  5 1.00
128 130  0  5 1.00
128 168  0  5 1.00
129 130  0  5 1.00
129 131  0  5 1.00
130 131  0  5 1.00
130 132  0  5 1.00
131 132  0  5 1.00
131 133  0  5 1.00
132 133  0  5 1.00
132 134  0  5 1.00
133 134  0  5 1.00
133 135  0  5 1.00
134 135  0  5 1.00
134 136  0  5 1.00
134 169  0  5 1.00
135 136  0  5 1.00
135 137  0  5 1.00
135 169  0  5 1.00
135 170  0  5 1.00
135 171  0  5 1.00
136 137  0  5 1.00
136 138  0  5 1.00
136 171  0  5 1.00
137 138  0  5 1.00
137 139  0  5 1.00
137 171  0  5 1.00
137 172  0  5 1.00
137 173  0  5 1.00
138 139  0  5 1.00
138 140  0  5 1.00
138 172  0  5 1.00
138 173  0  5 1.00
138 174  0  5 1.00
139 140  0  5 1.00
139 141  0  5 1.00
139 174  0  5 1.00
140 141  0  5 1.00
140 142  0  5 1.00
140 174  0  5 1.00
140 175  0  5 1.00
140 176  0  5 1.00
141 142  0  5 1.00
141 143  0  5 1.00
141 176  0  5 1.00
141 177  0  5 1.00
142 143  0  5 1.00
142 144  0  5 1.00
142 176  0  5 1.00
142 177  0  5 1.00
143 144  0  5 1.00
143 145  0  5 1.00
143 177  0  5 1.00
143 179  0  5 1.00
144 145  0  5 1.00
144 146  0  5 1.00
144 179  0  5 1.00
145 146  0  5 1.00
145 147  0  5 1.00
145 179  0  5 1.00
145 180  0  5 1.00
145 181  0  5 1.00
146 147  0  5 1.00
146 148  0  5 1.00
146 181  0  5 1.00
146 182  0  5 1.00
147 148  0  5 1.00
147 149  0  5 1.00
147 181  0  5 1.00
147 182  0  5 1.00
147 183  0  5 1.00
148 149  0  5 1.00
148 150  0  5 1.00
148 181  0  5 1.00
148 182  0  5 1.00
149 150  0  5 1.00
149 151  0  5 1.00
149 158  0  5 1.00
149 159  0  5 1.00
149 182  0  5 1.00
150 151  0  5 1.00
150 152  0  5 1.00
150 153  0  5 1.00
150 154  0  5 1.00
150 158  0  5 1.00
151 152  0  5 1.00
151 153  0  5 1.00
151 158  0  5 1.00
151 159  0  5 1.00
152 153  0  5 1.00
152 154  0  5 1.00
153 154  0  5 1.00
153 155  0  5 1.00
153 156  0  5 1.00
154 155  0  5 1.00
154 156  0  5 1.00
155 156  0  5 1.00
155 157  0  5 1.00
156 157  0  5 1.00
156 158  0  5 1.00
157 158  0  5 1.00
157 159  0  5 1.00
157 184  0  5 1.00
157 206  0  5 1.00
158 159  0  5 1.00
158 160  0  5 1.00
159 160  0  5 1.00
159 161  0  5 1.00
159 184  0  5 1.00
160 161  0  5 1.00
160 162  0  5 1.00
161 162  0  5 1.00
161 163  0  5 1.00
161 183  0  5 1.00
161 184  0  5 1.00
161 185  0  5 1.00
162 163  0  5 1.00
162 164  0  5 1.00
162 185  0  5 1.00
162 186  0  5 1.00
163 164  0  5 1.00
163 165  0  5 1.00
163 185  0  5 1.00
163 186  0  5 1.00
164 165  0  5 1.00
164 166  0  5 1.00
164 186  0  5 1.00
164 187  0  5 1.00
164 188  0  5 1.00
165 166  0  5 1.00
165 167  0  5 1.00
165 188  0  5 1.00
166 167  0  5 1.00
166 168  0  5 1.00
166 188  0  5 1.00
166 189  0  5 1.00
166 190  0  5 1.00
167 168  0  5 1.00
167 169  0  5 1.00
168 169  0  5 1.00
168 170  0  5 1.00
168 190  0  5 1.00
168 191  0  5 1.00
169 170  0  5 1.00
169 171  0  5 1.00
169 190  0  5 1.00
169 191  0  5 1.00
170 171  0  5 1.00
170 172  0  5 1.00
170 190  0  5 1.00
170 191  0  5 1.00
170 192  0  5 1.00
170 193  0  5 1.00
171 172  0  5 1.00
171 173  0  5 1.00
171 193  0  5 1.00
172 173  0  5 1.00
172 174  0  5 1.00
172 193  0  5 1.00
172 194  0  5 1.00
172 195  0  5 1.00
173 174  0  5 1.00
173 175  0  5 1.00
173 193  0  5 1.00
173 194  0  5 1.00
173 195  0  5 1.00
173 196  0  5 1.00
174 175  0  5 1.00
174 176  0  5 1.00
174 196  0  5 1.00
175 176  0  5 1.00
175 177  0  5 1.00
175 196  0  5 1.00
175 197  0  5 1.00
175 198  0  5 1.00
176 177  0  5 1.00
176 198  0  5 1.00
176 199  0  5 1.00
177 179  0  5 1.00
177 198  0  5 1.00
177 199  0  5 1.00
177 200  0  5 1.00
179 180  0  5 1.00
179 181  0  5 1.00
180 181  0  5 1.00
180 182  0  5 1.00
180 202  0  5 1.00
180 203  0  5 1.00
181 182  0  5 1.00
181 183  0  5 1.00
181 203  0  5 1.00
181 204  0  5 1.00
182 183  0  5 1.00
182 184  0  5 1.00
182 203  0  5 1.00
182 204  0  5 1.00
182 205  0  5 1.00
183 184  0  5 1.00
183 185  0  5 1.00
183 186  0  5 1.00
183 204  0  5 1.00
183 205  0  5 1.00
183 206  0  5 1.00
183 207  0  5 1.00
184 185  0  5 1.00
184 186  0  5 1.00
184 205  0  5 1.00
184 206  0  5 1.00
184 207  0  5 1.00
185 186  0  5 1.00
185 187  0  5 1.00
185 206  0  5 1.00
185 207  0  5 1.00
186 187  0  5 1.00
186 188  0  5 1.00
186 207  0  5 1.00
186 208  0  5 1.00
187 188  0  5 1.00
187 189  0  5 1.00
187 207  0  5 1.00
187 208  0  5 1.00
187 209  0  5 1.00
187 210  0  5 1.00
188 189  0  5 1.00
188 190  0  5 1.00
188 210  0  5 1.00
189 190  0  5 1.00
189 191  0  5 1.00
189 192  0  5 1.00
189 210  0  5 1.00
189 211  0  5 1.00
189 212  0  5 1.00
190 191  0  5 1.00
190 192  0  5 1.00
190 210  0  5 1.00
190 212  0  5 1.00
190 213  0  5 1.00
190 214  0  5 1.00
191 192  0  5 1.00
191 193  0  5 1.00
191 212  0  5 1.00
191 213  0  5 1.00
191 214  0  5 1.00
192 193  0  5 1.00
192 194  0  5 1.00
192 195  0  5 1.00
192 212  0  5 1.00
192 214  0  5 1.00
192 215  0  5 1.00
192 216  0  5 1.00
193 194  0  5 1.00
193 195  0  5 1.00
193 216  0  5 1.00
193 217  0  5 1.00
194 195  0  5 1.00
194 196  0  5 1.00
194 216  0  5 1.00
194 217  0  5 1.00
194 218  0  5 1.00
195 196  0  5 1.00
195 197  0  5 1.00
195 216  0  5 1.00
195 217  0  5 1.00
195 218  0  5 1.00
195 219  0  5 1.00
196 197  0  5 1.00
196 198  0  5 1.00
196 219  0  5 1.00
197 198  0  5 1.00
197 199  0  5 1.00
197 219  0  5 1.00
197 220  0  5 1.00
197 221  0  5 1.00
198 199  0  5 1.00
198 200  0  5 1.00
198 221  0  5 1.00
198 222  0  5 1.00
199 200  0  5 1.00
199 221  0  5 1.00
199 222  0  5 1.00
199 223  0  5 1.00
200 202  0  5 1.00
200 222  0  5 1.00
200 223  0  5 1.00
200 224  0  5 1.00
202 203  0  5 1.00
202 204  0  5 1.00
202 224  0  5 1.00
202 226  0  5 1.00
203 204  0  5 1.00
203 205  0  5 1.00
203 224  0  5 1.00
203 226  0  5 1.00
204 205  0  5 1.00
204 206  0  5 1.00
204 226  0  5 1.00
205 206  0  5 1.00
205 207  0  5 1.00
205 226  0  5 1.00
205 227  0  5 1.00
205 228  0  5 1.00
206 207  0  5 1.00
206 208  0  5 1.00
206 227  0  5 1.00
206 228  0  5 1.00
206 230  0  5 1.00
206 231  0  5 1.00
206 232  0  5 1.00
207 208  0  5 1.00
207 209  0  5 1.00
207 228  0  5 1.00
207 231  0  5 1.00
207 232  0  5 1.00
207 233  0  5 1.00
208 209  0  5 1.00
208 210  0  5 1.00
208 232  0  5 1.00
208 233  0  5 1.00
209 210  0  5 1.00
209 211  0  5 1.00
209 232  0  5 1.00
209 233  0  5 1.00
209 234  0  5 1.00
209 235  0  5 1.00
210 211  0  5 1.00
210 212  0  5 1.00
210 235  0  5 1.00
211 212  0  5 1.00
211 213  0  5 1.00
211 235  0  5 1.00
211 236  0  5 1.00
211 237  0  5 1.00
212 213  0  5 1.00
212 214  0  5 1.00
212 237  0  5 1.00
213 214  0  5 1.00
213 215  0  5 1.00
213 237  0  5 1.00
213 238  0  5 1.00
214 215  0  5 1.00
214 216  0  5 1.00
214 237  0  5 1.00
214 238  0  5 1.00
214 239  0  5 1.00
215 216  0  5 1.00
215 217  0  5 1.00
215 237  0  5 1.00
215 238  0  5 1.00
215 239  0  5 1.00
215 240  0  5 1.00
216 217  0  5 1.00
216 218  0  5 1.00
216 240  0  5 1.00
217 218  0  5 1.00
217 219  0  5 1.00
217 240  0  5 1.00
217 241  0  5 1.00
217 242  0  5 1.00
218 219  0  5 1.00
218 220  0  5 1.00
218 240  0  5 1.00
218 241  0  5 1.00
218 242  0  5 1.00
218 243  0  5 1.00
219 220  0  5 1.00
219 221  0  5 1.00
219 243  0  5 1.00
220 221  0  5 1.00
220 222  0  5 1.00
220 243  0  5 1.00
220 244  0  5 1.00
220 245  0  5 1.00
221 222  0  5 1.00
221 223  0  5 1.00
221 245  0  5 1.00
221 246  0  5 1.00
222 223  0  5 1.00
222 224  0  5 1.00
222 245  0  5 1.00
222 246  0  5 1.00
222 247  0  5 1.00
223 224  0  5 1.00
223 246  0  5 1.00
223 247  0  5 1.00
223 248  0  5 1.00
223 249  0  5 1.00
224 226  0  5 1.00
224 248  0  5 1.00
226 227  0  5 1.00
226 228  0  5 1.00
226 250  0  5 1.00
226 251  0  5 1.00
226 252  0  5 1.00
227 228  0  5 1.00
227 229  0  5 1.00
227 232  0  5 1.00
227 250  0  5 1.00
227 251  0  5 1.00
227 252  0  5 1.00
227 253  0  5 1.00
228 229  0  5 1.00
228 230  0  5 1.00
228 231  0  5 1.00
228 232  0  5 1.00
228 252  0  5 1.00
228 253  0  5 1.00
228 254  0  5 1.00
229 230  0  5 1.00
229 231  0  5 1.00
229 252  0  5 1.00
229 253  0  5 1.00
229 254  0  5 1.00
229 310  0  5 1.00
229 311  0  5 1.00
230 231  0  5 1.00
230 232  0  5 1.00
231 232  0  5 1.00
231 233  0  5 1.00
231 253  0  5 1.00
231 254  0  5 1.00
231 255  0  5 1.00
232 233  0  5 1.00
232 234  0  5 1.00
232 254  0  5 1.00
232 255  0  5 1.00
233 234  0  5 1.00
233 235  0  5 1.00
233 253  0  5 1.00
233 255  0  5 1.00
233 256  0  5 1.00
234 235  0  5 1.00
234 236  0  5 1.00
234 256  0  5 1.00
234 257  0  5 1.00
234 258  0  5 1.00
235 236  0  5 1.00
235 237  0  5 1.00
235 258  0  5 1.00
236 237  0  5 1.00
236 238  0  5 1.00
236 258  0  5 1.00
236 259  0  5 1.00
236 260  0  5 1.00
237 238  0  5 1.00
237 239  0  5 1.00
237 260  0  5 1.00
238 239  0  5 1.00
238 240  0  5 1.00
238 260  0  5 1.00
238 261  0  5 1.00
238 262  0  5 1.00
239 240  0  5 1.00
239 241  0  5 1.00
239 261  0  5 1.00
239 262  0  5 1.00
239 263  0  5 1.00
240 241  0  5 1.00
240 242  0  5 1.00
240 263  0  5 1.00
240 264  0  5 1.00
241 242  0  5 1.00
241 243  0  5 1.00
241 263  0  5 1.00
241 264  0  5 1.00
241 265  0  5 1.00
242 243  0  5 1.00
242 244  0  5 1.00
242 264  0  5 1.00
242 265  0  5 1.00
242 266  0  5 1.00
243 244  0  5 1.00
243 245  0  5 1.00
243 266  0  5 1.00
244 245  0  5 1.00
244 246  0  5 1.00
244 266  0  5 1.00
244 267  0  5 1.00
244 268  0  5 1.00
245 246  0  5 1.00
245 247  0  5 1.00
245 268  0  5 1.00
245 269  0  5 1.00
246 247  0  5 1.00
246 248  0  5 1.00
246 268  0  5 1.00
246 269  0  5 1.00
246 270  0  5 1.00
247 248  0  5 1.00
247 249  0  5 1.00
247 269  0  5 1.00
247 270  0  5 1.00
247 271  0  5 1.00
248 249  0  5 1.00
248 250  0  5 1.00
248 271  0  5 1.00
249 250  0  5 1.00
249 251  0  5 1.00
249 271  0  5 1.00
249 272  0  5 1.00
249 273  0  5 1.00
250 251  0  5 1.00
250 252  0  5 1.00
250 273  0  5 1.00
251 252  0  5 1.00
251 253  0  5 1.00
251 273  0  5 1.00
251 274  0  5 1.00
252 253  0  5 1.00
252 254  0  5 1.00
253 254  0  5 1.00
253 255  0  5 1.00
254 255  0  5 1.00
254 256  0  5 1.00
254 277  0  5 1.00
254 278  0  5 1.00
255 256  0  5 1.00
255 257  0  5 1.00
255 278  0  5 1.00
256 257  0  5 1.00
256 258  0  5 1.00
256 278  0  5 1.00
256 280  0  5 1.00
257 258  0  5 1.00
257 259  0  5 1.00
257 280  0  5 1.00
257 281  0  5 1.00
258 259  0  5 1.00
258 260  0  5 1.00
258 281  0  5 1.00
259 260  0  5 1.00
259 261  0  5 1.00
259 262  0  5 1.00
259 281  0  5 1.00
259 282  0  5 1.00
259 283  0  5 1.00
260 261  0  5 1.00
260 262  0  5 1.00
260 283  0  5 1.00
260 284  0  5 1.00
261 262  0  5 1.00
261 263  0  5 1.00
261 283  0  5 1.00
261 284  0  5 1.00
261 285  0  5 1.00
261 286  0  5 1.00
262 263  0  5 1.00
262 264  0  5 1.00
262 285  0  5 1.00
262 286  0  5 1.00
262 287  0  5 1.00
263 264  0  5 1.00
263 265  0  5 1.00
263 287  0  5 1.00
263 288  0  5 1.00
264 265  0  5 1.00
264 266  0  5 1.00
264 287  0  5 1.00
264 288  0  5 1.00
264 289  0  5 1.00
265 266  0  5 1.00
265 267  0  5 1.00
265 287  0  5 1.00
265 288  0  5 1.00
265 289  0  5 1.00
265 290  0  5 1.00
266 267  0  5 1.00
266 268  0  5 1.00
266 290  0  5 1.00
267 268  0  5 1.00
267 269  0  5 1.00
267 290  0  5 1.00
267 291  0  5 1.00
267 292  0  5 1.00
268 269  0  5 1.00
268 270  0  5 1.00
268 290  0  5 1.00
268 292  0  5 1.00
268 293  0  5 1.00
269 270  0  5 1.00
269 271  0  5 1.00
269 292  0  5 1.00
269 293  0  5 1.00
269 294  0  5 1.00
270 271  0  5 1.00
270 272  0  5 1.00
270 293  0  5 1.00
270 294  0  5 1.00
270 295  0  5 1.00
271 272  0  5 1.00
271 273  0  5 1.00
271 295  0  5 1.00
272 273  0  5 1.00
272 274  0  5 1.00
272 295  0  5 1.00
272 296  0  5 1.00
272 297  0  5 1.00
273 274  0  5 1.00
273 275  0  5 1.00
273 297  0  5 1.00
274 275  0  5 1.00
274 276  0  5 1.00
274 297  0  5 1.00
274 298  0  5 1.00
274 299  0  5 1.00
275 276  0  5 1.00
275 277  0  5 1.00
275 299  0  5 1.00
275 300  0  5 1.00
275 301  0  5 1.00
276 277  0  5 1.00
276 278  0  5 1.00
276 299  0  5 1.00
277 278  0  5 1.00
277 314  0  5 1.00
277 318  0  5 1.00
278 280  0  5 1.00
278 281  0  5 1.00
278 318  0  5 1.00
278 319  0  5 1.00
280 281  0  5 1.00
280 282  0  5 1.00
280 319  0  5 1.00
280 320  0  5 1.00
280 321  0  5 1.00
281 282  0  5 1.00
281 283  0  5 1.00
281 321  0  5 1.00
282 283  0  5 1.00
282 284  0  5 1.00
282 321  0  5 1.00
282 322  0  5 1.00
282 323  0  5 1.00
282 324  0  5 1.00
283 284  0  5 1.00
283 285  0  5 1.00
283 286  0  5 1.00
283 321  0  5 1.00
283 323  0  5 1.00
284 285  0  5 1.00
284 286  0  5 1.00
284 323  0  5 1.00
285 286  0  5 1.00
285 287  0  5 1.00
285 323  0  5 1.00
285 324  0  5 1.00
286 287  0  5 1.00
286 288  0  5 1.00
286 323  0  5 1.00
286 324  0  5 1.00
286 325  0  5 1.00
287 288  0  5 1.00
287 289  0  5 1.00
287 325  0  5 1.00
288 289  0  5 1.00
288 290  0  5 1.00
288 325  0  5 1.00
288 326  0  5 1.00
288 327  0  5 1.00
289 290  0  5 1.00
289 291  0  5 1.00
289 325  0  5 1.00
289 326  0  5 1.00
289 327  0  5 1.00
289 328  0  5 1.00
290 291  0  5 1.00
290 292  0  5 1.00
290 328  0  5 1.00
291 292  0  5 1.00
291 293  0  5 1.00
291 328  0  5 1.00
291 329  0  5 1.00
291 330  0  5 1.00
292 293  0  5 1.00
292 294  0  5 1.00
292 328  0  5 1.00
292 330  0  5 1.00
292 331  0  5 1.00
293 294  0  5 1.00
293 295  0  5 1.00
293 330  0  5 1.00
293 331  0  5 1.00
293 332  0  5 1.00
294 295  0  5 1.00
294 296  0  5 1.00
294 331  0  5 1.00
294 332  0  5 1.00
294 333  0  5 1.00
295 296  0  5 1.00
295 297  0  5 1.00
295 333  0  5 1.00
296 297  0  5 1.00
296 298  0  5 1.00
296 333  0  5 1.00
296 334  0  5 1.00
296 335  0  5 1.00
297 298  0  5 1.00
297 299  0  5 1.00
297 333  0  5 1.00
297 335  0  5 1.00
298 299  0  5 1.00
298 300  0  5 1.00
298 335  0  5 1.00
298 336  0  5 1.00
298 337  0  5 1.00
299 300  0  5 1.00
299 301  0  5 1.00
299 337  0  5 1.00
300 301  0  5 1.00
300 302  0  5 1.00
300 337  0  5 1.00
300 338  0  5 1.00
301 302  0  5 1.00
301 303  0  5 1.00
302 303  0  5 1.00
302 304  0  5 1.00
303 304  0  5 1.00
303 305  0  5 1.00
303 306  0  5 1.00
303 307  0  5 1.00
304 305  0  5 1.00
304 306  0  5 1.00
304 307  0  5 1.00
305 306  0  5 1.00
305 307  0  5 1.00
306 307  0  5 1.00
306 308  0  5 1.00
306 309  0  5 1.00
307 308  0  5 1.00
307 309  0  5 1.00
308 309  0  5 1.00
308 310  0  5 1.00
309 310  0  5 1.00
309 311  0  5 1.00
310 311  0  5 1.00
310 312  0  5 1.00
311 312  0  5 1.00
311 313  0  5 1.00
312 313  0  5 1.00
312 314  0  5 1.00
313 314  0  5 1.00
313 315  0  5 1.00
314 315  0  5 1.00
314 316  0  5 1.00
314 317  0  5 1.00
314 318  0  5 1.00
314 344  0  5 1.00
315 316  0  5 1.00
315 317  0  5 1.00
315 318  0  5 1.00
315 344  0  5 1.00
315 345  0  5 1.00
315 349  0  5 1.00
315 350  0  5 1.00
315 351  0  5 1.00
316 317  0  5 1.00
316 318  0  5 1.00
316 344  0  5 1.00
316 351  0  5 1.00
317 318  0  5 1.00
317 319  0  5 1.00
317 320  0  5 1.00
317 321  0  5 1.00
317 354  0  5 1.00
318 319  0  5 1.00
318 320  0  5 1.00
318 321  0  5 1.00
318 351  0  5 1.00
318 352  0  5 1.00
318 354  0  5 1.00
319 320  0  5 1.00
319 321  0  5 1.00
319 351  0  5 1.00
319 352  0  5 1.00
319 353  0  5 1.00
320 321  0  5 1.00
320 322  0  5 1.00
320 352  0  5 1.00
320 353  0  5 1.00
320 354  0  5 1.00
321 322  0  5 1.00
321 323  0  5 1.00
321 354  0  5 1.00
322 323  0  5 1.00
322 324  0  5 1.00
322 354  0  5 1.00
322 355  0  5 1.00
322 356  0  5 1.00
322 357  0  5 1.00
323 324  0  5 1.00
323 325  0  5 1.00
323 356  0  5 1.00
323 357  0  5 1.00
324 325  0  5 1.00
324 326  0  5 1.00
324 357  0  5 1.00
324 358  0  5 1.00
324 359  0  5 1.00
325 326  0  5 1.00
325 327  0  5 1.00
325 358  0  5 1.00
325 359  0  5 1.00
326 327  0  5 1.00
326 328  0  5 1.00
326 359  0  5 1.00
326 360  0  5 1.00
326 361  0  5 1.00
327 328  0  5 1.00
327 329  0  5 1.00
327 360  0  5 1.00
327 361  0  5 1.00
327 362  0  5 1.00
328 329  0  5 1.00
328 330  0  5 1.00
328 362  0  5 1.00
329 330  0  5 1.00
329 331  0  5 1.00
329 362  0  5 1.00
329 363  0  5 1.00
329 364  0  5 1.00
330 331  0  5 1.00
330 332  0  5 1.00
330 364  0  5 1.00
330 365  0  5 1.00
331 332  0  5 1.00
331 333  0  5 1.00
331 364  0  5 1.00
331 365  0  5 1.00
331 366  0  5 1.00
332 333  0  5 1.00
332 334  0  5 1.00
332 365  0  5 1.00
332 366  0  5 1.00
332 367  0  5 1.00
333 334  0  5 1.00
333 335  0  5 1.00
333 367  0  5 1.00
334 335  0  5 1.00
334 336  0  5 1.00
334 367  0  5 1.00
334 368  0  5 1.00
334 369  0  5 1.00
335 336  0  5 1.00
335 337  0  5 1.00
335 369  0  5 1.00
336 337  0  5 1.00
336 338  0  5 1.00
336 369  0  5 1.00
336 370  0  5 1.00
336 371  0  5 1.00
337 338  0  5 1.00
337 339  0  5 1.00
337 371  0  5 1.00
338 339  0  5 1.00
338 340  0  5 1.00
339 340  0  5 1.00
339 341  0  5 1.00
339 342  0  5 1.00
339 343  0  5 1.00
340 341  0  5 1.00
340 342  0  5 1.00
340 343  0  5 1.00
341 342  0  5 1.00
341 343  0  5 1.00
342 343  0  5 1.00
342 344  0  5 1.00
343 344  0  5 1.00
343 345  0  5 1.00
343 346  0  5 1.00
344 345  0  5 1.00
344 346  0  5 1.00
345 346  0  5 1.00
345 347  0  5 1.00
345 348  0  5 1.00
346 347  0  5 1.00
346 348  0  5 1.00
347 348  0  5 1.00
347 349  0  5 1.00
348 349  0  5 1.00
348 350  0  5 1.00
349 350  0  5 1.00
349 351  0  5 1.00
349 373  0  5 1.00
349 374  0  5 1.00
349 375  0  5 1.00
350 351  0  5 1.00
350 352  0  5 1.00
350 373  0  5 1.00
350 374  0  5 1.00
350 375  0  5 1.00
351 352  0  5 1.00
351 353  0  5 1.00
351 375  0  5 1.00
352 353  0  5 1.00
352 354  0  5 1.00
352 375  0  5 1.00
352 376  0  5 1.00
353 354  0  5 1.00
353 355  0  5 1.00
353 375  0  5 1.00
353 376  0  5 1.00
353 377  0  5 1.00
353 378  0  5 1.00
354 355  0  5 1.00
354 356  0  5 1.00
354 378  0  5 1.00
355 356  0  5 1.00
355 357  0  5 1.00
355 378  0  5 1.00
355 379  0  5 1.00
355 380  0  5 1.00
356 357  0  5 1.00
356 358  0  5 1.00
356 380  0  5 1.00
356 382  0  5 1.00
356 383  0  5 1.00
357 358  0  5 1.00
357 359  0  5 1.00
357 382  0  5 1.00
357 383  0  5 1.00
358 359  0  5 1.00
358 360  0  5 1.00
358 382  0  5 1.00
358 383  0  5 1.00
358 384  0  5 1.00
359 360  0  5 1.00
359 361  0  5 1.00
359 384  0  5 1.00
360 361  0  5 1.00
360 362  0  5 1.00
360 384  0  5 1.00
360 385  0  5 1.00
360 386  0  5 1.00
361 362  0  5 1.00
361 363  0  5 1.00
361 384  0  5 1.00
361 385  0  5 1.00
361 386  0  5 1.00
361 387  0  5 1.00
362 363  0  5 1.00
362 364  0  5 1.00
362 387  0  5 1.00
363 364  0  5 1.00
363 365  0  5 1.00
363 387  0  5 1.00
363 388  0  5 1.00
363 389  0  5 1.00
364 365  0  5 1.00
364 366  0  5 1.00
364 387  0  5 1.00
364 389  0  5 1.00
364 390  0  5 1.00
365 366  0  5 1.00
365 367  0  5 1.00
365 389  0  5 1.00
365 390  0  5 1.00
365 391  0  5 1.00
366 367  0  5 1.00
366 368  0  5 1.00
366 389  0  5 1.00
366 390  0  5 1.00
366 391  0  5 1.00
366 392  0  5 1.00
367 368  0  5 1.00
367 369  0  5 1.00
368 369  0  5 1.00
368 370  0  5 1.00
369 370  0  5 1.00
369 371  0  5 1.00
370 371  0  5 1.00
370 372  0  5 1.00
371 372  0  5 1.00
371 373  0  5 1.00
372 373  0  5 1.00
372 374  0  5 1.00
373 374  0  5 1.00
373 375  0  5 1.00
374 375  0  5 1.00
374 376  0  5 1.00
374 396  0  5 1.00
375 376  0  5 1.00
375 377  0  5 1.00
375 396  0  5 1.00
376 377  0  5 1.00
376 378  0  5 1.00
376 391  0  5 1.00
376 396  0  5 1.00
376 397  0  5 1.00
377 378  0  5 1.00
377 379  0  5 1.00
377 396  0  5 1.00
377 397  0  5 1.00
377 398  0  5 1.00
378 379  0  5 1.00
378 380  0  5 1.00
378 398  0  5 1.00
379 380  0  5 1.00
379 381  0  5 1.00
379 398  0  5 1.00
379 399  0  5 1.00
379 400  0  5 1.00
379 401  0  5 1.00
380 381  0  5 1.00
380 382  0  5 1.00
380 383  0  5 1.00
380 400  0  5 1.00
380 401  0  5 1.00
381 382  0  5 1.00
381 383  0  5 1.00
381 400  0  5 1.00
381 401  0  5 1.00
382 383  0  5 1.00
382 384  0  5 1.00
383 384  0  5 1.00
383 385  0  5 1.00
383 401  0  5 1.00
384 385  0  5 1.00
384 386  0  5 1.00
385 386  0  5 1.00
385 387  0  5 1.00
385 403  0  5 1.00
386 387  0  5 1.00
386 388  0  5 1.00
386 403  0  5 1.00
386 404  0  5 1.00
386 405  0  5 1.00
387 388  0  5 1.00
387 389  0  5 1.00
387 405  0  5 1.00
388 389  0  5 1.00
388 390  0  5 1.00
388 405  0  5 1.00
388 406  0  5 1.00
388 407  0  5 1.00
389 390  0  5 1.00
389 391  0  5 1.00
389 407  0  5 1.00
390 391  0  5 1.00
390 392  0  5 1.00
390 407  0  5 1.00
390 408  0  5 1.00
390 409  0  5 1.00
391 392  0  5 1.00
391 393  0  5 1.00
391 407  0  5 1.00
392 393  0  5 1.00
392 394  0  5 1.00
392 407  0  5 1.00
392 408  0  5 1.00
392 409  0  5 1.00
393 394  0  5 1.00
393 395  0  5 1.00
393 396  0  5 1.00
393 397  0  5 1.00
393 408  0  5 1.00
393 409  0  5 1.00
394 395  0  5 1.00
394 396  0  5 1.00
394 397  0  5 1.00
395 396  0  5 1.00
395 397  0  5 1.00
396 397  0  5 1.00
396 398  0  5 1.00
397 398  0  5 1.00
397 399  0  5 1.00
398 399  0  5 1.00
398 400  0  5 1.00
399 400  0  5 1.00
399 401  0  5 1.00
400 401  0  5 1.00
400 402  0  5 1.00
401 402  0  5 1.00
401 403  0  5 1.00
401 404  0  5 1.00
402 403  0  5 1.00
402 404  0  5 1.00
403 404  0  5 1.00
403 405  0  5 1.00
404 405  0  5 1.00
404 406  0  5 1.00
405 406  0  5 1.00
405 407  0  5 1.00
406 407  0  5 1.00
406 408  0  5 1.00
407 408  0  5 1.00
407 409  0  5 1.00
408 409  0  5 1.00
408 410  0  5 1.00
409 410  0  5 1.00
END
HELX_P HELX_P1  1  THR A 29  ? GLN A 49  ? THR A 69  GLN A 89  1 ? 21 
HELX_P HELX_P2  2  SER A 91  ? ASN A 97  ? SER A 131 ASN A 137 1 ? 7  
HELX_P HELX_P3  3  TYR A 303 ? ILE A 307 ? TYR A 343 ILE A 347 5 ? 5  
HELX_P HELX_P4  4  PRO A 339 ? ILE A 343 ? PRO A 379 ILE A 383 5 ? 5  
HELX_P HELX_P5  5  THR A 393 ? SER A 395 ? THR A 433 SER A 435 5 ? 3  