2q3z 687
  1   2  0  5 1.00
  1   3  0  5 1.00
  2   3  0  5 1.00
  2   4  0  5 1.00
  2 123  0  5 1.00
  3   4  0  5 1.00
  3   5  0  5 1.00
  4   5  0  5 1.00
  4   6  0  5 1.00
  5   6  0  5 1.00
  5   7  0  5 1.00
  6   7  0  5 1.00
  6   8  0  5 1.00
  6  44  0  5 1.00
  6  45  0  5 1.00
  6  46  0  5 1.00
  7   8  0  5 1.00
  7   9  0  5 1.00
  7  44  0  5 1.00
  7  45  0  5 1.00
  7  46  0  5 1.00
  8   9  0  5 1.00
  8  10  0  5 1.00
  8  44  0  5 1.00
  8  45  0  5 1.00
  8  46  0  5 1.00
  9  10  0  5 1.00
  9  11  0  5 1.00
  9  42  0  5 1.00
  9  43  0  5 1.00
  9  44  0  5 1.00
 10  11  0  5 1.00
 10  12  0  5 1.00
 10  42  0  5 1.00
 10  43  0  5 1.00
 11  12  0  5 1.00
 11  13  0  5 1.00
 11  40  0  5 1.00
 11  41  0  5 1.00
 11  42  0  5 1.00
 11  43  0  5 1.00
 12  13  0  5 1.00
 12  14  0  5 1.00
 12  40  0  5 1.00
 13  14  0  5 1.00
 13  15  0  5 1.00
 13  16  0  5 1.00
 13  17  0  5 1.00
 13  18  0  5 1.00
 13  40  0  5 1.00
 14  15  0  5 1.00
 14  16  0  5 1.00
 14  17  0  5 1.00
 14  18  0  5 1.00
 14  19  0  5 1.00
 14  27  0  5 1.00
 15  16  0  5 1.00
 15  17  0  5 1.00
 15  18  0  5 1.00
 15  19  0  5 1.00
 16  17  0  5 1.00
 16  18  0  5 1.00
 16  19  0  5 1.00
 16  20  0  5 1.00
 16  21  0  5 1.00
 17  18  0  5 1.00
 17  19  0  5 1.00
 17  20  0  5 1.00
 17  21  0  5 1.00
 17  22  0  5 1.00
 17  32  0  5 1.00
 18  19  0  5 1.00
 18  20  0  5 1.00
 18  21  0  5 1.00
 18  22  0  5 1.00
 18  23  0  5 1.00
 18  24  0  5 1.00
 19  20  0  5 1.00
 19  21  0  5 1.00
 19  22  0  5 1.00
 19  23  0  5 1.00
 19  24  0  5 1.00
 20  21  0  5 1.00
 20  22  0  5 1.00
 21  22  0  5 1.00
 21  23  0  5 1.00
 22  23  0  5 1.00
 22  24  0  5 1.00
 23  24  0  5 1.00
 23  25  0  5 1.00
 23  26  0  5 1.00
 23  27  0  5 1.00
 23  32  0  5 1.00
 24  25  0  5 1.00
 24  26  0  5 1.00
 24  27  0  5 1.00
 24  28  0  5 1.00
 25  26  0  5 1.00
 25  27  0  5 1.00
 25  28  0  5 1.00
 25 185  0  5 1.00
 26  27  0  5 1.00
 26  28  0  5 1.00
 26  30  0  5 1.00
 26 185  0  5 1.00
 27  28  0  5 1.00
 27  29  0  5 1.00
 27  30  0  5 1.00
 28  29  0  5 1.00
 28  30  0  5 1.00
 29  30  0  5 1.00
 29  31  0  5 1.00
 30  31  0  5 1.00
 30  32  0  5 1.00
 31  32  0  5 1.00
 31  33  0  5 1.00
 31 134  0  5 1.00
 31 135  0  5 1.00
 31 136  0  5 1.00
 32  33  0  5 1.00
 32  34  0  5 1.00
 32 136  0  5 1.00
 33  34  0  5 1.00
 33  35  0  5 1.00
 33 136  0  5 1.00
 33 137  0  5 1.00
 33 138  0  5 1.00
 34  35  0  5 1.00
 34  36  0  5 1.00
 34  37  0  5 1.00
 34 138  0  5 1.00
 34 139  0  5 1.00
 35  36  0  5 1.00
 35  37  0  5 1.00
 35 106  0  5 1.00
 35 107  0  5 1.00
 35 108  0  5 1.00
 35 138  0  5 1.00
 35 139  0  5 1.00
 35 140  0  5 1.00
 36  37  0  5 1.00
 36  38  0  5 1.00
 36 106  0  5 1.00
 36 107  0  5 1.00
 36 108  0  5 1.00
 37  38  0  5 1.00
 37  39  0  5 1.00
 37 104  0  5 1.00
 37 105  0  5 1.00
 37 106  0  5 1.00
 38  39  0  5 1.00
 38  40  0  5 1.00
 38 104  0  5 1.00
 38 105  0  5 1.00
 39  40  0  5 1.00
 39  41  0  5 1.00
 39 102  0  5 1.00
 39 103  0  5 1.00
 39 104  0  5 1.00
 40  41  0  5 1.00
 40  42  0  5 1.00
 40 102  0  5 1.00
 40 103  0  5 1.00
 41  42  0  5 1.00
 41  43  0  5 1.00
 41 100  0  5 1.00
 41 101  0  5 1.00
 41 102  0  5 1.00
 42  43  0  5 1.00
 42  44  0  5 1.00
 42 100  0  5 1.00
 42 101  0  5 1.00
 42 102  0  5 1.00
 43  44  0  5 1.00
 43  45  0  5 1.00
 43  98  0  5 1.00
 43  99  0  5 1.00
 43 100  0  5 1.00
 43 101  0  5 1.00
 44  45  0  5 1.00
 44  46  0  5 1.00
 44  98  0  5 1.00
 44  99  0  5 1.00
 45  46  0  5 1.00
 45  47  0  5 1.00
 45  48  0  5 1.00
 45  98  0  5 1.00
 46  47  0  5 1.00
 46  48  0  5 1.00
 47  48  0  5 1.00
 47  49  0  5 1.00
 48  49  0  5 1.00
 48  50  0  5 1.00
 49  50  0  5 1.00
 49  51  0  5 1.00
 49  97  0  5 1.00
 50  51  0  5 1.00
 50  52  0  5 1.00
 51  52  0  5 1.00
 51  53  0  5 1.00
 51  54  0  5 1.00
 51  55  0  5 1.00
 52  53  0  5 1.00
 52  54  0  5 1.00
 52  55  0  5 1.00
 53  54  0  5 1.00
 53  55  0  5 1.00
 54  55  0  5 1.00
 54  56  0  5 1.00
 54 122  0  5 1.00
 54 123  0  5 1.00
 54 124  0  5 1.00
 55  56  0  5 1.00
 55  57  0  5 1.00
 55 122  0  5 1.00
 55 123  0  5 1.00
 56  57  0  5 1.00
 56  58  0  5 1.00
 56 120  0  5 1.00
 56 121  0  5 1.00
 56 122  0  5 1.00
 57  58  0  5 1.00
 57  59  0  5 1.00
 57  77  0  5 1.00
 57  78  0  5 1.00
 57  79  0  5 1.00
 57 120  0  5 1.00
 57 121  0  5 1.00
 57 122  0  5 1.00
 58  59  0  5 1.00
 58  60  0  5 1.00
 58  77  0  5 1.00
 58  78  0  5 1.00
 58  79  0  5 1.00
 58 118  0  5 1.00
 58 119  0  5 1.00
 58 120  0  5 1.00
 59  60  0  5 1.00
 59  61  0  5 1.00
 59  75  0  5 1.00
 59  76  0  5 1.00
 59  77  0  5 1.00
 59  78  0  5 1.00
 59 118  0  5 1.00
 59 119  0  5 1.00
 60  61  0  5 1.00
 60  62  0  5 1.00
 60  75  0  5 1.00
 60  76  0  5 1.00
 60 116  0  5 1.00
 60 117  0  5 1.00
 60 118  0  5 1.00
 60 119  0  5 1.00
 61  62  0  5 1.00
 61  63  0  5 1.00
 61  73  0  5 1.00
 61  74  0  5 1.00
 61  75  0  5 1.00
 61 116  0  5 1.00
 61 117  0  5 1.00
 62  63  0  5 1.00
 62  64  0  5 1.00
 62  73  0  5 1.00
 62  74  0  5 1.00
 62 114  0  5 1.00
 62 115  0  5 1.00
 62 116  0  5 1.00
 63  64  0  5 1.00
 63  65  0  5 1.00
 63  66  0  5 1.00
 63  67  0  5 1.00
 63  73  0  5 1.00
 63 114  0  5 1.00
 63 115  0  5 1.00
 64  65  0  5 1.00
 64  66  0  5 1.00
 64  67  0  5 1.00
 64 114  0  5 1.00
 65  66  0  5 1.00
 65  67  0  5 1.00
 66  67  0  5 1.00
 66  68  0  5 1.00
 66 208  0  5 1.00
 67  68  0  5 1.00
 67  69  0  5 1.00
 67  73  0  5 1.00
 67  74  0  5 1.00
 68  69  0  5 1.00
 68  70  0  5 1.00
 68  71  0  5 1.00
 68  72  0  5 1.00
 68  73  0  5 1.00
 68  74  0  5 1.00
 69  70  0  5 1.00
 69  71  0  5 1.00
 69  72  0  5 1.00
 69  73  0  5 1.00
 69  74  0  5 1.00
 70  71  0  5 1.00
 70  72  0  5 1.00
 71  72  0  5 1.00
 71  73  0  5 1.00
 71 212  0  5 1.00
 72  73  0  5 1.00
 72  74  0  5 1.00
 72 111  0  5 1.00
 73  74  0  5 1.00
 73  75  0  5 1.00
 74  75  0  5 1.00
 74  76  0  5 1.00
 75  76  0  5 1.00
 75  77  0  5 1.00
 76  77  0  5 1.00
 76  78  0  5 1.00
 77  78  0  5 1.00
 77  79  0  5 1.00
 77  88  0  5 1.00
 78  79  0  5 1.00
 78  80  0  5 1.00
 78  89  0  5 1.00
 78  90  0  5 1.00
 79  80  0  5 1.00
 79  81  0  5 1.00
 79  90  0  5 1.00
 80  81  0  5 1.00
 80  82  0  5 1.00
 80  90  0  5 1.00
 80  91  0  5 1.00
 80  92  0  5 1.00
 81  82  0  5 1.00
 81  83  0  5 1.00
 82  83  0  5 1.00
 82  84  0  5 1.00
 83  84  0  5 1.00
 83  85  0  5 1.00
 84  85  0  5 1.00
 84  86  0  5 1.00
 84  87  0  5 1.00
 85  86  0  5 1.00
 85  87  0  5 1.00
 86  87  0  5 1.00
 86  88  0  5 1.00
 86 107  0  5 1.00
 86 108  0  5 1.00
 87  88  0  5 1.00
 87  89  0  5 1.00
 87 105  0  5 1.00
 87 106  0  5 1.00
 87 107  0  5 1.00
 88  89  0  5 1.00
 88  90  0  5 1.00
 88 105  0  5 1.00
 88 106  0  5 1.00
 88 107  0  5 1.00
 89  90  0  5 1.00
 89  91  0  5 1.00
 89 103  0  5 1.00
 89 104  0  5 1.00
 89 105  0  5 1.00
 90  91  0  5 1.00
 90  92  0  5 1.00
 90 103  0  5 1.00
 90 104  0  5 1.00
 91  92  0  5 1.00
 91  93  0  5 1.00
 91 101  0  5 1.00
 91 102  0  5 1.00
 91 103  0  5 1.00
 92  93  0  5 1.00
 92  94  0  5 1.00
 92 101  0  5 1.00
 92 102  0  5 1.00
 93  94  0  5 1.00
 93  95  0  5 1.00
 93 101  0  5 1.00
 93 102  0  5 1.00
 93 103  0  5 1.00
 94  95  0  5 1.00
 94  96  0  5 1.00
 94  99  0  5 1.00
 94 100  0  5 1.00
 94 101  0  5 1.00
 95  96  0  5 1.00
 95  97  0  5 1.00
 95  99  0  5 1.00
 95 100  0  5 1.00
 95 101  0  5 1.00
 96  97  0  5 1.00
 96  98  0  5 1.00
 96  99  0  5 1.00
 97  98  0  5 1.00
 97  99  0  5 1.00
 98  99  0  5 1.00
 98 100  0  5 1.00
 99 100  0  5 1.00
 99 101  0  5 1.00
100 101  0  5 1.00
100 102  0  5 1.00
101 102  0  5 1.00
101 103  0  5 1.00
102 103  0  5 1.00
102 104  0  5 1.00
103 104  0  5 1.00
103 105  0  5 1.00
104 105  0  5 1.00
104 106  0  5 1.00
105 106  0  5 1.00
105 107  0  5 1.00
106 107  0  5 1.00
106 108  0  5 1.00
107 108  0  5 1.00
107 109  0  5 1.00
107 110  0  5 1.00
108 109  0  5 1.00
108 110  0  5 1.00
108 145  0  5 1.00
108 146  0  5 1.00
108 147  0  5 1.00
109 110  0  5 1.00
109 111  0  5 1.00
109 215  0  5 1.00
110 111  0  5 1.00
110 112  0  5 1.00
110 214  0  5 1.00
110 215  0  5 1.00
111 112  0  5 1.00
111 113  0  5 1.00
111 137  0  5 1.00
111 211  0  5 1.00
111 212  0  5 1.00
111 214  0  5 1.00
111 215  0  5 1.00
112 113  0  5 1.00
112 114  0  5 1.00
112 137  0  5 1.00
112 211  0  5 1.00
112 214  0  5 1.00
112 215  0  5 1.00
113 114  0  5 1.00
113 115  0  5 1.00
113 135  0  5 1.00
113 136  0  5 1.00
113 137  0  5 1.00
114 115  0  5 1.00
114 116  0  5 1.00
114 135  0  5 1.00
114 136  0  5 1.00
114 137  0  5 1.00
115 116  0  5 1.00
115 117  0  5 1.00
115 133  0  5 1.00
115 134  0  5 1.00
115 135  0  5 1.00
115 136  0  5 1.00
116 117  0  5 1.00
116 118  0  5 1.00
116 133  0  5 1.00
116 134  0  5 1.00
117 118  0  5 1.00
117 119  0  5 1.00
117 130  0  5 1.00
117 131  0  5 1.00
117 132  0  5 1.00
117 133  0  5 1.00
117 134  0  5 1.00
118 119  0  5 1.00
118 120  0  5 1.00
118 130  0  5 1.00
118 131  0  5 1.00
118 132  0  5 1.00
119 120  0  5 1.00
119 121  0  5 1.00
119 128  0  5 1.00
119 129  0  5 1.00
119 130  0  5 1.00
119 131  0  5 1.00
119 132  0  5 1.00
120 121  0  5 1.00
120 122  0  5 1.00
120 128  0  5 1.00
120 129  0  5 1.00
120 130  0  5 1.00
121 122  0  5 1.00
121 123  0  5 1.00
121 126  0  5 1.00
121 127  0  5 1.00
121 128  0  5 1.00
121 129  0  5 1.00
122 123  0  5 1.00
122 124  0  5 1.00
122 126  0  5 1.00
122 127  0  5 1.00
123 124  0  5 1.00
123 125  0  5 1.00
123 126  0  5 1.00
124 125  0  5 1.00
124 126  0  5 1.00
125 126  0  5 1.00
125 127  0  5 1.00
126 127  0  5 1.00
126 128  0  5 1.00
127 128  0  5 1.00
127 129  0  5 1.00
128 129  0  5 1.00
128 130  0  5 1.00
129 130  0  5 1.00
129 131  0  5 1.00
130 131  0  5 1.00
130 132  0  5 1.00
131 132  0  5 1.00
131 133  0  5 1.00
132 133  0  5 1.00
132 134  0  5 1.00
133 134  0  5 1.00
133 135  0  5 1.00
134 135  0  5 1.00
134 136  0  5 1.00
135 136  0  5 1.00
135 137  0  5 1.00
136 137  0  5 1.00
136 138  0  5 1.00
137 138  0  5 1.00
137 139  0  5 1.00
138 139  0  5 1.00
138 140  0  5 1.00
138 291  0  5 1.00
139 140  0  5 1.00
139 141  0  5 1.00
139 291  0  5 1.00
139 292  0  5 1.00
140 141  0  5 1.00
140 142  0  5 1.00
140 143  0  5 1.00
140 146  0  5 1.00
140 148  0  5 1.00
140 149  0  5 1.00
140 292  0  5 1.00
141 142  0  5 1.00
141 143  0  5 1.00
141 148  0  5 1.00
141 149  0  5 1.00
141 150  0  5 1.00
141 292  0  5 1.00
142 143  0  5 1.00
142 144  0  5 1.00
143 144  0  5 1.00
143 145  0  5 1.00
143 146  0  5 1.00
143 149  0  5 1.00
144 145  0  5 1.00
144 146  0  5 1.00
145 146  0  5 1.00
145 147  0  5 1.00
146 147  0  5 1.00
146 148  0  5 1.00
146 149  0  5 1.00
147 148  0  5 1.00
147 149  0  5 1.00
147 341  0  5 1.00
147 342  0  5 1.00
147 343  0  5 1.00
148 149  0  5 1.00
148 150  0  5 1.00
148 341  0  5 1.00
148 342  0  5 1.00
149 150  0  5 1.00
149 151  0  5 1.00
150 151  0  5 1.00
150 152  0  5 1.00
151 152  0  5 1.00
151 153  0  5 1.00
152 153  0  5 1.00
152 154  0  5 1.00
152 155  0  5 1.00
152 156  0  5 1.00
153 154  0  5 1.00
153 155  0  5 1.00
153 156  0  5 1.00
153 157  0  5 1.00
154 155  0  5 1.00
154 156  0  5 1.00
154 157  0  5 1.00
154 158  0  5 1.00
155 156  0  5 1.00
155 157  0  5 1.00
155 158  0  5 1.00
155 159  0  5 1.00
155 160  0  5 1.00
156 157  0  5 1.00
156 158  0  5 1.00
156 159  0  5 1.00
156 160  0  5 1.00
156 161  0  5 1.00
157 158  0  5 1.00
157 159  0  5 1.00
157 160  0  5 1.00
157 161  0  5 1.00
157 162  0  5 1.00
158 159  0  5 1.00
158 160  0  5 1.00
158 161  0  5 1.00
158 162  0  5 1.00
159 160  0  5 1.00
159 161  0  5 1.00
159 289  0  5 1.00
159 293  0  5 1.00
159 294  0  5 1.00
159 295  0  5 1.00
160 161  0  5 1.00
160 162  0  5 1.00
160 289  0  5 1.00
160 294  0  5 1.00
161 162  0  5 1.00
161 163  0  5 1.00
162 163  0  5 1.00
162 164  0  5 1.00
163 164  0  5 1.00
163 165  0  5 1.00
163 180  0  5 1.00
163 181  0  5 1.00
163 182  0  5 1.00
163 183  0  5 1.00
164 165  0  5 1.00
164 166  0  5 1.00
164 180  0  5 1.00
164 181  0  5 1.00
164 182  0  5 1.00
165 166  0  5 1.00
165 167  0  5 1.00
165 178  0  5 1.00
165 179  0  5 1.00
165 180  0  5 1.00
166 167  0  5 1.00
166 168  0  5 1.00
166 178  0  5 1.00
166 179  0  5 1.00
166 180  0  5 1.00
166 297  0  5 1.00
166 429  0  5 1.00
167 168  0  5 1.00
167 169  0  5 1.00
167 176  0  5 1.00
167 177  0  5 1.00
167 178  0  5 1.00
167 179  0  5 1.00
168 169  0  5 1.00
168 170  0  5 1.00
168 176  0  5 1.00
168 177  0  5 1.00
168 178  0  5 1.00
168 299  0  5 1.00
169 170  0  5 1.00
169 171  0  5 1.00
169 174  0  5 1.00
169 175  0  5 1.00
169 176  0  5 1.00
169 177  0  5 1.00
170 171  0  5 1.00
170 172  0  5 1.00
170 174  0  5 1.00
170 175  0  5 1.00
170 176  0  5 1.00
170 333  0  5 1.00
170 334  0  5 1.00
171 172  0  5 1.00
171 173  0  5 1.00
171 174  0  5 1.00
171 175  0  5 1.00
172 173  0  5 1.00
172 174  0  5 1.00
172 175  0  5 1.00
173 174  0  5 1.00
173 175  0  5 1.00
174 175  0  5 1.00
174 176  0  5 1.00
175 176  0  5 1.00
175 177  0  5 1.00
176 177  0  5 1.00
176 178  0  5 1.00
177 178  0  5 1.00
177 179  0  5 1.00
178 179  0  5 1.00
178 180  0  5 1.00
179 180  0  5 1.00
179 181  0  5 1.00
179 255  0  5 1.00
180 181  0  5 1.00
180 182  0  5 1.00
180 255  0  5 1.00
180 256  0  5 1.00
181 182  0  5 1.00
181 183  0  5 1.00
181 255  0  5 1.00
181 256  0  5 1.00
181 257  0  5 1.00
181 258  0  5 1.00
182 183  0  5 1.00
182 184  0  5 1.00
182 257  0  5 1.00
182 258  0  5 1.00
182 286  0  5 1.00
183 184  0  5 1.00
183 185  0  5 1.00
183 186  0  5 1.00
184 185  0  5 1.00
184 186  0  5 1.00
184 189  0  5 1.00
184 190  0  5 1.00
184 286  0  5 1.00
184 290  0  5 1.00
185 186  0  5 1.00
185 187  0  5 1.00
186 187  0  5 1.00
186 188  0  5 1.00
186 189  0  5 1.00
186 190  0  5 1.00
187 188  0  5 1.00
187 189  0  5 1.00
188 189  0  5 1.00
188 190  0  5 1.00
188 191  0  5 1.00
188 192  0  5 1.00
189 190  0  5 1.00
189 191  0  5 1.00
189 192  0  5 1.00
189 193  0  5 1.00
190 191  0  5 1.00
190 192  0  5 1.00
190 193  0  5 1.00
190 194  0  5 1.00
191 192  0  5 1.00
191 193  0  5 1.00
191 194  0  5 1.00
191 195  0  5 1.00
192 193  0  5 1.00
192 194  0  5 1.00
192 195  0  5 1.00
192 196  0  5 1.00
193 194  0  5 1.00
193 195  0  5 1.00
193 196  0  5 1.00
193 197  0  5 1.00
194 195  0  5 1.00
194 196  0  5 1.00
194 197  0  5 1.00
194 198  0  5 1.00
195 196  0  5 1.00
195 197  0  5 1.00
195 198  0  5 1.00
195 199  0  5 1.00
196 197  0  5 1.00
196 198  0  5 1.00
196 199  0  5 1.00
196 200  0  5 1.00
197 198  0  5 1.00
197 199  0  5 1.00
197 200  0  5 1.00
198 199  0  5 1.00
198 200  0  5 1.00
199 200  0  5 1.00
199 201  0  5 1.00
200 201  0  5 1.00
200 202  0  5 1.00
200 203  0  5 1.00
200 204  0  5 1.00
201 202  0  5 1.00
201 203  0  5 1.00
201 204  0  5 1.00
201 205  0  5 1.00
202 203  0  5 1.00
202 204  0  5 1.00
202 205  0  5 1.00
202 206  0  5 1.00
202 207  0  5 1.00
202 210  0  5 1.00
203 204  0  5 1.00
203 205  0  5 1.00
203 206  0  5 1.00
203 207  0  5 1.00
204 205  0  5 1.00
204 206  0  5 1.00
204 207  0  5 1.00
205 206  0  5 1.00
205 207  0  5 1.00
206 207  0  5 1.00
206 208  0  5 1.00
206 209  0  5 1.00
206 210  0  5 1.00
207 208  0  5 1.00
207 209  0  5 1.00
207 210  0  5 1.00
207 211  0  5 1.00
207 212  0  5 1.00
208 209  0  5 1.00
208 210  0  5 1.00
208 211  0  5 1.00
208 212  0  5 1.00
209 210  0  5 1.00
209 211  0  5 1.00
209 212  0  5 1.00
209 213  0  5 1.00
209 214  0  5 1.00
210 211  0  5 1.00
210 212  0  5 1.00
210 213  0  5 1.00
210 214  0  5 1.00
211 212  0  5 1.00
211 213  0  5 1.00
211 214  0  5 1.00
211 215  0  5 1.00
212 213  0  5 1.00
212 214  0  5 1.00
212 215  0  5 1.00
213 214  0  5 1.00
213 215  0  5 1.00
213 216  0  5 1.00
213 219  0  5 1.00
214 215  0  5 1.00
214 216  0  5 1.00
215 216  0  5 1.00
215 217  0  5 1.00
216 217  0  5 1.00
216 218  0  5 1.00
216 219  0  5 1.00
216 220  0  5 1.00
216 221  0  5 1.00
217 218  0  5 1.00
217 219  0  5 1.00
217 220  0  5 1.00
217 221  0  5 1.00
217 222  0  5 1.00
218 219  0  5 1.00
218 220  0  5 1.00
218 221  0  5 1.00
218 222  0  5 1.00
219 220  0  5 1.00
219 221  0  5 1.00
219 222  0  5 1.00
219 223  0  5 1.00
219 224  0  5 1.00
220 221  0  5 1.00
220 222  0  5 1.00
220 223  0  5 1.00
220 224  0  5 1.00
220 225  0  5 1.00
221 222  0  5 1.00
221 223  0  5 1.00
221 224  0  5 1.00
221 225  0  5 1.00
221 226  0  5 1.00
222 223  0  5 1.00
222 224  0  5 1.00
222 225  0  5 1.00
222 226  0  5 1.00
222 227  0  5 1.00
222 372  0  5 1.00
222 373  0  5 1.00
223 224  0  5 1.00
223 225  0  5 1.00
223 226  0  5 1.00
223 227  0  5 1.00
224 225  0  5 1.00
224 226  0  5 1.00
224 227  0  5 1.00
224 228  0  5 1.00
225 226  0  5 1.00
225 227  0  5 1.00
225 228  0  5 1.00
225 229  0  5 1.00
225 359  0  5 1.00
226 227  0  5 1.00
226 228  0  5 1.00
226 229  0  5 1.00
226 230  0  5 1.00
226 370  0  5 1.00
227 228  0  5 1.00
227 229  0  5 1.00
227 230  0  5 1.00
227 234  0  5 1.00
227 235  0  5 1.00
227 236  0  5 1.00
228 229  0  5 1.00
228 230  0  5 1.00
228 235  0  5 1.00
228 236  0  5 1.00
228 237  0  5 1.00
228 359  0  5 1.00
229 230  0  5 1.00
229 231  0  5 1.00
229 236  0  5 1.00
229 237  0  5 1.00
229 359  0  5 1.00
229 361  0  5 1.00
230 231  0  5 1.00
230 232  0  5 1.00
230 233  0  5 1.00
230 235  0  5 1.00
230 236  0  5 1.00
230 237  0  5 1.00
231 232  0  5 1.00
231 233  0  5 1.00
232 233  0  5 1.00
232 234  0  5 1.00
232 235  0  5 1.00
233 234  0  5 1.00
233 235  0  5 1.00
233 269  0  5 1.00
233 270  0  5 1.00
233 271  0  5 1.00
234 235  0  5 1.00
234 236  0  5 1.00
234 269  0  5 1.00
235 236  0  5 1.00
235 237  0  5 1.00
235 269  0  5 1.00
235 270  0  5 1.00
235 271  0  5 1.00
235 272  0  5 1.00
236 237  0  5 1.00
236 238  0  5 1.00
236 270  0  5 1.00
236 271  0  5 1.00
236 272  0  5 1.00
237 238  0  5 1.00
237 239  0  5 1.00
237 271  0  5 1.00
237 272  0  5 1.00
238 239  0  5 1.00
238 240  0  5 1.00
238 271  0  5 1.00
238 272  0  5 1.00
238 273  0  5 1.00
238 274  0  5 1.00
238 275  0  5 1.00
239 240  0  5 1.00
239 241  0  5 1.00
239 275  0  5 1.00
240 241  0  5 1.00
240 242  0  5 1.00
240 275  0  5 1.00
241 242  0  5 1.00
241 243  0  5 1.00
242 243  0  5 1.00
242 244  0  5 1.00
243 244  0  5 1.00
243 245  0  5 1.00
244 245  0  5 1.00
244 246  0  5 1.00
245 246  0  5 1.00
245 247  0  5 1.00
245 248  0  5 1.00
245 249  0  5 1.00
245 250  0  5 1.00
246 247  0  5 1.00
246 248  0  5 1.00
247 248  0  5 1.00
247 249  0  5 1.00
248 249  0  5 1.00
248 250  0  5 1.00
248 273  0  5 1.00
249 250  0  5 1.00
249 251  0  5 1.00
249 273  0  5 1.00
249 274  0  5 1.00
250 251  0  5 1.00
250 252  0  5 1.00
250 253  0  5 1.00
250 254  0  5 1.00
250 274  0  5 1.00
251 252  0  5 1.00
251 253  0  5 1.00
251 254  0  5 1.00
251 274  0  5 1.00
252 253  0  5 1.00
252 254  0  5 1.00
253 254  0  5 1.00
253 255  0  5 1.00
254 255  0  5 1.00
254 256  0  5 1.00
255 256  0  5 1.00
255 257  0  5 1.00
256 257  0  5 1.00
256 258  0  5 1.00
256 259  0  5 1.00
257 258  0  5 1.00
257 259  0  5 1.00
257 260  0  5 1.00
257 261  0  5 1.00
258 259  0  5 1.00
258 260  0  5 1.00
258 261  0  5 1.00
258 262  0  5 1.00
258 263  0  5 1.00
259 260  0  5 1.00
259 261  0  5 1.00
259 262  0  5 1.00
259 263  0  5 1.00
259 264  0  5 1.00
260 261  0  5 1.00
260 262  0  5 1.00
260 263  0  5 1.00
260 264  0  5 1.00
261 262  0  5 1.00
261 263  0  5 1.00
261 264  0  5 1.00
261 265  0  5 1.00
262 263  0  5 1.00
262 264  0  5 1.00
262 265  0  5 1.00
262 266  0  5 1.00
263 264  0  5 1.00
263 265  0  5 1.00
263 266  0  5 1.00
263 267  0  5 1.00
264 265  0  5 1.00
264 266  0  5 1.00
264 267  0  5 1.00
264 268  0  5 1.00
264 269  0  5 1.00
264 270  0  5 1.00
265 266  0  5 1.00
265 267  0  5 1.00
265 268  0  5 1.00
265 269  0  5 1.00
266 267  0  5 1.00
266 268  0  5 1.00
267 268  0  5 1.00
267 269  0  5 1.00
267 270  0  5 1.00
268 269  0  5 1.00
268 270  0  5 1.00
269 270  0  5 1.00
269 271  0  5 1.00
270 271  0  5 1.00
270 272  0  5 1.00
271 272  0  5 1.00
271 273  0  5 1.00
272 273  0  5 1.00
272 274  0  5 1.00
272 275  0  5 1.00
273 274  0  5 1.00
273 275  0  5 1.00
274 275  0  5 1.00
274 276  0  5 1.00
275 276  0  5 1.00
275 277  0  5 1.00
276 277  0  5 1.00
276 278  0  5 1.00
276 279  0  5 1.00
276 280  0  5 1.00
277 278  0  5 1.00
277 279  0  5 1.00
277 280  0  5 1.00
277 281  0  5 1.00
277 282  0  5 1.00
277 336  0  5 1.00
278 279  0  5 1.00
278 280  0  5 1.00
278 281  0  5 1.00
278 282  0  5 1.00
279 280  0  5 1.00
279 281  0  5 1.00
279 282  0  5 1.00
279 283  0  5 1.00
280 281  0  5 1.00
280 282  0  5 1.00
280 283  0  5 1.00
280 284  0  5 1.00
281 282  0  5 1.00
281 283  0  5 1.00
281 284  0  5 1.00
281 285  0  5 1.00
281 337  0  5 1.00
282 283  0  5 1.00
282 284  0  5 1.00
282 285  0  5 1.00
282 286  0  5 1.00
283 284  0  5 1.00
283 285  0  5 1.00
283 286  0  5 1.00
283 287  0  5 1.00
284 285  0  5 1.00
284 286  0  5 1.00
284 287  0  5 1.00
284 288  0  5 1.00
284 289  0  5 1.00
285 286  0  5 1.00
285 287  0  5 1.00
285 288  0  5 1.00
285 289  0  5 1.00
285 290  0  5 1.00
286 287  0  5 1.00
286 288  0  5 1.00
286 289  0  5 1.00
286 290  0  5 1.00
287 288  0  5 1.00
287 289  0  5 1.00
287 290  0  5 1.00
287 291  0  5 1.00
288 289  0  5 1.00
288 290  0  5 1.00
288 291  0  5 1.00
288 292  0  5 1.00
288 293  0  5 1.00
289 290  0  5 1.00
289 291  0  5 1.00
289 292  0  5 1.00
289 293  0  5 1.00
290 291  0  5 1.00
290 292  0  5 1.00
291 292  0  5 1.00
291 293  0  5 1.00
292 293  0  5 1.00
292 294  0  5 1.00
293 294  0  5 1.00
293 295  0  5 1.00
294 295  0  5 1.00
294 296  0  5 1.00
294 339  0  5 1.00
294 340  0  5 1.00
294 341  0  5 1.00
295 296  0  5 1.00
295 297  0  5 1.00
295 339  0  5 1.00
295 340  0  5 1.00
296 297  0  5 1.00
296 298  0  5 1.00
296 337  0  5 1.00
296 338  0  5 1.00
296 339  0  5 1.00
297 298  0  5 1.00
297 299  0  5 1.00
297 337  0  5 1.00
297 338  0  5 1.00
297 427  0  5 1.00
297 428  0  5 1.00
297 429  0  5 1.00
298 299  0  5 1.00
298 300  0  5 1.00
298 335  0  5 1.00
298 336  0  5 1.00
298 337  0  5 1.00
298 338  0  5 1.00
298 427  0  5 1.00
298 428  0  5 1.00
299 300  0  5 1.00
299 301  0  5 1.00
299 335  0  5 1.00
299 336  0  5 1.00
299 425  0  5 1.00
299 426  0  5 1.00
299 427  0  5 1.00
300 301  0  5 1.00
300 302  0  5 1.00
300 333  0  5 1.00
300 334  0  5 1.00
300 335  0  5 1.00
300 336  0  5 1.00
300 424  0  5 1.00
300 425  0  5 1.00
300 426  0  5 1.00
301 302  0  5 1.00
301 303  0  5 1.00
301 333  0  5 1.00
301 334  0  5 1.00
301 421  0  5 1.00
301 422  0  5 1.00
301 423  0  5 1.00
301 424  0  5 1.00
301 425  0  5 1.00
302 303  0  5 1.00
302 304  0  5 1.00
302 332  0  5 1.00
302 333  0  5 1.00
302 334  0  5 1.00
302 421  0  5 1.00
302 422  0  5 1.00
302 423  0  5 1.00
303 304  0  5 1.00
303 305  0  5 1.00
303 419  0  5 1.00
303 420  0  5 1.00
303 421  0  5 1.00
303 422  0  5 1.00
304 305  0  5 1.00
304 306  0  5 1.00
304 419  0  5 1.00
304 420  0  5 1.00
305 306  0  5 1.00
305 418  0  5 1.00
305 419  0  5 1.00
305 420  0  5 1.00
306 309  0  5 1.00
309 310  0  5 1.00
309 311  0  5 1.00
310 311  0  5 1.00
310 312  0  5 1.00
310 313  0  5 1.00
310 314  0  5 1.00
311 312  0  5 1.00
311 313  0  5 1.00
311 314  0  5 1.00
311 315  0  5 1.00
312 313  0  5 1.00
312 314  0  5 1.00
312 315  0  5 1.00
312 316  0  5 1.00
313 314  0  5 1.00
313 315  0  5 1.00
313 316  0  5 1.00
313 317  0  5 1.00
313 318  0  5 1.00
314 315  0  5 1.00
314 316  0  5 1.00
314 317  0  5 1.00
314 318  0  5 1.00
315 316  0  5 1.00
315 317  0  5 1.00
315 318  0  5 1.00
316 317  0  5 1.00
316 318  0  5 1.00
317 318  0  5 1.00
328 329  0  5 1.00
328 330  0  5 1.00
329 330  0  5 1.00
329 331  0  5 1.00
330 331  0  5 1.00
330 332  0  5 1.00
331 332  0  5 1.00
331 333  0  5 1.00
332 333  0  5 1.00
332 334  0  5 1.00
333 334  0  5 1.00
333 335  0  5 1.00
334 335  0  5 1.00
334 336  0  5 1.00
335 336  0  5 1.00
335 337  0  5 1.00
336 337  0  5 1.00
336 338  0  5 1.00
337 338  0  5 1.00
337 339  0  5 1.00
337 357  0  5 1.00
337 358  0  5 1.00
338 339  0  5 1.00
338 340  0  5 1.00
338 355  0  5 1.00
338 356  0  5 1.00
338 357  0  5 1.00
339 340  0  5 1.00
339 341  0  5 1.00
339 355  0  5 1.00
339 356  0  5 1.00
339 357  0  5 1.00
340 341  0  5 1.00
340 342  0  5 1.00
340 353  0  5 1.00
340 354  0  5 1.00
340 355  0  5 1.00
341 342  0  5 1.00
341 343  0  5 1.00
341 353  0  5 1.00
341 354  0  5 1.00
341 355  0  5 1.00
342 343  0  5 1.00
342 344  0  5 1.00
342 351  0  5 1.00
342 352  0  5 1.00
342 353  0  5 1.00
343 344  0  5 1.00
343 345  0  5 1.00
343 352  0  5 1.00
343 353  0  5 1.00
344 345  0  5 1.00
344 346  0  5 1.00
344 347  0  5 1.00
344 348  0  5 1.00
344 351  0  5 1.00
344 352  0  5 1.00
345 346  0  5 1.00
345 347  0  5 1.00
346 347  0  5 1.00
346 348  0  5 1.00
347 348  0  5 1.00
347 349  0  5 1.00
348 349  0  5 1.00
348 350  0  5 1.00
348 351  0  5 1.00
349 350  0  5 1.00
349 351  0  5 1.00
350 351  0  5 1.00
350 352  0  5 1.00
351 352  0  5 1.00
351 353  0  5 1.00
351 375  0  5 1.00
352 353  0  5 1.00
352 354  0  5 1.00
353 354  0  5 1.00
353 355  0  5 1.00
354 355  0  5 1.00
354 356  0  5 1.00
354 374  0  5 1.00
354 375  0  5 1.00
354 376  0  5 1.00
354 377  0  5 1.00
355 356  0  5 1.00
355 357  0  5 1.00
355 374  0  5 1.00
355 375  0  5 1.00
355 376  0  5 1.00
356 357  0  5 1.00
356 358  0  5 1.00
356 371  0  5 1.00
356 372  0  5 1.00
356 373  0  5 1.00
356 374  0  5 1.00
356 375  0  5 1.00
356 376  0  5 1.00
357 358  0  5 1.00
357 359  0  5 1.00
357 371  0  5 1.00
357 372  0  5 1.00
357 373  0  5 1.00
358 359  0  5 1.00
358 360  0  5 1.00
358 370  0  5 1.00
358 371  0  5 1.00
358 372  0  5 1.00
359 360  0  5 1.00
359 361  0  5 1.00
359 370  0  5 1.00
359 371  0  5 1.00
360 361  0  5 1.00
360 362  0  5 1.00
360 370  0  5 1.00
361 362  0  5 1.00
361 363  0  5 1.00
362 363  0  5 1.00
362 364  0  5 1.00
363 364  0  5 1.00
363 365  0  5 1.00
363 370  0  5 1.00
364 365  0  5 1.00
364 366  0  5 1.00
365 366  0  5 1.00
365 367  0  5 1.00
366 367  0  5 1.00
366 368  0  5 1.00
366 369  0  5 1.00
367 368  0  5 1.00
367 369  0  5 1.00
368 369  0  5 1.00
368 370  0  5 1.00
369 370  0  5 1.00
369 371  0  5 1.00
370 371  0  5 1.00
370 372  0  5 1.00
371 372  0  5 1.00
371 373  0  5 1.00
371 388  0  5 1.00
372 373  0  5 1.00
372 374  0  5 1.00
372 388  0  5 1.00
372 389  0  5 1.00
373 374  0  5 1.00
373 375  0  5 1.00
373 387  0  5 1.00
373 388  0  5 1.00
374 375  0  5 1.00
374 376  0  5 1.00
374 387  0  5 1.00
374 388  0  5 1.00
375 376  0  5 1.00
375 377  0  5 1.00
375 378  0  5 1.00
375 379  0  5 1.00
375 387  0  5 1.00
376 377  0  5 1.00
376 378  0  5 1.00
376 379  0  5 1.00
376 380  0  5 1.00
376 442  0  5 1.00
377 378  0  5 1.00
377 379  0  5 1.00
377 380  0  5 1.00
377 381  0  5 1.00
377 382  0  5 1.00
377 442  0  5 1.00
378 379  0  5 1.00
378 380  0  5 1.00
378 381  0  5 1.00
378 382  0  5 1.00
378 383  0  5 1.00
378 384  0  5 1.00
379 380  0  5 1.00
379 381  0  5 1.00
379 382  0  5 1.00
379 443  0  5 1.00
380 381  0  5 1.00
380 382  0  5 1.00
380 442  0  5 1.00
380 443  0  5 1.00
380 444  0  5 1.00
380 455  0  5 1.00
381 382  0  5 1.00
381 383  0  5 1.00
381 455  0  5 1.00
382 383  0  5 1.00
382 384  0  5 1.00
382 455  0  5 1.00
382 458  0  5 1.00
382 459  0  5 1.00
383 384  0  5 1.00
383 385  0  5 1.00
383 386  0  5 1.00
384 385  0  5 1.00
384 386  0  5 1.00
384 390  0  5 1.00
384 391  0  5 1.00
385 386  0  5 1.00
385 387  0  5 1.00
386 387  0  5 1.00
386 388  0  5 1.00
386 389  0  5 1.00
386 390  0  5 1.00
387 388  0  5 1.00
387 389  0  5 1.00
388 389  0  5 1.00
388 390  0  5 1.00
389 390  0  5 1.00
389 391  0  5 1.00
389 392  0  5 1.00
389 393  0  5 1.00
390 391  0  5 1.00
390 392  0  5 1.00
390 393  0  5 1.00
390 394  0  5 1.00
390 395  0  5 1.00
391 392  0  5 1.00
391 393  0  5 1.00
391 394  0  5 1.00
391 395  0  5 1.00
391 571  0  5 1.00
392 393  0  5 1.00
392 394  0  5 1.00
392 395  0  5 1.00
392 396  0  5 1.00
393 394  0  5 1.00
393 395  0  5 1.00
393 396  0  5 1.00
393 397  0  5 1.00
394 395  0  5 1.00
394 396  0  5 1.00
394 397  0  5 1.00
394 398  0  5 1.00
395 396  0  5 1.00
395 397  0  5 1.00
395 398  0  5 1.00
395 571  0  5 1.00
395 572  0  5 1.00
396 397  0  5 1.00
396 398  0  5 1.00
396 423  0  5 1.00
397 398  0  5 1.00
397 399  0  5 1.00
397 422  0  5 1.00
397 423  0  5 1.00
398 399  0  5 1.00
398 400  0  5 1.00
398 422  0  5 1.00
398 572  0  5 1.00
398 573  0  5 1.00
399 400  0  5 1.00
399 401  0  5 1.00
399 573  0  5 1.00
400 401  0  5 1.00
400 402  0  5 1.00
400 573  0  5 1.00
400 574  0  5 1.00
400 575  0  5 1.00
401 402  0  5 1.00
401 403  0  5 1.00
401 415  0  5 1.00
401 416  0  5 1.00
401 417  0  5 1.00
401 575  0  5 1.00
402 403  0  5 1.00
402 404  0  5 1.00
402 415  0  5 1.00
402 416  0  5 1.00
402 417  0  5 1.00
402 575  0  5 1.00
402 576  0  5 1.00
402 577  0  5 1.00
403 404  0  5 1.00
403 405  0  5 1.00
403 414  0  5 1.00
403 415  0  5 1.00
403 416  0  5 1.00
403 417  0  5 1.00
403 577  0  5 1.00
404 405  0  5 1.00
404 406  0  5 1.00
404 414  0  5 1.00
404 475  0  5 1.00
404 577  0  5 1.00
404 578  0  5 1.00
404 579  0  5 1.00
405 406  0  5 1.00
405 414  0  5 1.00
405 579  0  5 1.00
414 415  0  5 1.00
414 416  0  5 1.00
415 416  0  5 1.00
415 417  0  5 1.00
416 417  0  5 1.00
416 418  0  5 1.00
417 418  0  5 1.00
417 419  0  5 1.00
417 420  0  5 1.00
418 419  0  5 1.00
418 420  0  5 1.00
418 421  0  5 1.00
419 420  0  5 1.00
419 421  0  5 1.00
420 421  0  5 1.00
420 422  0  5 1.00
421 422  0  5 1.00
421 423  0  5 1.00
422 423  0  5 1.00
422 424  0  5 1.00
423 424  0  5 1.00
423 425  0  5 1.00
424 425  0  5 1.00
424 426  0  5 1.00
425 426  0  5 1.00
425 427  0  5 1.00
426 427  0  5 1.00
426 428  0  5 1.00
426 437  0  5 1.00
426 438  0  5 1.00
426 439  0  5 1.00
426 440  0  5 1.00
427 428  0  5 1.00
427 429  0  5 1.00
427 437  0  5 1.00
427 438  0  5 1.00
427 439  0  5 1.00
428 429  0  5 1.00
428 430  0  5 1.00
428 435  0  5 1.00
428 436  0  5 1.00
428 437  0  5 1.00
429 430  0  5 1.00
429 431  0  5 1.00
429 435  0  5 1.00
429 436  0  5 1.00
429 437  0  5 1.00
430 431  0  5 1.00
430 432  0  5 1.00
430 433  0  5 1.00
430 435  0  5 1.00
430 436  0  5 1.00
430 437  0  5 1.00
431 432  0  5 1.00
431 433  0  5 1.00
432 433  0  5 1.00
432 434  0  5 1.00
433 434  0  5 1.00
433 435  0  5 1.00
434 435  0  5 1.00
434 436  0  5 1.00
435 436  0  5 1.00
435 437  0  5 1.00
436 437  0  5 1.00
436 438  0  5 1.00
437 438  0  5 1.00
437 439  0  5 1.00
438 439  0  5 1.00
438 440  0  5 1.00
439 440  0  5 1.00
439 441  0  5 1.00
439 442  0  5 1.00
439 443  0  5 1.00
440 441  0  5 1.00
440 442  0  5 1.00
440 443  0  5 1.00
440 444  0  5 1.00
441 442  0  5 1.00
441 443  0  5 1.00
441 444  0  5 1.00
441 445  0  5 1.00
442 443  0  5 1.00
442 444  0  5 1.00
443 444  0  5 1.00
443 445  0  5 1.00
444 445  0  5 1.00
444 446  0  5 1.00
445 446  0  5 1.00
445 447  0  5 1.00
445 452  0  5 1.00
446 447  0  5 1.00
446 448  0  5 1.00
446 449  0  5 1.00
446 452  0  5 1.00
447 448  0  5 1.00
447 449  0  5 1.00
448 449  0  5 1.00
448 450  0  5 1.00
449 450  0  5 1.00
449 451  0  5 1.00
449 452  0  5 1.00
449 453  0  5 1.00
449 454  0  5 1.00
450 451  0  5 1.00
450 452  0  5 1.00
450 453  0  5 1.00
450 454  0  5 1.00
450 455  0  5 1.00
451 452  0  5 1.00
451 453  0  5 1.00
451 454  0  5 1.00
451 455  0  5 1.00
452 453  0  5 1.00
452 454  0  5 1.00
452 455  0  5 1.00
452 456  0  5 1.00
453 454  0  5 1.00
453 455  0  5 1.00
453 456  0  5 1.00
453 457  0  5 1.00
454 455  0  5 1.00
454 456  0  5 1.00
454 457  0  5 1.00
454 458  0  5 1.00
455 456  0  5 1.00
455 457  0  5 1.00
455 458  0  5 1.00
455 459  0  5 1.00
456 457  0  5 1.00
456 458  0  5 1.00
456 459  0  5 1.00
456 460  0  5 1.00
457 458  0  5 1.00
457 459  0  5 1.00
457 460  0  5 1.00
457 461  0  5 1.00
458 459  0  5 1.00
458 460  0  5 1.00
458 461  0  5 1.00
459 460  0  5 1.00
459 461  0  5 1.00
460 461  0  5 1.00
472 473  0  5 1.00
472 474  0  5 1.00
472 496  0  5 1.00
472 497  0  5 1.00
472 498  0  5 1.00
472 499  0  5 1.00
473 474  0  5 1.00
473 475  0  5 1.00
473 496  0  5 1.00
473 497  0  5 1.00
473 498  0  5 1.00
474 475  0  5 1.00
474 476  0  5 1.00
474 494  0  5 1.00
474 495  0  5 1.00
474 496  0  5 1.00
475 476  0  5 1.00
475 477  0  5 1.00
475 494  0  5 1.00
475 495  0  5 1.00
475 496  0  5 1.00
475 578  0  5 1.00
476 477  0  5 1.00
476 478  0  5 1.00
476 492  0  5 1.00
476 493  0  5 1.00
476 494  0  5 1.00
477 478  0  5 1.00
477 479  0  5 1.00
477 492  0  5 1.00
477 493  0  5 1.00
477 494  0  5 1.00
478 479  0  5 1.00
478 480  0  5 1.00
478 490  0  5 1.00
478 491  0  5 1.00
478 492  0  5 1.00
478 494  0  5 1.00
479 480  0  5 1.00
479 481  0  5 1.00
479 490  0  5 1.00
479 491  0  5 1.00
479 492  0  5 1.00
480 481  0  5 1.00
480 482  0  5 1.00
481 482  0  5 1.00
481 483  0  5 1.00
482 483  0  5 1.00
482 484  0  5 1.00
483 484  0  5 1.00
483 485  0  5 1.00
483 583  0  5 1.00
483 584  0  5 1.00
483 585  0  5 1.00
484 485  0  5 1.00
484 486  0  5 1.00
484 487  0  5 1.00
484 584  0  5 1.00
484 585  0  5 1.00
485 486  0  5 1.00
485 487  0  5 1.00
485 584  0  5 1.00
485 585  0  5 1.00
485 586  0  5 1.00
485 612  0  5 1.00
485 613  0  5 1.00
486 487  0  5 1.00
486 488  0  5 1.00
486 612  0  5 1.00
486 613  0  5 1.00
486 614  0  5 1.00
487 488  0  5 1.00
487 489  0  5 1.00
487 546  0  5 1.00
487 547  0  5 1.00
487 548  0  5 1.00
487 612  0  5 1.00
488 489  0  5 1.00
488 490  0  5 1.00
488 546  0  5 1.00
488 547  0  5 1.00
488 548  0  5 1.00
489 490  0  5 1.00
489 491  0  5 1.00
489 544  0  5 1.00
489 545  0  5 1.00
489 546  0  5 1.00
490 491  0  5 1.00
490 492  0  5 1.00
490 544  0  5 1.00
490 545  0  5 1.00
490 546  0  5 1.00
491 492  0  5 1.00
491 493  0  5 1.00
491 542  0  5 1.00
491 543  0  5 1.00
491 544  0  5 1.00
492 493  0  5 1.00
492 494  0  5 1.00
492 542  0  5 1.00
492 543  0  5 1.00
492 544  0  5 1.00
493 494  0  5 1.00
493 495  0  5 1.00
493 540  0  5 1.00
493 541  0  5 1.00
493 542  0  5 1.00
493 543  0  5 1.00
494 495  0  5 1.00
494 496  0  5 1.00
494 540  0  5 1.00
494 541  0  5 1.00
494 542  0  5 1.00
495 496  0  5 1.00
495 497  0  5 1.00
495 538  0  5 1.00
495 539  0  5 1.00
495 540  0  5 1.00
496 497  0  5 1.00
496 498  0  5 1.00
496 538  0  5 1.00
496 539  0  5 1.00
497 498  0  5 1.00
497 499  0  5 1.00
497 535  0  5 1.00
497 536  0  5 1.00
497 537  0  5 1.00
497 538  0  5 1.00
497 539  0  5 1.00
498 499  0  5 1.00
498 500  0  5 1.00
498 537  0  5 1.00
498 538  0  5 1.00
499 500  0  5 1.00
499 501  0  5 1.00
499 536  0  5 1.00
499 537  0  5 1.00
500 501  0  5 1.00
500 502  0  5 1.00
500 536  0  5 1.00
501 502  0  5 1.00
501 503  0  5 1.00
501 534  0  5 1.00
501 535  0  5 1.00
501 536  0  5 1.00
502 503  0  5 1.00
502 504  0  5 1.00
502 534  0  5 1.00
502 535  0  5 1.00
502 536  0  5 1.00
503 504  0  5 1.00
503 505  0  5 1.00
503 532  0  5 1.00
503 533  0  5 1.00
503 534  0  5 1.00
504 505  0  5 1.00
504 506  0  5 1.00
504 532  0  5 1.00
504 533  0  5 1.00
504 534  0  5 1.00
504 568  0  5 1.00
504 569  0  5 1.00
505 506  0  5 1.00
505 507  0  5 1.00
505 529  0  5 1.00
505 530  0  5 1.00
505 531  0  5 1.00
505 532  0  5 1.00
505 533  0  5 1.00
505 568  0  5 1.00
505 569  0  5 1.00
506 507  0  5 1.00
506 508  0  5 1.00
506 529  0  5 1.00
506 530  0  5 1.00
506 531  0  5 1.00
506 532  0  5 1.00
506 566  0  5 1.00
506 567  0  5 1.00
506 568  0  5 1.00
507 508  0  5 1.00
507 509  0  5 1.00
507 527  0  5 1.00
507 528  0  5 1.00
507 529  0  5 1.00
507 566  0  5 1.00
507 567  0  5 1.00
507 568  0  5 1.00
508 509  0  5 1.00
508 510  0  5 1.00
508 527  0  5 1.00
508 528  0  5 1.00
508 564  0  5 1.00
508 565  0  5 1.00
508 566  0  5 1.00
509 510  0  5 1.00
509 511  0  5 1.00
509 525  0  5 1.00
509 526  0  5 1.00
509 527  0  5 1.00
509 564  0  5 1.00
509 565  0  5 1.00
509 566  0  5 1.00
510 511  0  5 1.00
510 512  0  5 1.00
510 525  0  5 1.00
510 526  0  5 1.00
510 527  0  5 1.00
510 562  0  5 1.00
510 563  0  5 1.00
510 564  0  5 1.00
511 512  0  5 1.00
511 513  0  5 1.00
511 522  0  5 1.00
511 523  0  5 1.00
511 524  0  5 1.00
511 525  0  5 1.00
511 526  0  5 1.00
511 562  0  5 1.00
511 563  0  5 1.00
511 564  0  5 1.00
512 513  0  5 1.00
512 514  0  5 1.00
512 521  0  5 1.00
512 522  0  5 1.00
512 523  0  5 1.00
512 524  0  5 1.00
512 560  0  5 1.00
512 561  0  5 1.00
512 562  0  5 1.00
513 514  0  5 1.00
513 515  0  5 1.00
513 519  0  5 1.00
513 520  0  5 1.00
513 521  0  5 1.00
513 522  0  5 1.00
513 560  0  5 1.00
513 561  0  5 1.00
513 562  0  5 1.00
514 515  0  5 1.00
514 516  0  5 1.00
514 519  0  5 1.00
514 520  0  5 1.00
514 521  0  5 1.00
514 560  0  5 1.00
514 561  0  5 1.00
514 562  0  5 1.00
515 516  0  5 1.00
515 517  0  5 1.00
515 518  0  5 1.00
515 519  0  5 1.00
516 517  0  5 1.00
516 518  0  5 1.00
517 518  0  5 1.00
517 519  0  5 1.00
518 519  0  5 1.00
518 520  0  5 1.00
519 520  0  5 1.00
519 521  0  5 1.00
520 521  0  5 1.00
520 522  0  5 1.00
521 522  0  5 1.00
521 523  0  5 1.00
522 523  0  5 1.00
522 524  0  5 1.00
523 524  0  5 1.00
523 525  0  5 1.00
523 550  0  5 1.00
524 525  0  5 1.00
524 526  0  5 1.00
524 545  0  5 1.00
524 546  0  5 1.00
524 547  0  5 1.00
524 550  0  5 1.00
524 551  0  5 1.00
525 526  0  5 1.00
525 527  0  5 1.00
525 545  0  5 1.00
526 527  0  5 1.00
526 528  0  5 1.00
527 528  0  5 1.00
527 529  0  5 1.00
528 529  0  5 1.00
528 530  0  5 1.00
529 530  0  5 1.00
529 531  0  5 1.00
529 532  0  5 1.00
530 531  0  5 1.00
530 532  0  5 1.00
531 532  0  5 1.00
531 533  0  5 1.00
532 533  0  5 1.00
532 534  0  5 1.00
533 534  0  5 1.00
533 535  0  5 1.00
534 535  0  5 1.00
534 536  0  5 1.00
535 536  0  5 1.00
535 537  0  5 1.00
535 538  0  5 1.00
536 537  0  5 1.00
536 538  0  5 1.00
537 538  0  5 1.00
537 539  0  5 1.00
538 539  0  5 1.00
538 540  0  5 1.00
539 540  0  5 1.00
539 541  0  5 1.00
540 541  0  5 1.00
540 542  0  5 1.00
541 542  0  5 1.00
541 543  0  5 1.00
542 543  0  5 1.00
542 544  0  5 1.00
543 544  0  5 1.00
543 545  0  5 1.00
544 545  0  5 1.00
544 546  0  5 1.00
545 546  0  5 1.00
545 547  0  5 1.00
546 547  0  5 1.00
546 548  0  5 1.00
547 548  0  5 1.00
547 549  0  5 1.00
547 550  0  5 1.00
547 551  0  5 1.00
547 552  0  5 1.00
548 549  0  5 1.00
548 550  0  5 1.00
548 551  0  5 1.00
548 552  0  5 1.00
549 550  0  5 1.00
549 551  0  5 1.00
549 552  0  5 1.00
550 551  0  5 1.00
550 552  0  5 1.00
550 553  0  5 1.00
551 552  0  5 1.00
551 553  0  5 1.00
551 554  0  5 1.00
551 555  0  5 1.00
552 553  0  5 1.00
552 554  0  5 1.00
552 555  0  5 1.00
553 554  0  5 1.00
553 555  0  5 1.00
554 555  0  5 1.00
554 556  0  5 1.00
555 556  0  5 1.00
555 557  0  5 1.00
556 557  0  5 1.00
556 558  0  5 1.00
556 559  0  5 1.00
556 560  0  5 1.00
557 558  0  5 1.00
557 559  0  5 1.00
558 559  0  5 1.00
558 560  0  5 1.00
559 560  0  5 1.00
559 561  0  5 1.00
559 582  0  5 1.00
559 583  0  5 1.00
559 584  0  5 1.00
560 561  0  5 1.00
560 562  0  5 1.00
560 582  0  5 1.00
560 583  0  5 1.00
561 562  0  5 1.00
561 563  0  5 1.00
561 580  0  5 1.00
561 581  0  5 1.00
561 582  0  5 1.00
562 563  0  5 1.00
562 564  0  5 1.00
562 580  0  5 1.00
562 581  0  5 1.00
562 582  0  5 1.00
563 564  0  5 1.00
563 565  0  5 1.00
563 578  0  5 1.00
563 579  0  5 1.00
563 580  0  5 1.00
563 581  0  5 1.00
564 565  0  5 1.00
564 566  0  5 1.00
564 578  0  5 1.00
564 579  0  5 1.00
565 566  0  5 1.00
565 567  0  5 1.00
565 576  0  5 1.00
565 577  0  5 1.00
565 578  0  5 1.00
565 579  0  5 1.00
566 567  0  5 1.00
566 568  0  5 1.00
566 576  0  5 1.00
566 577  0  5 1.00
567 568  0  5 1.00
567 569  0  5 1.00
567 574  0  5 1.00
567 575  0  5 1.00
567 576  0  5 1.00
568 569  0  5 1.00
568 570  0  5 1.00
568 574  0  5 1.00
568 575  0  5 1.00
569 570  0  5 1.00
569 571  0  5 1.00
569 572  0  5 1.00
569 573  0  5 1.00
569 574  0  5 1.00
570 571  0  5 1.00
570 572  0  5 1.00
570 573  0  5 1.00
571 572  0  5 1.00
571 573  0  5 1.00
572 573  0  5 1.00
572 574  0  5 1.00
573 574  0  5 1.00
573 575  0  5 1.00
574 575  0  5 1.00
574 576  0  5 1.00
575 576  0  5 1.00
575 577  0  5 1.00
576 577  0  5 1.00
576 578  0  5 1.00
577 578  0  5 1.00
577 579  0  5 1.00
578 579  0  5 1.00
578 580  0  5 1.00
579 580  0  5 1.00
579 581  0  5 1.00
580 581  0  5 1.00
580 582  0  5 1.00
581 582  0  5 1.00
581 583  0  5 1.00
582 583  0  5 1.00
582 584  0  5 1.00
583 584  0  5 1.00
583 585  0  5 1.00
584 585  0  5 1.00
584 586  0  5 1.00
585 586  0  5 1.00
585 587  0  5 1.00
586 587  0  5 1.00
586 588  0  5 1.00
587 588  0  5 1.00
587 589  0  5 1.00
588 589  0  5 1.00
588 590  0  5 1.00
588 608  0  5 1.00
588 609  0  5 1.00
588 610  0  5 1.00
589 590  0  5 1.00
589 591  0  5 1.00
589 608  0  5 1.00
589 609  0  5 1.00
589 677  0  5 1.00
590 591  0  5 1.00
590 592  0  5 1.00
590 606  0  5 1.00
590 607  0  5 1.00
590 608  0  5 1.00
590 609  0  5 1.00
591 592  0  5 1.00
591 593  0  5 1.00
591 606  0  5 1.00
591 607  0  5 1.00
591 608  0  5 1.00
592 593  0  5 1.00
592 594  0  5 1.00
592 604  0  5 1.00
592 605  0  5 1.00
592 606  0  5 1.00
592 607  0  5 1.00
593 594  0  5 1.00
593 595  0  5 1.00
593 604  0  5 1.00
593 605  0  5 1.00
593 606  0  5 1.00
594 595  0  5 1.00
594 596  0  5 1.00
594 603  0  5 1.00
594 604  0  5 1.00
594 605  0  5 1.00
595 596  0  5 1.00
595 597  0  5 1.00
595 604  0  5 1.00
596 597  0  5 1.00
596 598  0  5 1.00
596 602  0  5 1.00
597 598  0  5 1.00
597 599  0  5 1.00
597 683  0  5 1.00
598 599  0  5 1.00
598 600  0  5 1.00
598 601  0  5 1.00
599 600  0  5 1.00
599 601  0  5 1.00
599 657  0  5 1.00
599 658  0  5 1.00
600 601  0  5 1.00
600 602  0  5 1.00
600 656  0  5 1.00
600 657  0  5 1.00
601 602  0  5 1.00
601 603  0  5 1.00
601 655  0  5 1.00
601 656  0  5 1.00
602 603  0  5 1.00
602 604  0  5 1.00
602 654  0  5 1.00
603 604  0  5 1.00
603 605  0  5 1.00
603 652  0  5 1.00
603 653  0  5 1.00
603 654  0  5 1.00
603 655  0  5 1.00
604 605  0  5 1.00
604 606  0  5 1.00
604 652  0  5 1.00
604 653  0  5 1.00
604 654  0  5 1.00
605 606  0  5 1.00
605 607  0  5 1.00
605 650  0  5 1.00
605 651  0  5 1.00
605 652  0  5 1.00
605 653  0  5 1.00
606 607  0  5 1.00
606 608  0  5 1.00
606 650  0  5 1.00
606 651  0  5 1.00
607 608  0  5 1.00
607 609  0  5 1.00
607 648  0  5 1.00
607 649  0  5 1.00
607 650  0  5 1.00
608 609  0  5 1.00
608 610  0  5 1.00
608 648  0  5 1.00
608 649  0  5 1.00
609 610  0  5 1.00
609 611  0  5 1.00
609 646  0  5 1.00
609 647  0  5 1.00
609 648  0  5 1.00
610 611  0  5 1.00
610 612  0  5 1.00
610 645  0  5 1.00
610 646  0  5 1.00
610 647  0  5 1.00
611 612  0  5 1.00
611 613  0  5 1.00
611 643  0  5 1.00
611 644  0  5 1.00
611 645  0  5 1.00
611 646  0  5 1.00
611 647  0  5 1.00
612 613  0  5 1.00
612 614  0  5 1.00
613 614  0  5 1.00
613 615  0  5 1.00
613 644  0  5 1.00
613 645  0  5 1.00
614 615  0  5 1.00
614 616  0  5 1.00
614 644  0  5 1.00
615 616  0  5 1.00
615 617  0  5 1.00
615 642  0  5 1.00
615 643  0  5 1.00
615 644  0  5 1.00
616 617  0  5 1.00
616 618  0  5 1.00
616 642  0  5 1.00
616 643  0  5 1.00
616 644  0  5 1.00
617 618  0  5 1.00
617 619  0  5 1.00
617 641  0  5 1.00
617 642  0  5 1.00
617 643  0  5 1.00
618 619  0  5 1.00
618 620  0  5 1.00
618 670  0  5 1.00
618 671  0  5 1.00
618 672  0  5 1.00
619 620  0  5 1.00
619 621  0  5 1.00
619 638  0  5 1.00
619 669  0  5 1.00
619 670  0  5 1.00
619 671  0  5 1.00
620 621  0  5 1.00
620 622  0  5 1.00
620 636  0  5 1.00
620 637  0  5 1.00
620 638  0  5 1.00
620 669  0  5 1.00
620 670  0  5 1.00
621 622  0  5 1.00
621 623  0  5 1.00
621 636  0  5 1.00
621 637  0  5 1.00
621 638  0  5 1.00
621 667  0  5 1.00
621 668  0  5 1.00
621 669  0  5 1.00
622 623  0  5 1.00
622 624  0  5 1.00
622 634  0  5 1.00
622 635  0  5 1.00
622 636  0  5 1.00
622 667  0  5 1.00
622 668  0  5 1.00
623 624  0  5 1.00
623 625  0  5 1.00
623 634  0  5 1.00
623 635  0  5 1.00
623 636  0  5 1.00
623 665  0  5 1.00
623 666  0  5 1.00
623 667  0  5 1.00
624 625  0  5 1.00
624 626  0  5 1.00
624 632  0  5 1.00
624 633  0  5 1.00
624 634  0  5 1.00
624 635  0  5 1.00
624 665  0  5 1.00
624 666  0  5 1.00
625 626  0  5 1.00
625 627  0  5 1.00
625 633  0  5 1.00
625 663  0  5 1.00
625 664  0  5 1.00
625 665  0  5 1.00
626 627  0  5 1.00
626 628  0  5 1.00
626 629  0  5 1.00
626 630  0  5 1.00
626 663  0  5 1.00
626 664  0  5 1.00
626 665  0  5 1.00
627 628  0  5 1.00
627 629  0  5 1.00
627 630  0  5 1.00
627 662  0  5 1.00
627 663  0  5 1.00
628 629  0  5 1.00
628 630  0  5 1.00
628 655  0  5 1.00
628 656  0  5 1.00
628 657  0  5 1.00
629 630  0  5 1.00
629 631  0  5 1.00
629 654  0  5 1.00
629 655  0  5 1.00
629 656  0  5 1.00
630 631  0  5 1.00
630 632  0  5 1.00
630 655  0  5 1.00
631 632  0  5 1.00
631 633  0  5 1.00
632 633  0  5 1.00
632 634  0  5 1.00
633 634  0  5 1.00
633 635  0  5 1.00
634 635  0  5 1.00
634 636  0  5 1.00
635 636  0  5 1.00
635 637  0  5 1.00
636 637  0  5 1.00
636 638  0  5 1.00
637 638  0  5 1.00
637 639  0  5 1.00
638 639  0  5 1.00
638 640  0  5 1.00
639 640  0  5 1.00
639 641  0  5 1.00
640 641  0  5 1.00
640 642  0  5 1.00
641 642  0  5 1.00
641 643  0  5 1.00
642 643  0  5 1.00
642 644  0  5 1.00
643 644  0  5 1.00
643 645  0  5 1.00
643 646  0  5 1.00
644 645  0  5 1.00
644 646  0  5 1.00
645 646  0  5 1.00
645 647  0  5 1.00
646 647  0  5 1.00
646 648  0  5 1.00
647 648  0  5 1.00
647 649  0  5 1.00
648 649  0  5 1.00
648 650  0  5 1.00
649 650  0  5 1.00
649 651  0  5 1.00
650 651  0  5 1.00
650 652  0  5 1.00
651 652  0  5 1.00
651 653  0  5 1.00
652 653  0  5 1.00
652 654  0  5 1.00
653 654  0  5 1.00
653 655  0  5 1.00
654 655  0  5 1.00
654 656  0  5 1.00
655 656  0  5 1.00
655 657  0  5 1.00
656 657  0  5 1.00
656 658  0  5 1.00
657 658  0  5 1.00
657 659  0  5 1.00
658 659  0  5 1.00
658 660  0  5 1.00
659 660  0  5 1.00
659 661  0  5 1.00
659 683  0  5 1.00
660 661  0  5 1.00
660 662  0  5 1.00
660 682  0  5 1.00
660 683  0  5 1.00
661 662  0  5 1.00
661 663  0  5 1.00
661 682  0  5 1.00
661 683  0  5 1.00
662 663  0  5 1.00
662 664  0  5 1.00
662 680  0  5 1.00
662 681  0  5 1.00
662 682  0  5 1.00
663 664  0  5 1.00
663 665  0  5 1.00
663 680  0  5 1.00
663 681  0  5 1.00
664 665  0  5 1.00
664 666  0  5 1.00
664 678  0  5 1.00
664 679  0  5 1.00
664 680  0  5 1.00
665 666  0  5 1.00
665 667  0  5 1.00
665 678  0  5 1.00
665 679  0  5 1.00
666 667  0  5 1.00
666 668  0  5 1.00
666 676  0  5 1.00
666 677  0  5 1.00
666 678  0  5 1.00
666 679  0  5 1.00
667 668  0  5 1.00
667 669  0  5 1.00
667 676  0  5 1.00
667 677  0  5 1.00
668 669  0  5 1.00
668 670  0  5 1.00
668 673  0  5 1.00
668 674  0  5 1.00
668 675  0  5 1.00
668 676  0  5 1.00
669 670  0  5 1.00
669 671  0  5 1.00
669 673  0  5 1.00
669 674  0  5 1.00
669 675  0  5 1.00
670 671  0  5 1.00
670 672  0  5 1.00
670 673  0  5 1.00
670 674  0  5 1.00
671 672  0  5 1.00
671 673  0  5 1.00
672 673  0  5 1.00
672 674  0  5 1.00
673 674  0  5 1.00
673 675  0  5 1.00
673 676  0  5 1.00
674 675  0  5 1.00
674 676  0  5 1.00
675 676  0  5 1.00
675 677  0  5 1.00
676 677  0  5 1.00
676 678  0  5 1.00
677 678  0  5 1.00
677 679  0  5 1.00
678 679  0  5 1.00
678 680  0  5 1.00
679 680  0  5 1.00
679 681  0  5 1.00
680 681  0  5 1.00
680 682  0  5 1.00
681 682  0  5 1.00
681 683  0  5 1.00
682 683  0  5 1.00
END
HELX_P HELX_P1  1  GLU A 13  ? HIS A 21  ? GLU A 13  HIS A 21  1 ? 9  
HELX_P HELX_P2  2  THR A 23  ? CYS A 27  ? THR A 23  CYS A 27  5 ? 5  
HELX_P HELX_P3  3  SER A 152 ? VAL A 160 ? SER A 152 VAL A 160 1 ? 9  
HELX_P HELX_P4  4  GLY A 188 ? VAL A 199 ? GLY A 188 VAL A 199 1 ? 12 
HELX_P HELX_P5  5  ASN A 200 ? ASN A 206 ? ASN A 200 ASN A 206 1 ? 7  
HELX_P HELX_P6  6  ASN A 206 ? ARG A 214 ? ASN A 206 ARG A 214 1 ? 9  
HELX_P HELX_P7  7  SER A 216 ? MET A 227 ? SER A 216 MET A 227 1 ? 12 
HELX_P HELX_P8  8  SER A 257 ? HIS A 267 ? SER A 257 HIS A 267 1 ? 11 
HELX_P HELX_P9  9  GLN A 276 ? GLY A 292 ? GLN A 276 GLY A 292 1 ? 17 
HELX_P HELX_P10 10 ASN A 310 ? ASN A 318 ? ASN A 310 ASN A 318 1 ? 9  
HELX_P HELX_P11 11 VAL A 376 ? GLU A 381 ? VAL A 376 GLU A 381 1 ? 6  
HELX_P HELX_P12 12 ASP A 389 ? ASN A 398 ? ASP A 389 ASN A 398 1 ? 10 
HELX_P HELX_P13 13 ILE A 439 ? LYS A 444 ? ILE A 439 LYS A 444 1 ? 6  
HELX_P HELX_P14 14 SER A 449 ? HIS A 461 ? SER A 449 HIS A 461 1 ? 13 
HELX_P HELX_P15 15 LEU A 547 ? ARG A 552 ? LEU A 547 ARG A 552 1 ? 6 s