2r93 1224
 19  20  0  5 1.00
 19  21  0  5 1.00
 19  22  0  5 1.00
 19  23  0  5 1.00
 20  21  0  5 1.00
 20  22  0  5 1.00
 20  23  0  5 1.00
 20 655  0  5 1.00
 20 656  0  5 1.00
 21  22  0  5 1.00
 21  23  0  5 1.00
 21 656  0  5 1.00
 22  23  0  5 1.00
 22  24  0  5 1.00
 22 654  0  5 1.00
 22 656  0  5 1.00
 23  24  0  5 1.00
 23  25  0  5 1.00
 23 653  0  5 1.00
 23 654  0  5 1.00
 23 655  0  5 1.00
 24  25  0  5 1.00
 24  26  0  5 1.00
 24 654  0  5 1.00
 24 655  0  5 1.00
 25  26  0  5 1.00
 25  27  0  5 1.00
 25 655  0  5 1.00
 25 708  0  5 1.00
 26  27  0  5 1.00
 26  28  0  5 1.00
 26  29  0  5 1.00
 26  30  0  5 1.00
 27  28  0  5 1.00
 27  29  0  5 1.00
 27  30  0  5 1.00
 27  31  0  5 1.00
 28  29  0  5 1.00
 28  30  0  5 1.00
 28  31  0  5 1.00
 28  32  0  5 1.00
 29  30  0  5 1.00
 29  31  0  5 1.00
 29  32  0  5 1.00
 29  33  0  5 1.00
 30  31  0  5 1.00
 30  32  0  5 1.00
 30  33  0  5 1.00
 30  34  0  5 1.00
 30 743  0  5 1.00
 31  32  0  5 1.00
 31  33  0  5 1.00
 31  34  0  5 1.00
 31  35  0  5 1.00
 31  36  0  5 1.00
 32  33  0  5 1.00
 32  34  0  5 1.00
 32  35  0  5 1.00
 32  36  0  5 1.00
 33  34  0  5 1.00
 33  35  0  5 1.00
 33  36  0  5 1.00
 33  37  0  5 1.00
 34  35  0  5 1.00
 34  36  0  5 1.00
 34  37  0  5 1.00
 34  38  0  5 1.00
 34  39  0  5 1.00
 35  36  0  5 1.00
 35  37  0  5 1.00
 35  38  0  5 1.00
 35  39  0  5 1.00
 36  37  0  5 1.00
 36  38  0  5 1.00
 36  39  0  5 1.00
 36  40  0  5 1.00
 36 681  0  5 1.00
 37  38  0  5 1.00
 37  39  0  5 1.00
 37  40  0  5 1.00
 37  41  0  5 1.00
 37  42  0  5 1.00
 38  39  0  5 1.00
 38  40  0  5 1.00
 38  41  0  5 1.00
 38  42  0  5 1.00
 39  40  0  5 1.00
 39  41  0  5 1.00
 39  42  0  5 1.00
 40  41  0  5 1.00
 40  42  0  5 1.00
 41  42  0  5 1.00
 41  43  0  5 1.00
 41  44  0  5 1.00
 41  45  0  5 1.00
 42  43  0  5 1.00
 42  44  0  5 1.00
 42  45  0  5 1.00
 43  44  0  5 1.00
 43  45  0  5 1.00
 44  45  0  5 1.00
 44  46  0  5 1.00
 44  47  0  5 1.00
 44  48  0  5 1.00
 45  46  0  5 1.00
 45  47  0  5 1.00
 45  48  0  5 1.00
 45  49  0  5 1.00
 45  50  0  5 1.00
 46  47  0  5 1.00
 46  48  0  5 1.00
 46  49  0  5 1.00
 46  50  0  5 1.00
 46  51  0  5 1.00
 47  48  0  5 1.00
 47  49  0  5 1.00
 47  50  0  5 1.00
 47  51  0  5 1.00
 48  49  0  5 1.00
 48  50  0  5 1.00
 48  51  0  5 1.00
 48  52  0  5 1.00
 49  50  0  5 1.00
 49  51  0  5 1.00
 49  52  0  5 1.00
 49  53  0  5 1.00
 50  51  0  5 1.00
 50  52  0  5 1.00
 50  53  0  5 1.00
 50  54  0  5 1.00
 50 410  0  5 1.00
 51  52  0  5 1.00
 51  53  0  5 1.00
 51  54  0  5 1.00
 51  55  0  5 1.00
 51 410  0  5 1.00
 52  53  0  5 1.00
 52  54  0  5 1.00
 52  55  0  5 1.00
 52  56  0  5 1.00
 52  57  0  5 1.00
 53  54  0  5 1.00
 53  55  0  5 1.00
 53  56  0  5 1.00
 53  57  0  5 1.00
 53  58  0  5 1.00
 53  59  0  5 1.00
 54  55  0  5 1.00
 54  56  0  5 1.00
 54  57  0  5 1.00
 54  58  0  5 1.00
 54  59  0  5 1.00
 54  60  0  5 1.00
 55  56  0  5 1.00
 55  57  0  5 1.00
 55  58  0  5 1.00
 55  59  0  5 1.00
 55  60  0  5 1.00
 56  57  0  5 1.00
 56  58  0  5 1.00
 56  60  0  5 1.00
 57  58  0  5 1.00
 57  59  0  5 1.00
 57  60  0  5 1.00
 57  61  0  5 1.00
 58  59  0  5 1.00
 58  60  0  5 1.00
 58  61  0  5 1.00
 58  62  0  5 1.00
 59  60  0  5 1.00
 59  61  0  5 1.00
 59  62  0  5 1.00
 59  63  0  5 1.00
 60  61  0  5 1.00
 60  62  0  5 1.00
 60  63  0  5 1.00
 60  64  0  5 1.00
 61  62  0  5 1.00
 61  63  0  5 1.00
 61  64  0  5 1.00
 61  65  0  5 1.00
 62  63  0  5 1.00
 62  64  0  5 1.00
 62  65  0  5 1.00
 63  64  0  5 1.00
 63  65  0  5 1.00
 63  67  0  5 1.00
 64  65  0  5 1.00
 64  66  0  5 1.00
 64  67  0  5 1.00
 65  66  0  5 1.00
 65  67  0  5 1.00
 66  67  0  5 1.00
 66  68  0  5 1.00
 67  68  0  5 1.00
 67  69  0  5 1.00
 67  90  0  5 1.00
 68  69  0  5 1.00
 68  70  0  5 1.00
 68  90  0  5 1.00
 68  91  0  5 1.00
 69  70  0  5 1.00
 69  90  0  5 1.00
 90  91  0  5 1.00
 90  92  0  5 1.00
 90 133  0  5 1.00
 91  92  0  5 1.00
 91  93  0  5 1.00
 91 131  0  5 1.00
 91 132  0  5 1.00
 91 133  0  5 1.00
 92  93  0  5 1.00
 92  94  0  5 1.00
 92 131  0  5 1.00
 92 132  0  5 1.00
 93  94  0  5 1.00
 93  95  0  5 1.00
 93 131  0  5 1.00
 94  95  0  5 1.00
 94  96  0  5 1.00
 94 129  0  5 1.00
 94 130  0  5 1.00
 94 131  0  5 1.00
 95  96  0  5 1.00
 95  97  0  5 1.00
 95 129  0  5 1.00
 95 130  0  5 1.00
 96  97  0  5 1.00
 96  98  0  5 1.00
 96 127  0  5 1.00
 96 128  0  5 1.00
 96 129  0  5 1.00
 96 130  0  5 1.00
 97  98  0  5 1.00
 97  99  0  5 1.00
 97 127  0  5 1.00
 98  99  0  5 1.00
 98 100  0  5 1.00
 98 126  0  5 1.00
 98 127  0  5 1.00
 99 100  0  5 1.00
 99 101  0  5 1.00
 99 125  0  5 1.00
 99 126  0  5 1.00
 99 127  0  5 1.00
 99 178  0  5 1.00
100 101  0  5 1.00
100 102  0  5 1.00
100 110  0  5 1.00
100 111  0  5 1.00
100 112  0  5 1.00
100 125  0  5 1.00
100 126  0  5 1.00
100 178  0  5 1.00
101 102  0  5 1.00
101 103  0  5 1.00
101 110  0  5 1.00
101 111  0  5 1.00
101 112  0  5 1.00
101 125  0  5 1.00
101 126  0  5 1.00
102 103  0  5 1.00
102 104  0  5 1.00
102 108  0  5 1.00
102 109  0  5 1.00
102 110  0  5 1.00
102 112  0  5 1.00
103 104  0  5 1.00
103 105  0  5 1.00
103 108  0  5 1.00
104 105  0  5 1.00
104 106  0  5 1.00
104 107  0  5 1.00
104 108  0  5 1.00
104 958  0  5 1.00
105 106  0  5 1.00
105 107  0  5 1.00
105 958  0  5 1.00
106 107  0  5 1.00
106 108  0  5 1.00
107 108  0  5 1.00
107 109  0  5 1.00
108 109  0  5 1.00
108 110  0  5 1.00
109 110  0  5 1.00
109 111  0  5 1.00
110 111  0  5 1.00
110 112  0  5 1.00
111 112  0  5 1.00
111 113  0  5 1.00
112 113  0  5 1.00
112 114  0  5 1.00
113 114  0  5 1.00
113 115  0  5 1.00
113 116  0  5 1.00
113 117  0  5 1.00
114 115  0  5 1.00
114 116  0  5 1.00
114 117  0  5 1.00
114 118  0  5 1.00
115 116  0  5 1.00
115 117  0  5 1.00
115 118  0  5 1.00
115 119  0  5 1.00
115 192  0  5 1.00
116 117  0  5 1.00
116 118  0  5 1.00
116 119  0  5 1.00
116 120  0  5 1.00
116 121  0  5 1.00
117 118  0  5 1.00
117 119  0  5 1.00
117 120  0  5 1.00
117 121  0  5 1.00
117 122  0  5 1.00
117 207  0  5 1.00
118 119  0  5 1.00
118 120  0  5 1.00
118 121  0  5 1.00
118 207  0  5 1.00
119 120  0  5 1.00
119 121  0  5 1.00
120 121  0  5 1.00
120 122  0  5 1.00
121 122  0  5 1.00
121 123  0  5 1.00
121 206  0  5 1.00
121 207  0  5 1.00
122 123  0  5 1.00
122 124  0  5 1.00
122 204  0  5 1.00
122 205  0  5 1.00
122 206  0  5 1.00
122 207  0  5 1.00
123 124  0  5 1.00
123 125  0  5 1.00
123 204  0  5 1.00
123 205  0  5 1.00
123 206  0  5 1.00
124 125  0  5 1.00
124 126  0  5 1.00
124 170  0  5 1.00
124 171  0  5 1.00
124 172  0  5 1.00
124 204  0  5 1.00
125 126  0  5 1.00
125 127  0  5 1.00
125 170  0  5 1.00
125 171  0  5 1.00
125 172  0  5 1.00
126 127  0  5 1.00
126 128  0  5 1.00
126 168  0  5 1.00
126 169  0  5 1.00
126 170  0  5 1.00
126 171  0  5 1.00
127 128  0  5 1.00
127 129  0  5 1.00
127 168  0  5 1.00
127 169  0  5 1.00
128 129  0  5 1.00
128 130  0  5 1.00
128 165  0  5 1.00
128 166  0  5 1.00
128 167  0  5 1.00
128 168  0  5 1.00
128 169  0  5 1.00
129 130  0  5 1.00
129 131  0  5 1.00
129 164  0  5 1.00
129 165  0  5 1.00
129 166  0  5 1.00
129 167  0  5 1.00
130 131  0  5 1.00
130 132  0  5 1.00
130 164  0  5 1.00
130 165  0  5 1.00
131 132  0  5 1.00
131 133  0  5 1.00
131 164  0  5 1.00
131 165  0  5 1.00
132 133  0  5 1.00
164 165  0  5 1.00
164 166  0  5 1.00
165 166  0  5 1.00
165 167  0  5 1.00
166 167  0  5 1.00
166 168  0  5 1.00
166 448  0  5 1.00
166 450  0  5 1.00
167 168  0  5 1.00
167 169  0  5 1.00
167 450  0  5 1.00
168 169  0  5 1.00
168 170  0  5 1.00
168 450  0  5 1.00
168 453  0  5 1.00
168 454  0  5 1.00
169 170  0  5 1.00
169 171  0  5 1.00
169 450  0  5 1.00
169 453  0  5 1.00
169 454  0  5 1.00
170 171  0  5 1.00
170 172  0  5 1.00
171 172  0  5 1.00
171 173  0  5 1.00
172 173  0  5 1.00
172 174  0  5 1.00
172 202  0  5 1.00
172 203  0  5 1.00
172 204  0  5 1.00
173 174  0  5 1.00
173 175  0  5 1.00
173 176  0  5 1.00
173 179  0  5 1.00
173 202  0  5 1.00
173 203  0  5 1.00
174 175  0  5 1.00
174 176  0  5 1.00
174 199  0  5 1.00
174 200  0  5 1.00
174 201  0  5 1.00
174 202  0  5 1.00
174 203  0  5 1.00
175 176  0  5 1.00
175 177  0  5 1.00
175 179  0  5 1.00
175 182  0  5 1.00
175 200  0  5 1.00
175 201  0  5 1.00
176 177  0  5 1.00
176 178  0  5 1.00
176 179  0  5 1.00
176 182  0  5 1.00
177 178  0  5 1.00
177 179  0  5 1.00
178 179  0  5 1.00
178 180  0  5 1.00
179 180  0  5 1.00
179 181  0  5 1.00
179 182  0  5 1.00
179 183  0  5 1.00
180 181  0  5 1.00
180 182  0  5 1.00
180 183  0  5 1.00
180 184  0  5 1.00
181 182  0  5 1.00
181 183  0  5 1.00
181 184  0  5 1.00
182 183  0  5 1.00
182 184  0  5 1.00
183 184  0  5 1.00
183 185  0  5 1.00
184 185  0  5 1.00
184 186  0  5 1.00
185 186  0  5 1.00
185 187  0  5 1.00
185 188  0  5 1.00
185 189  0  5 1.00
186 187  0  5 1.00
186 188  0  5 1.00
186 189  0  5 1.00
186 190  0  5 1.00
187 188  0  5 1.00
187 189  0  5 1.00
187 190  0  5 1.00
187 191  0  5 1.00
188 189  0  5 1.00
188 190  0  5 1.00
188 191  0  5 1.00
188 192  0  5 1.00
189 190  0  5 1.00
189 191  0  5 1.00
189 192  0  5 1.00
189 193  0  5 1.00
189 194  0  5 1.00
190 191  0  5 1.00
190 192  0  5 1.00
190 193  0  5 1.00
190 194  0  5 1.00
191 192  0  5 1.00
191 193  0  5 1.00
192 193  0  5 1.00
192 194  0  5 1.00
193 194  0  5 1.00
193 195  0  5 1.00
193 784  0  5 1.00
194 195  0  5 1.00
194 196  0  5 1.00
195 196  0  5 1.00
195 197  0  5 1.00
195 198  0  5 1.00
195 784  0  5 1.00
196 197  0  5 1.00
196 198  0  5 1.00
197 198  0  5 1.00
197 199  0  5 1.00
198 199  0  5 1.00
198 200  0  5 1.00
199 200  0  5 1.00
199 201  0  5 1.00
200 201  0  5 1.00
200 202  0  5 1.00
201 202  0  5 1.00
201 203  0  5 1.00
202 203  0  5 1.00
202 204  0  5 1.00
202 210  0  5 1.00
202 211  0  5 1.00
203 204  0  5 1.00
203 205  0  5 1.00
203 208  0  5 1.00
203 209  0  5 1.00
203 210  0  5 1.00
204 205  0  5 1.00
204 206  0  5 1.00
204 207  0  5 1.00
204 208  0  5 1.00
204 209  0  5 1.00
204 210  0  5 1.00
205 206  0  5 1.00
205 207  0  5 1.00
205 208  0  5 1.00
206 207  0  5 1.00
206 208  0  5 1.00
207 208  0  5 1.00
207 209  0  5 1.00
208 209  0  5 1.00
208 210  0  5 1.00
209 210  0  5 1.00
209 211  0  5 1.00
209 481  0  5 1.00
209 482  0  5 1.00
209 483  0  5 1.00
210 211  0  5 1.00
210 212  0  5 1.00
210 461  0  5 1.00
210 481  0  5 1.00
210 482  0  5 1.00
210 483  0  5 1.00
211 212  0  5 1.00
211 213  0  5 1.00
211 479  0  5 1.00
211 480  0  5 1.00
211 481  0  5 1.00
211 482  0  5 1.00
211 483  0  5 1.00
212 213  0  5 1.00
212 214  0  5 1.00
212 480  0  5 1.00
213 214  0  5 1.00
213 215  0  5 1.00
213 407  0  5 1.00
213 479  0  5 1.00
213 480  0  5 1.00
213 497  0  5 1.00
214 215  0  5 1.00
214 216  0  5 1.00
214 407  0  5 1.00
214 497  0  5 1.00
214 498  0  5 1.00
214 499  0  5 1.00
214 500  0  5 1.00
215 216  0  5 1.00
215 217  0  5 1.00
215 405  0  5 1.00
215 406  0  5 1.00
215 407  0  5 1.00
215 499  0  5 1.00
216 217  0  5 1.00
216 218  0  5 1.00
216 405  0  5 1.00
216 406  0  5 1.00
216 407  0  5 1.00
216 499  0  5 1.00
216 500  0  5 1.00
216 501  0  5 1.00
217 218  0  5 1.00
217 219  0  5 1.00
217 403  0  5 1.00
217 404  0  5 1.00
217 405  0  5 1.00
218 219  0  5 1.00
218 220  0  5 1.00
218 403  0  5 1.00
218 404  0  5 1.00
218 405  0  5 1.00
219 220  0  5 1.00
219 221  0  5 1.00
219 403  0  5 1.00
219 404  0  5 1.00
219 405  0  5 1.00
220 221  0  5 1.00
220 222  0  5 1.00
220 241  0  5 1.00
221 222  0  5 1.00
221 223  0  5 1.00
221 241  0  5 1.00
221 242  0  5 1.00
221 583  0  5 1.00
221 584  0  5 1.00
222 223  0  5 1.00
222 224  0  5 1.00
222 239  0  5 1.00
222 240  0  5 1.00
222 241  0  5 1.00
223 224  0  5 1.00
223 225  0  5 1.00
223 239  0  5 1.00
223 240  0  5 1.00
224 225  0  5 1.00
224 226  0  5 1.00
224 237  0  5 1.00
224 238  0  5 1.00
224 239  0  5 1.00
225 226  0  5 1.00
225 227  0  5 1.00
225 237  0  5 1.00
225 238  0  5 1.00
225 239  0  5 1.00
225 395  0  5 1.00
225 396  0  5 1.00
226 227  0  5 1.00
226 228  0  5 1.00
226 235  0  5 1.00
226 236  0  5 1.00
226 237  0  5 1.00
227 228  0  5 1.00
227 229  0  5 1.00
227 235  0  5 1.00
227 236  0  5 1.00
228 229  0  5 1.00
228 230  0  5 1.00
228 234  0  5 1.00
228 235  0  5 1.00
228 236  0  5 1.00
229 230  0  5 1.00
229 231  0  5 1.00
229 232  0  5 1.00
230 231  0  5 1.00
230 232  0  5 1.00
231 232  0  5 1.00
231 233  0  5 1.00
232 233  0  5 1.00
232 234  0  5 1.00
233 234  0  5 1.00
233 235  0  5 1.00
233 258  0  5 1.00
233 259  0  5 1.00
233 260  0  5 1.00
233 261  0  5 1.00
234 235  0  5 1.00
234 236  0  5 1.00
234 258  0  5 1.00
234 259  0  5 1.00
235 236  0  5 1.00
235 237  0  5 1.00
235 258  0  5 1.00
235 259  0  5 1.00
235 260  0  5 1.00
236 237  0  5 1.00
236 238  0  5 1.00
236 256  0  5 1.00
236 257  0  5 1.00
236 258  0  5 1.00
237 238  0  5 1.00
237 239  0  5 1.00
237 256  0  5 1.00
237 257  0  5 1.00
238 239  0  5 1.00
238 240  0  5 1.00
238 254  0  5 1.00
238 255  0  5 1.00
238 256  0  5 1.00
239 240  0  5 1.00
239 241  0  5 1.00
239 254  0  5 1.00
240 241  0  5 1.00
240 242  0  5 1.00
240 252  0  5 1.00
240 253  0  5 1.00
240 254  0  5 1.00
241 242  0  5 1.00
241 243  0  5 1.00
241 253  0  5 1.00
242 243  0  5 1.00
242 244  0  5 1.00
242 250  0  5 1.00
242 251  0  5 1.00
242 252  0  5 1.00
242 253  0  5 1.00
243 244  0  5 1.00
243 245  0  5 1.00
243 250  0  5 1.00
243 251  0  5 1.00
244 245  0  5 1.00
244 246  0  5 1.00
244 247  0  5 1.00
244 249  0  5 1.00
244 250  0  5 1.00
245 246  0  5 1.00
245 247  0  5 1.00
246 247  0  5 1.00
246 248  0  5 1.00
247 248  0  5 1.00
247 249  0  5 1.00
247 250  0  5 1.00
248 249  0  5 1.00
248 250  0  5 1.00
249 250  0  5 1.00
249 251  0  5 1.00
250 251  0  5 1.00
250 252  0  5 1.00
251 252  0  5 1.00
251 253  0  5 1.00
252 253  0  5 1.00
252 254  0  5 1.00
253 254  0  5 1.00
253 255  0  5 1.00
253 272  0  5 1.00
254 255  0  5 1.00
254 256  0  5 1.00
254 272  0  5 1.00
255 256  0  5 1.00
255 257  0  5 1.00
255 270  0  5 1.00
255 271  0  5 1.00
255 272  0  5 1.00
256 257  0  5 1.00
256 258  0  5 1.00
256 270  0  5 1.00
256 271  0  5 1.00
256 272  0  5 1.00
257 258  0  5 1.00
257 259  0  5 1.00
257 269  0  5 1.00
257 270  0  5 1.00
257 271  0  5 1.00
258 259  0  5 1.00
258 260  0  5 1.00
258 268  0  5 1.00
258 269  0  5 1.00
258 270  0  5 1.00
259 260  0  5 1.00
259 261  0  5 1.00
259 267  0  5 1.00
259 268  0  5 1.00
260 261  0  5 1.00
260 262  0  5 1.00
260 264  0  5 1.00
260 267  0  5 1.00
261 262  0  5 1.00
261 263  0  5 1.00
261 264  0  5 1.00
262 263  0  5 1.00
262 264  0  5 1.00
263 264  0  5 1.00
263 265  0  5 1.00
264 265  0  5 1.00
264 266  0  5 1.00
264 267  0  5 1.00
265 266  0  5 1.00
265 267  0  5 1.00
266 267  0  5 1.00
266 268  0  5 1.00
267 268  0  5 1.00
267 269  0  5 1.00
267 313  0  5 1.00
268 269  0  5 1.00
268 270  0  5 1.00
269 270  0  5 1.00
269 271  0  5 1.00
269 280  0  5 1.00
269 281  0  5 1.00
269 282  0  5 1.00
269 317  0  5 1.00
270 271  0  5 1.00
270 272  0  5 1.00
270 280  0  5 1.00
270 281  0  5 1.00
270 282  0  5 1.00
271 272  0  5 1.00
271 273  0  5 1.00
271 278  0  5 1.00
271 279  0  5 1.00
271 280  0  5 1.00
271 281  0  5 1.00
271 282  0  5 1.00
272 273  0  5 1.00
272 274  0  5 1.00
272 278  0  5 1.00
272 279  0  5 1.00
272 280  0  5 1.00
273 274  0  5 1.00
273 275  0  5 1.00
273 276  0  5 1.00
273 278  0  5 1.00
274 275  0  5 1.00
274 276  0  5 1.00
275 276  0  5 1.00
275 277  0  5 1.00
275 338  0  5 1.00
275 339  0  5 1.00
276 277  0  5 1.00
276 278  0  5 1.00
276 279  0  5 1.00
276 337  0  5 1.00
276 338  0  5 1.00
277 278  0  5 1.00
277 279  0  5 1.00
277 337  0  5 1.00
277 338  0  5 1.00
278 279  0  5 1.00
278 280  0  5 1.00
278 337  0  5 1.00
279 280  0  5 1.00
279 281  0  5 1.00
280 281  0  5 1.00
280 282  0  5 1.00
281 282  0  5 1.00
281 283  0  5 1.00
281 284  0  5 1.00
281 285  0  5 1.00
282 283  0  5 1.00
282 284  0  5 1.00
282 285  0  5 1.00
282 286  0  5 1.00
283 284  0  5 1.00
283 285  0  5 1.00
283 286  0  5 1.00
283 287  0  5 1.00
284 285  0  5 1.00
284 286  0  5 1.00
284 287  0  5 1.00
284 288  0  5 1.00
284 289  0  5 1.00
284 330  0  5 1.00
285 286  0  5 1.00
285 287  0  5 1.00
285 288  0  5 1.00
285 289  0  5 1.00
286 287  0  5 1.00
286 288  0  5 1.00
286 289  0  5 1.00
286 290  0  5 1.00
286 291  0  5 1.00
287 288  0  5 1.00
287 289  0  5 1.00
287 290  0  5 1.00
287 291  0  5 1.00
287 292  0  5 1.00
287 326  0  5 1.00
287 327  0  5 1.00
288 289  0  5 1.00
288 290  0  5 1.00
288 327  0  5 1.00
288 330  0  5 1.00
288 331  0  5 1.00
289 290  0  5 1.00
289 291  0  5 1.00
289 371  0  5 1.00
290 291  0  5 1.00
290 292  0  5 1.00
291 292  0  5 1.00
291 293  0  5 1.00
292 293  0  5 1.00
292 294  0  5 1.00
292 325  0  5 1.00
293 294  0  5 1.00
293 295  0  5 1.00
293 296  0  5 1.00
293 297  0  5 1.00
294 295  0  5 1.00
294 296  0  5 1.00
294 297  0  5 1.00
294 298  0  5 1.00
295 296  0  5 1.00
295 297  0  5 1.00
295 298  0  5 1.00
295 299  0  5 1.00
296 297  0  5 1.00
296 298  0  5 1.00
296 299  0  5 1.00
296 300  0  5 1.00
297 298  0  5 1.00
297 299  0  5 1.00
297 300  0  5 1.00
297 301  0  5 1.00
298 299  0  5 1.00
298 300  0  5 1.00
298 301  0  5 1.00
298 302  0  5 1.00
299 300  0  5 1.00
299 301  0  5 1.00
299 302  0  5 1.00
299 303  0  5 1.00
300 301  0  5 1.00
300 302  0  5 1.00
300 376  0  5 1.00
300 379  0  5 1.00
300 380  0  5 1.00
301 302  0  5 1.00
301 303  0  5 1.00
301 379  0  5 1.00
301 383  0  5 1.00
302 303  0  5 1.00
302 304  0  5 1.00
303 304  0  5 1.00
303 305  0  5 1.00
303 571  0  5 1.00
303 575  0  5 1.00
304 305  0  5 1.00
304 306  0  5 1.00
304 307  0  5 1.00
305 306  0  5 1.00
305 307  0  5 1.00
306 307  0  5 1.00
306 308  0  5 1.00
307 308  0  5 1.00
307 309  0  5 1.00
307 310  0  5 1.00
307 311  0  5 1.00
307 312  0  5 1.00
308 309  0  5 1.00
308 310  0  5 1.00
308 311  0  5 1.00
308 312  0  5 1.00
308 313  0  5 1.00
309 310  0  5 1.00
309 311  0  5 1.00
309 312  0  5 1.00
309 313  0  5 1.00
310 311  0  5 1.00
310 312  0  5 1.00
310 313  0  5 1.00
310 314  0  5 1.00
311 312  0  5 1.00
311 313  0  5 1.00
311 314  0  5 1.00
311 315  0  5 1.00
312 313  0  5 1.00
312 314  0  5 1.00
312 315  0  5 1.00
312 316  0  5 1.00
313 314  0  5 1.00
313 315  0  5 1.00
313 316  0  5 1.00
313 317  0  5 1.00
314 315  0  5 1.00
314 316  0  5 1.00
314 317  0  5 1.00
314 318  0  5 1.00
315 316  0  5 1.00
315 317  0  5 1.00
315 318  0  5 1.00
315 319  0  5 1.00
316 317  0  5 1.00
316 318  0  5 1.00
316 319  0  5 1.00
316 320  0  5 1.00
317 318  0  5 1.00
317 319  0  5 1.00
317 320  0  5 1.00
317 321  0  5 1.00
318 319  0  5 1.00
318 320  0  5 1.00
318 321  0  5 1.00
318 322  0  5 1.00
319 320  0  5 1.00
319 321  0  5 1.00
319 322  0  5 1.00
319 323  0  5 1.00
320 321  0  5 1.00
320 322  0  5 1.00
320 323  0  5 1.00
321 322  0  5 1.00
321 323  0  5 1.00
321 324  0  5 1.00
321 325  0  5 1.00
322 323  0  5 1.00
322 324  0  5 1.00
323 324  0  5 1.00
323 325  0  5 1.00
324 325  0  5 1.00
324 326  0  5 1.00
325 326  0  5 1.00
325 327  0  5 1.00
326 327  0  5 1.00
326 328  0  5 1.00
326 329  0  5 1.00
326 330  0  5 1.00
326 331  0  5 1.00
327 328  0  5 1.00
327 329  0  5 1.00
327 330  0  5 1.00
327 331  0  5 1.00
327 332  0  5 1.00
328 329  0  5 1.00
328 330  0  5 1.00
328 331  0  5 1.00
328 332  0  5 1.00
329 330  0  5 1.00
329 331  0  5 1.00
329 332  0  5 1.00
329 333  0  5 1.00
330 331  0  5 1.00
330 332  0  5 1.00
330 333  0  5 1.00
330 334  0  5 1.00
331 332  0  5 1.00
331 333  0  5 1.00
331 334  0  5 1.00
331 335  0  5 1.00
331 348  0  5 1.00
331 349  0  5 1.00
331 352  0  5 1.00
332 333  0  5 1.00
332 334  0  5 1.00
332 335  0  5 1.00
332 336  0  5 1.00
333 334  0  5 1.00
333 335  0  5 1.00
333 336  0  5 1.00
333 337  0  5 1.00
334 335  0  5 1.00
334 336  0  5 1.00
334 337  0  5 1.00
334 338  0  5 1.00
335 336  0  5 1.00
335 337  0  5 1.00
335 338  0  5 1.00
335 339  0  5 1.00
335 340  0  5 1.00
335 348  0  5 1.00
335 352  0  5 1.00
336 337  0  5 1.00
336 338  0  5 1.00
336 339  0  5 1.00
336 340  0  5 1.00
337 338  0  5 1.00
337 339  0  5 1.00
338 339  0  5 1.00
338 340  0  5 1.00
339 340  0  5 1.00
339 341  0  5 1.00
340 341  0  5 1.00
340 342  0  5 1.00
341 342  0  5 1.00
341 343  0  5 1.00
342 343  0  5 1.00
342 344  0  5 1.00
343 344  0  5 1.00
343 345  0  5 1.00
344 345  0  5 1.00
344 346  0  5 1.00
344 347  0  5 1.00
345 346  0  5 1.00
345 347  0  5 1.00
345 348  0  5 1.00
345 349  0  5 1.00
345 350  0  5 1.00
346 347  0  5 1.00
346 348  0  5 1.00
346 349  0  5 1.00
346 350  0  5 1.00
346 351  0  5 1.00
347 348  0  5 1.00
347 349  0  5 1.00
347 350  0  5 1.00
347 351  0  5 1.00
347 352  0  5 1.00
348 349  0  5 1.00
348 350  0  5 1.00
348 351  0  5 1.00
348 352  0  5 1.00
349 350  0  5 1.00
349 351  0  5 1.00
349 352  0  5 1.00
349 353  0  5 1.00
349 354  0  5 1.00
350 351  0  5 1.00
350 352  0  5 1.00
350 353  0  5 1.00
350 354  0  5 1.00
350 355  0  5 1.00
351 352  0  5 1.00
351 353  0  5 1.00
351 354  0  5 1.00
351 355  0  5 1.00
352 353  0  5 1.00
352 354  0  5 1.00
352 355  0  5 1.00
352 356  0  5 1.00
352 357  0  5 1.00
353 354  0  5 1.00
353 355  0  5 1.00
353 356  0  5 1.00
353 357  0  5 1.00
353 358  0  5 1.00
354 355  0  5 1.00
354 356  0  5 1.00
354 357  0  5 1.00
354 358  0  5 1.00
354 359  0  5 1.00
355 356  0  5 1.00
355 357  0  5 1.00
355 358  0  5 1.00
355 359  0  5 1.00
355 360  0  5 1.00
356 357  0  5 1.00
356 358  0  5 1.00
356 359  0  5 1.00
356 360  0  5 1.00
357 358  0  5 1.00
357 359  0  5 1.00
357 360  0  5 1.00
357 365  0  5 1.00
357 366  0  5 1.00
357 367  0  5 1.00
358 359  0  5 1.00
358 360  0  5 1.00
358 362  0  5 1.00
358 366  0  5 1.00
359 360  0  5 1.00
359 361  0  5 1.00
359 362  0  5 1.00
360 361  0  5 1.00
360 362  0  5 1.00
361 362  0  5 1.00
361 363  0  5 1.00
361 364  0  5 1.00
361 365  0  5 1.00
362 363  0  5 1.00
362 364  0  5 1.00
362 365  0  5 1.00
362 366  0  5 1.00
363 364  0  5 1.00
363 365  0  5 1.00
364 365  0  5 1.00
364 366  0  5 1.00
365 366  0  5 1.00
365 367  0  5 1.00
366 367  0  5 1.00
366 368  0  5 1.00
367 368  0  5 1.00
367 369  0  5 1.00
368 369  0  5 1.00
368 370  0  5 1.00
368 371  0  5 1.00
369 370  0  5 1.00
369 371  0  5 1.00
370 371  0  5 1.00
370 372  0  5 1.00
370 373  0  5 1.00
370 374  0  5 1.00
370 375  0  5 1.00
371 372  0  5 1.00
371 373  0  5 1.00
371 374  0  5 1.00
371 375  0  5 1.00
372 373  0  5 1.00
372 374  0  5 1.00
372 375  0  5 1.00
372 376  0  5 1.00
373 374  0  5 1.00
373 375  0  5 1.00
373 376  0  5 1.00
373 377  0  5 1.00
374 375  0  5 1.00
374 376  0  5 1.00
374 377  0  5 1.00
374 378  0  5 1.00
374 379  0  5 1.00
375 376  0  5 1.00
375 377  0  5 1.00
375 378  0  5 1.00
375 379  0  5 1.00
376 377  0  5 1.00
376 378  0  5 1.00
376 379  0  5 1.00
376 380  0  5 1.00
377 378  0  5 1.00
377 379  0  5 1.00
377 380  0  5 1.00
377 381  0  5 1.00
377 382  0  5 1.00
378 379  0  5 1.00
378 380  0  5 1.00
378 381  0  5 1.00
378 382  0  5 1.00
379 380  0  5 1.00
379 381  0  5 1.00
379 382  0  5 1.00
379 383  0  5 1.00
380 381  0  5 1.00
380 382  0  5 1.00
380 383  0  5 1.00
380 384  0  5 1.00
381 382  0  5 1.00
381 383  0  5 1.00
381 384  0  5 1.00
381 385  0  5 1.00
381 386  0  5 1.00
382 383  0  5 1.00
382 384  0  5 1.00
382 385  0  5 1.00
382 386  0  5 1.00
383 384  0  5 1.00
383 385  0  5 1.00
383 386  0  5 1.00
383 387  0  5 1.00
384 385  0  5 1.00
384 386  0  5 1.00
384 387  0  5 1.00
384 388  0  5 1.00
385 386  0  5 1.00
385 387  0  5 1.00
385 388  0  5 1.00
385 389  0  5 1.00
386 387  0  5 1.00
386 388  0  5 1.00
386 389  0  5 1.00
386 390  0  5 1.00
387 388  0  5 1.00
387 389  0  5 1.00
387 390  0  5 1.00
387 391  0  5 1.00
387 392  0  5 1.00
387 393  0  5 1.00
388 389  0  5 1.00
388 390  0  5 1.00
388 391  0  5 1.00
388 392  0  5 1.00
388 393  0  5 1.00
389 390  0  5 1.00
389 391  0  5 1.00
390 391  0  5 1.00
390 392  0  5 1.00
391 392  0  5 1.00
391 393  0  5 1.00
392 393  0  5 1.00
392 394  0  5 1.00
393 394  0  5 1.00
393 395  0  5 1.00
394 395  0  5 1.00
394 396  0  5 1.00
395 396  0  5 1.00
395 397  0  5 1.00
396 397  0  5 1.00
396 398  0  5 1.00
397 398  0  5 1.00
397 399  0  5 1.00
397 400  0  5 1.00
398 399  0  5 1.00
398 400  0  5 1.00
399 400  0  5 1.00
399 401  0  5 1.00
400 401  0  5 1.00
400 402  0  5 1.00
400 403  0  5 1.00
400 404  0  5 1.00
401 402  0  5 1.00
401 403  0  5 1.00
401 404  0  5 1.00
402 403  0  5 1.00
402 404  0  5 1.00
402 695  0  5 1.00
402 696  0  5 1.00
403 404  0  5 1.00
403 405  0  5 1.00
404 405  0  5 1.00
404 406  0  5 1.00
404 631  0  5 1.00
404 632  0  5 1.00
405 406  0  5 1.00
405 407  0  5 1.00
405 631  0  5 1.00
406 407  0  5 1.00
406 408  0  5 1.00
406 631  0  5 1.00
407 408  0  5 1.00
407 409  0  5 1.00
408 409  0  5 1.00
408 410  0  5 1.00
408 411  0  5 1.00
408 412  0  5 1.00
408 413  0  5 1.00
409 410  0  5 1.00
409 411  0  5 1.00
409 412  0  5 1.00
409 413  0  5 1.00
410 411  0  5 1.00
410 412  0  5 1.00
410 413  0  5 1.00
410 414  0  5 1.00
411 412  0  5 1.00
411 413  0  5 1.00
411 414  0  5 1.00
411 415  0  5 1.00
412 413  0  5 1.00
412 414  0  5 1.00
412 415  0  5 1.00
412 416  0  5 1.00
412 417  0  5 1.00
413 414  0  5 1.00
413 415  0  5 1.00
413 416  0  5 1.00
413 417  0  5 1.00
413 418  0  5 1.00
414 415  0  5 1.00
414 416  0  5 1.00
414 417  0  5 1.00
414 418  0  5 1.00
414 419  0  5 1.00
415 416  0  5 1.00
415 417  0  5 1.00
415 418  0  5 1.00
415 419  0  5 1.00
415 420  0  5 1.00
416 417  0  5 1.00
416 418  0  5 1.00
416 419  0  5 1.00
416 420  0  5 1.00
416 421  0  5 1.00
417 418  0  5 1.00
417 419  0  5 1.00
417 420  0  5 1.00
417 421  0  5 1.00
417 422  0  5 1.00
418 419  0  5 1.00
418 420  0  5 1.00
418 421  0  5 1.00
418 422  0  5 1.00
419 420  0  5 1.00
419 421  0  5 1.00
419 422  0  5 1.00
419 423  0  5 1.00
420 421  0  5 1.00
420 422  0  5 1.00
420 423  0  5 1.00
420 424  0  5 1.00
421 422  0  5 1.00
421 423  0  5 1.00
421 424  0  5 1.00
421 425  0  5 1.00
422 423  0  5 1.00
422 424  0  5 1.00
422 425  0  5 1.00
422 426  0  5 1.00
423 424  0  5 1.00
423 425  0  5 1.00
423 426  0  5 1.00
423 427  0  5 1.00
424 425  0  5 1.00
424 426  0  5 1.00
424 427  0  5 1.00
424 428  0  5 1.00
425 426  0  5 1.00
425 427  0  5 1.00
425 428  0  5 1.00
425 429  0  5 1.00
426 427  0  5 1.00
426 428  0  5 1.00
426 429  0  5 1.00
426 430  0  5 1.00
427 428  0  5 1.00
427 429  0  5 1.00
427 430  0  5 1.00
427 431  0  5 1.00
428 429  0  5 1.00
428 430  0  5 1.00
428 431  0  5 1.00
428 432  0  5 1.00
428 447  0  5 1.00
429 430  0  5 1.00
429 431  0  5 1.00
429 432  0  5 1.00
429 433  0  5 1.00
430 431  0  5 1.00
430 432  0  5 1.00
430 433  0  5 1.00
430 434  0  5 1.00
431 432  0  5 1.00
431 433  0  5 1.00
431 434  0  5 1.00
431 435  0  5 1.00
432 433  0  5 1.00
432 434  0  5 1.00
432 435  0  5 1.00
432 436  0  5 1.00
433 434  0  5 1.00
433 435  0  5 1.00
433 437  0  5 1.00
434 435  0  5 1.00
434 436  0  5 1.00
434 437  0  5 1.00
435 436  0  5 1.00
435 437  0  5 1.00
436 437  0  5 1.00
446 447  0  5 1.00
446 448  0  5 1.00
447 448  0  5 1.00
447 449  0  5 1.00
448 449  0  5 1.00
448 450  0  5 1.00
449 450  0  5 1.00
449 451  0  5 1.00
449 452  0  5 1.00
449 453  0  5 1.00
450 451  0  5 1.00
450 452  0  5 1.00
450 453  0  5 1.00
450 454  0  5 1.00
451 452  0  5 1.00
451 453  0  5 1.00
451 454  0  5 1.00
451 455  0  5 1.00
451 456  0  5 1.00
452 453  0  5 1.00
452 454  0  5 1.00
452 455  0  5 1.00
452 456  0  5 1.00
452 457  0  5 1.00
453 454  0  5 1.00
453 455  0  5 1.00
453 456  0  5 1.00
453 457  0  5 1.00
454 455  0  5 1.00
454 456  0  5 1.00
454 457  0  5 1.00
454 458  0  5 1.00
455 456  0  5 1.00
455 457  0  5 1.00
455 458  0  5 1.00
455 459  0  5 1.00
456 457  0  5 1.00
456 458  0  5 1.00
456 459  0  5 1.00
456 460  0  5 1.00
457 458  0  5 1.00
457 459  0  5 1.00
457 460  0  5 1.00
457 461  0  5 1.00
457 462  0  5 1.00
458 459  0  5 1.00
458 460  0  5 1.00
458 461  0  5 1.00
458 462  0  5 1.00
458 463  0  5 1.00
459 460  0  5 1.00
459 461  0  5 1.00
459 462  0  5 1.00
459 463  0  5 1.00
459 464  0  5 1.00
459 465  0  5 1.00
460 461  0  5 1.00
460 462  0  5 1.00
460 463  0  5 1.00
460 464  0  5 1.00
460 465  0  5 1.00
460 466  0  5 1.00
461 462  0  5 1.00
461 463  0  5 1.00
462 463  0  5 1.00
462 464  0  5 1.00
463 464  0  5 1.00
463 465  0  5 1.00
463 479  0  5 1.00
463 480  0  5 1.00
464 465  0  5 1.00
464 466  0  5 1.00
464 476  0  5 1.00
464 477  0  5 1.00
464 478  0  5 1.00
464 479  0  5 1.00
464 480  0  5 1.00
465 466  0  5 1.00
465 467  0  5 1.00
465 468  0  5 1.00
465 476  0  5 1.00
465 477  0  5 1.00
465 479  0  5 1.00
466 467  0  5 1.00
466 468  0  5 1.00
466 475  0  5 1.00
466 476  0  5 1.00
467 468  0  5 1.00
467 469  0  5 1.00
467 475  0  5 1.00
468 469  0  5 1.00
468 470  0  5 1.00
469 470  0  5 1.00
469 471  0  5 1.00
469 472  0  5 1.00
470 471  0  5 1.00
470 472  0  5 1.00
471 472  0  5 1.00
471 473  0  5 1.00
472 473  0  5 1.00
472 474  0  5 1.00
473 474  0  5 1.00
473 475  0  5 1.00
474 475  0  5 1.00
474 476  0  5 1.00
475 476  0  5 1.00
475 477  0  5 1.00
476 477  0  5 1.00
476 478  0  5 1.00
476 479  0  5 1.00
477 478  0  5 1.00
477 479  0  5 1.00
478 479  0  5 1.00
478 480  0  5 1.00
478 481  0  5 1.00
479 480  0  5 1.00
479 481  0  5 1.00
480 481  0  5 1.00
480 482  0  5 1.00
481 482  0  5 1.00
481 483  0  5 1.00
482 483  0  5 1.00
482 484  0  5 1.00
483 484  0  5 1.00
483 485  0  5 1.00
484 485  0  5 1.00
484 486  0  5 1.00
484 487  0  5 1.00
484 490  0  5 1.00
484 491  0  5 1.00
485 486  0  5 1.00
485 487  0  5 1.00
486 487  0  5 1.00
486 488  0  5 1.00
486 777  0  5 1.00
486 779  0  5 1.00
486 781  0  5 1.00
486 794  0  5 1.00
487 488  0  5 1.00
487 489  0  5 1.00
487 490  0  5 1.00
487 491  0  5 1.00
487 781  0  5 1.00
488 489  0  5 1.00
488 490  0  5 1.00
488 491  0  5 1.00
488 492  0  5 1.00
488 780  0  5 1.00
488 781  0  5 1.00
489 490  0  5 1.00
489 491  0  5 1.00
489 492  0  5 1.00
489 493  0  5 1.00
490 491  0  5 1.00
490 492  0  5 1.00
490 493  0  5 1.00
490 494  0  5 1.00
491 492  0  5 1.00
491 493  0  5 1.00
491 494  0  5 1.00
491 495  0  5 1.00
492 493  0  5 1.00
492 494  0  5 1.00
492 495  0  5 1.00
492 496  0  5 1.00
493 494  0  5 1.00
493 495  0  5 1.00
493 496  0  5 1.00
493 497  0  5 1.00
494 495  0  5 1.00
494 496  0  5 1.00
494 497  0  5 1.00
495 496  0  5 1.00
495 497  0  5 1.00
496 497  0  5 1.00
496 498  0  5 1.00
496 537  0  5 1.00
496 538  0  5 1.00
496 539  0  5 1.00
497 498  0  5 1.00
497 499  0  5 1.00
497 537  0  5 1.00
497 538  0  5 1.00
498 499  0  5 1.00
498 500  0  5 1.00
498 535  0  5 1.00
498 536  0  5 1.00
498 537  0  5 1.00
498 538  0  5 1.00
499 500  0  5 1.00
499 501  0  5 1.00
499 535  0  5 1.00
499 536  0  5 1.00
500 501  0  5 1.00
500 502  0  5 1.00
500 535  0  5 1.00
501 502  0  5 1.00
510 511  0  5 1.00
510 512  0  5 1.00
510 513  0  5 1.00
511 512  0  5 1.00
511 513  0  5 1.00
511 534  0  5 1.00
512 513  0  5 1.00
512 514  0  5 1.00
512 533  0  5 1.00
512 534  0  5 1.00
512 535  0  5 1.00
513 514  0  5 1.00
513 515  0  5 1.00
514 515  0  5 1.00
514 516  0  5 1.00
515 516  0  5 1.00
515 517  0  5 1.00
515 518  0  5 1.00
515 519  0  5 1.00
516 517  0  5 1.00
516 518  0  5 1.00
516 519  0  5 1.00
517 518  0  5 1.00
517 519  0  5 1.00
518 519  0  5 1.00
518 520  0  5 1.00
518 521  0  5 1.00
518 522  0  5 1.00
519 520  0  5 1.00
519 521  0  5 1.00
519 522  0  5 1.00
520 521  0  5 1.00
520 522  0  5 1.00
520 540  0  5 1.00
520 543  0  5 1.00
520 747  0  5 1.00
520 748  0  5 1.00
521 522  0  5 1.00
521 523  0  5 1.00
521 538  0  5 1.00
521 539  0  5 1.00
521 540  0  5 1.00
522 523  0  5 1.00
522 524  0  5 1.00
522 538  0  5 1.00
522 539  0  5 1.00
522 540  0  5 1.00
522 748  0  5 1.00
523 524  0  5 1.00
523 525  0  5 1.00
523 526  0  5 1.00
523 538  0  5 1.00
523 539  0  5 1.00
523 540  0  5 1.00
523 748  0  5 1.00
523 749  0  5 1.00
523 750  0  5 1.00
524 525  0  5 1.00
524 526  0  5 1.00
524 748  0  5 1.00
525 526  0  5 1.00
525 527  0  5 1.00
525 767  0  5 1.00
525 768  0  5 1.00
526 527  0  5 1.00
526 528  0  5 1.00
526 536  0  5 1.00
526 537  0  5 1.00
526 538  0  5 1.00
526 768  0  5 1.00
526 771  0  5 1.00
527 528  0  5 1.00
527 529  0  5 1.00
527 536  0  5 1.00
527 768  0  5 1.00
528 529  0  5 1.00
528 530  0  5 1.00
528 532  0  5 1.00
528 533  0  5 1.00
528 534  0  5 1.00
528 536  0  5 1.00
529 530  0  5 1.00
529 531  0  5 1.00
530 531  0  5 1.00
530 532  0  5 1.00
530 533  0  5 1.00
531 532  0  5 1.00
531 533  0  5 1.00
532 533  0  5 1.00
532 534  0  5 1.00
532 535  0  5 1.00
532 536  0  5 1.00
533 534  0  5 1.00
533 535  0  5 1.00
533 536  0  5 1.00
534 535  0  5 1.00
534 536  0  5 1.00
534 537  0  5 1.00
535 536  0  5 1.00
535 537  0  5 1.00
536 537  0  5 1.00
536 538  0  5 1.00
537 538  0  5 1.00
537 539  0  5 1.00
538 539  0  5 1.00
538 540  0  5 1.00
539 540  0  5 1.00
539 541  0  5 1.00
539 749  0  5 1.00
539 750  0  5 1.00
539 751  0  5 1.00
540 541  0  5 1.00
540 542  0  5 1.00
540 543  0  5 1.00
540 747  0  5 1.00
540 748  0  5 1.00
540 749  0  5 1.00
540 750  0  5 1.00
541 542  0  5 1.00
541 543  0  5 1.00
541 747  0  5 1.00
541 749  0  5 1.00
541 750  0  5 1.00
542 543  0  5 1.00
542 544  0  5 1.00
542 634  0  5 1.00
542 635  0  5 1.00
542 747  0  5 1.00
543 544  0  5 1.00
543 545  0  5 1.00
543 634  0  5 1.00
543 635  0  5 1.00
544 545  0  5 1.00
544 546  0  5 1.00
544 632  0  5 1.00
544 633  0  5 1.00
544 634  0  5 1.00
545 546  0  5 1.00
545 547  0  5 1.00
545 632  0  5 1.00
545 633  0  5 1.00
546 547  0  5 1.00
546 548  0  5 1.00
546 629  0  5 1.00
546 630  0  5 1.00
546 631  0  5 1.00
546 632  0  5 1.00
546 633  0  5 1.00
547 548  0  5 1.00
547 549  0  5 1.00
547 630  0  5 1.00
547 631  0  5 1.00
548 549  0  5 1.00
548 550  0  5 1.00
548 628  0  5 1.00
548 629  0  5 1.00
548 630  0  5 1.00
549 550  0  5 1.00
549 551  0  5 1.00
549 628  0  5 1.00
550 551  0  5 1.00
550 552  0  5 1.00
550 553  0  5 1.00
550 554  0  5 1.00
551 552  0  5 1.00
551 553  0  5 1.00
551 554  0  5 1.00
551 555  0  5 1.00
552 553  0  5 1.00
552 554  0  5 1.00
552 555  0  5 1.00
552 556  0  5 1.00
552 557  0  5 1.00
553 554  0  5 1.00
553 555  0  5 1.00
553 556  0  5 1.00
553 557  0  5 1.00
554 555  0  5 1.00
554 556  0  5 1.00
554 557  0  5 1.00
554 558  0  5 1.00
555 556  0  5 1.00
555 557  0  5 1.00
555 558  0  5 1.00
555 559  0  5 1.00
556 557  0  5 1.00
556 558  0  5 1.00
556 559  0  5 1.00
556 560  0  5 1.00
557 558  0  5 1.00
557 559  0  5 1.00
557 560  0  5 1.00
557 561  0  5 1.00
558 559  0  5 1.00
558 560  0  5 1.00
558 561  0  5 1.00
558 562  0  5 1.00
558 563  0  5 1.00
559 560  0  5 1.00
559 561  0  5 1.00
559 562  0  5 1.00
559 563  0  5 1.00
560 561  0  5 1.00
560 562  0  5 1.00
561 562  0  5 1.00
561 563  0  5 1.00
562 563  0  5 1.00
562 564  0  5 1.00
562 589  0  5 1.00
562 590  0  5 1.00
562 591  0  5 1.00
563 564  0  5 1.00
563 565  0  5 1.00
563 589  0  5 1.00
563 590  0  5 1.00
564 565  0  5 1.00
564 566  0  5 1.00
564 587  0  5 1.00
564 588  0  5 1.00
564 589  0  5 1.00
564 590  0  5 1.00
565 566  0  5 1.00
565 567  0  5 1.00
565 568  0  5 1.00
565 569  0  5 1.00
565 587  0  5 1.00
565 588  0  5 1.00
566 567  0  5 1.00
566 568  0  5 1.00
566 569  0  5 1.00
566 587  0  5 1.00
566 588  0  5 1.00
566 589  0  5 1.00
567 568  0  5 1.00
567 569  0  5 1.00
568 569  0  5 1.00
568 570  0  5 1.00
569 570  0  5 1.00
569 571  0  5 1.00
570 571  0  5 1.00
570 572  0  5 1.00
570 573  0  5 1.00
570 574  0  5 1.00
571 572  0  5 1.00
571 573  0  5 1.00
571 574  0  5 1.00
571 575  0  5 1.00
572 573  0  5 1.00
572 574  0  5 1.00
572 575  0  5 1.00
573 574  0  5 1.00
573 575  0  5 1.00
574 575  0  5 1.00
574 576  0  5 1.00
574 577  0  5 1.00
575 576  0  5 1.00
575 577  0  5 1.00
576 577  0  5 1.00
576 578  0  5 1.00
577 578  0  5 1.00
577 579  0  5 1.00
577 590  0  5 1.00
577 622  0  5 1.00
578 579  0  5 1.00
578 580  0  5 1.00
578 588  0  5 1.00
578 589  0  5 1.00
578 590  0  5 1.00
578 622  0  5 1.00
579 580  0  5 1.00
579 581  0  5 1.00
579 588  0  5 1.00
579 589  0  5 1.00
579 622  0  5 1.00
579 623  0  5 1.00
579 624  0  5 1.00
580 581  0  5 1.00
580 582  0  5 1.00
580 585  0  5 1.00
580 586  0  5 1.00
580 587  0  5 1.00
580 588  0  5 1.00
580 589  0  5 1.00
580 624  0  5 1.00
581 582  0  5 1.00
581 583  0  5 1.00
581 584  0  5 1.00
581 585  0  5 1.00
581 586  0  5 1.00
581 624  0  5 1.00
581 625  0  5 1.00
581 626  0  5 1.00
582 583  0  5 1.00
582 584  0  5 1.00
582 585  0  5 1.00
582 626  0  5 1.00
583 584  0  5 1.00
583 585  0  5 1.00
583 626  0  5 1.00
583 627  0  5 1.00
584 585  0  5 1.00
584 586  0  5 1.00
584 626  0  5 1.00
585 586  0  5 1.00
585 587  0  5 1.00
586 587  0  5 1.00
586 588  0  5 1.00
587 588  0  5 1.00
587 589  0  5 1.00
588 589  0  5 1.00
588 590  0  5 1.00
589 590  0  5 1.00
589 591  0  5 1.00
590 591  0  5 1.00
590 592  0  5 1.00
591 592  0  5 1.00
591 593  0  5 1.00
592 593  0  5 1.00
592 594  0  5 1.00
592 595  0  5 1.00
592 596  0  5 1.00
593 594  0  5 1.00
593 595  0  5 1.00
593 596  0  5 1.00
593 597  0  5 1.00
593 598  0  5 1.00
594 595  0  5 1.00
594 596  0  5 1.00
594 597  0  5 1.00
594 598  0  5 1.00
595 596  0  5 1.00
595 597  0  5 1.00
595 598  0  5 1.00
595 599  0  5 1.00
595 600  0  5 1.00
596 597  0  5 1.00
596 598  0  5 1.00
596 599  0  5 1.00
596 600  0  5 1.00
597 598  0  5 1.00
597 599  0  5 1.00
597 600  0  5 1.00
597 601  0  5 1.00
598 599  0  5 1.00
598 600  0  5 1.00
598 601  0  5 1.00
598 602  0  5 1.00
599 600  0  5 1.00
599 601  0  5 1.00
599 602  0  5 1.00
599 603  0  5 1.00
600 601  0  5 1.00
600 602  0  5 1.00
600 603  0  5 1.00
600 604  0  5 1.00
601 602  0  5 1.00
601 603  0  5 1.00
601 604  0  5 1.00
601 605  0  5 1.00
602 603  0  5 1.00
602 604  0  5 1.00
602 605  0  5 1.00
602 606  0  5 1.00
603 604  0  5 1.00
603 605  0  5 1.00
603 606  0  5 1.00
603 607  0  5 1.00
603 608  0  5 1.00
603 609  0  5 1.00
604 605  0  5 1.00
604 606  0  5 1.00
604 607  0  5 1.00
604 608  0  5 1.00
604 609  0  5 1.00
605 606  0  5 1.00
605 607  0  5 1.00
605 685  0  5 1.00
605 686  0  5 1.00
605 687  0  5 1.00
605 688  0  5 1.00
606 607  0  5 1.00
606 608  0  5 1.00
606 686  0  5 1.00
607 608  0  5 1.00
607 609  0  5 1.00
607 610  0  5 1.00
608 609  0  5 1.00
608 610  0  5 1.00
609 610  0  5 1.00
609 611  0  5 1.00
610 611  0  5 1.00
610 612  0  5 1.00
610 613  0  5 1.00
611 612  0  5 1.00
611 613  0  5 1.00
611 692  0  5 1.00
612 613  0  5 1.00
612 614  0  5 1.00
612 692  0  5 1.00
613 614  0  5 1.00
613 615  0  5 1.00
613 627  0  5 1.00
613 628  0  5 1.00
614 615  0  5 1.00
614 616  0  5 1.00
614 625  0  5 1.00
614 626  0  5 1.00
614 627  0  5 1.00
615 616  0  5 1.00
615 617  0  5 1.00
615 625  0  5 1.00
615 626  0  5 1.00
615 627  0  5 1.00
616 617  0  5 1.00
616 618  0  5 1.00
616 623  0  5 1.00
616 624  0  5 1.00
616 625  0  5 1.00
616 626  0  5 1.00
617 618  0  5 1.00
617 619  0  5 1.00
617 623  0  5 1.00
617 624  0  5 1.00
618 619  0  5 1.00
618 620  0  5 1.00
618 621  0  5 1.00
618 622  0  5 1.00
618 623  0  5 1.00
619 620  0  5 1.00
619 621  0  5 1.00
619 622  0  5 1.00
619 623  0  5 1.00
620 621  0  5 1.00
620 622  0  5 1.00
621 622  0  5 1.00
621 623  0  5 1.00
622 623  0  5 1.00
622 624  0  5 1.00
623 624  0  5 1.00
623 625  0  5 1.00
624 625  0  5 1.00
624 626  0  5 1.00
625 626  0  5 1.00
625 627  0  5 1.00
626 627  0  5 1.00
626 628  0  5 1.00
627 628  0  5 1.00
627 629  0  5 1.00
628 629  0  5 1.00
628 630  0  5 1.00
629 630  0  5 1.00
629 631  0  5 1.00
629 632  0  5 1.00
630 631  0  5 1.00
630 632  0  5 1.00
631 632  0  5 1.00
631 633  0  5 1.00
632 633  0  5 1.00
632 634  0  5 1.00
633 634  0  5 1.00
633 635  0  5 1.00
633 693  0  5 1.00
633 694  0  5 1.00
633 695  0  5 1.00
634 635  0  5 1.00
634 636  0  5 1.00
634 693  0  5 1.00
634 694  0  5 1.00
635 636  0  5 1.00
635 637  0  5 1.00
635 691  0  5 1.00
635 692  0  5 1.00
635 693  0  5 1.00
635 694  0  5 1.00
636 637  0  5 1.00
636 638  0  5 1.00
636 691  0  5 1.00
636 692  0  5 1.00
636 743  0  5 1.00
637 638  0  5 1.00
637 639  0  5 1.00
637 689  0  5 1.00
637 690  0  5 1.00
637 691  0  5 1.00
637 741  0  5 1.00
638 639  0  5 1.00
638 640  0  5 1.00
638 689  0  5 1.00
638 690  0  5 1.00
638 739  0  5 1.00
638 740  0  5 1.00
638 741  0  5 1.00
638 742  0  5 1.00
639 640  0  5 1.00
639 641  0  5 1.00
639 650  0  5 1.00
639 651  0  5 1.00
639 652  0  5 1.00
639 653  0  5 1.00
639 689  0  5 1.00
639 690  0  5 1.00
639 739  0  5 1.00
639 740  0  5 1.00
639 741  0  5 1.00
640 641  0  5 1.00
640 642  0  5 1.00
640 643  0  5 1.00
640 649  0  5 1.00
640 650  0  5 1.00
640 651  0  5 1.00
640 652  0  5 1.00
640 738  0  5 1.00
640 739  0  5 1.00
640 740  0  5 1.00
641 642  0  5 1.00
641 643  0  5 1.00
641 644  0  5 1.00
641 649  0  5 1.00
641 650  0  5 1.00
641 738  0  5 1.00
641 739  0  5 1.00
642 643  0  5 1.00
642 644  0  5 1.00
642 645  0  5 1.00
642 648  0  5 1.00
642 649  0  5 1.00
642 650  0  5 1.00
643 644  0  5 1.00
643 645  0  5 1.00
644 645  0  5 1.00
644 646  0  5 1.00
644 647  0  5 1.00
644 648  0  5 1.00
645 646  0  5 1.00
645 647  0  5 1.00
646 647  0  5 1.00
646 648  0  5 1.00
647 648  0  5 1.00
647 649  0  5 1.00
648 649  0  5 1.00
648 650  0  5 1.00
649 650  0  5 1.00
649 651  0  5 1.00
650 651  0  5 1.00
650 652  0  5 1.00
651 652  0  5 1.00
651 653  0  5 1.00
651 654  0  5 1.00
652 653  0  5 1.00
652 654  0  5 1.00
653 654  0  5 1.00
653 655  0  5 1.00
654 655  0  5 1.00
654 656  0  5 1.00
654 657  0  5 1.00
654 658  0  5 1.00
655 656  0  5 1.00
655 657  0  5 1.00
655 658  0  5 1.00
655 659  0  5 1.00
656 657  0  5 1.00
656 658  0  5 1.00
656 659  0  5 1.00
656 660  0  5 1.00
656 661  0  5 1.00
657 658  0  5 1.00
657 659  0  5 1.00
657 660  0  5 1.00
657 661  0  5 1.00
658 659  0  5 1.00
658 660  0  5 1.00
658 661  0  5 1.00
658 662  0  5 1.00
658 663  0  5 1.00
659 660  0  5 1.00
659 661  0  5 1.00
659 662  0  5 1.00
659 663  0  5 1.00
660 661  0  5 1.00
660 662  0  5 1.00
660 663  0  5 1.00
660 664  0  5 1.00
660 679  0  5 1.00
661 662  0  5 1.00
661 663  0  5 1.00
661 664  0  5 1.00
661 665  0  5 1.00
661 679  0  5 1.00
662 663  0  5 1.00
662 664  0  5 1.00
662 665  0  5 1.00
662 666  0  5 1.00
663 664  0  5 1.00
663 665  0  5 1.00
663 666  0  5 1.00
663 667  0  5 1.00
664 665  0  5 1.00
664 666  0  5 1.00
664 667  0  5 1.00
664 668  0  5 1.00
664 678  0  5 1.00
665 666  0  5 1.00
665 667  0  5 1.00
665 668  0  5 1.00
666 667  0  5 1.00
666 668  0  5 1.00
667 668  0  5 1.00
678 679  0  5 1.00
678 680  0  5 1.00
679 680  0  5 1.00
679 681  0  5 1.00
680 681  0  5 1.00
680 682  0  5 1.00
680 683  0  5 1.00
680 684  0  5 1.00
681 682  0  5 1.00
681 683  0  5 1.00
681 684  0  5 1.00
681 685  0  5 1.00
682 683  0  5 1.00
682 684  0  5 1.00
682 685  0  5 1.00
682 686  0  5 1.00
683 684  0  5 1.00
683 685  0  5 1.00
683 686  0  5 1.00
683 687  0  5 1.00
684 685  0  5 1.00
684 686  0  5 1.00
684 687  0  5 1.00
684 688  0  5 1.00
684 689  0  5 1.00
684 690  0  5 1.00
685 686  0  5 1.00
685 687  0  5 1.00
685 688  0  5 1.00
685 689  0  5 1.00
685 690  0  5 1.00
686 687  0  5 1.00
686 688  0  5 1.00
687 688  0  5 1.00
687 689  0  5 1.00
688 689  0  5 1.00
688 690  0  5 1.00
689 690  0  5 1.00
689 691  0  5 1.00
690 691  0  5 1.00
690 692  0  5 1.00
691 692  0  5 1.00
691 693  0  5 1.00
692 693  0  5 1.00
692 694  0  5 1.00
693 694  0  5 1.00
693 695  0  5 1.00
694 695  0  5 1.00
694 696  0  5 1.00
694 697  0  5 1.00
694 698  0  5 1.00
695 696  0  5 1.00
695 697  0  5 1.00
695 698  0  5 1.00
695 699  0  5 1.00
696 697  0  5 1.00
696 698  0  5 1.00
696 699  0  5 1.00
696 700  0  5 1.00
697 698  0  5 1.00
697 699  0  5 1.00
697 700  0  5 1.00
697 701  0  5 1.00
698 699  0  5 1.00
698 700  0  5 1.00
698 701  0  5 1.00
699 700  0  5 1.00
699 701  0  5 1.00
700 701  0  5 1.00
700 702  0  5 1.00
701 702  0  5 1.00
701 703  0  5 1.00
702 703  0  5 1.00
702 704  0  5 1.00
702 738  0  5 1.00
702 739  0  5 1.00
702 740  0  5 1.00
703 704  0  5 1.00
703 705  0  5 1.00
703 740  0  5 1.00
703 741  0  5 1.00
704 705  0  5 1.00
704 706  0  5 1.00
704 740  0  5 1.00
704 741  0  5 1.00
704 742  0  5 1.00
705 706  0  5 1.00
705 707  0  5 1.00
705 741  0  5 1.00
705 742  0  5 1.00
706 707  0  5 1.00
706 708  0  5 1.00
706 710  0  5 1.00
707 708  0  5 1.00
707 709  0  5 1.00
707 710  0  5 1.00
707 711  0  5 1.00
708 709  0  5 1.00
708 710  0  5 1.00
708 711  0  5 1.00
709 710  0  5 1.00
709 711  0  5 1.00
709 712  0  5 1.00
710 711  0  5 1.00
710 712  0  5 1.00
710 733  0  5 1.00
711 712  0  5 1.00
711 713  0  5 1.00
712 713  0  5 1.00
712 714  0  5 1.00
713 714  0  5 1.00
713 715  0  5 1.00
714 715  0  5 1.00
722 723  0  5 1.00
722 724  0  5 1.00
723 724  0  5 1.00
723 725  0  5 1.00
724 725  0  5 1.00
724 726  0  5 1.00
724 727  0  5 1.00
725 726  0  5 1.00
725 727  0  5 1.00
726 727  0  5 1.00
726 728  0  5 1.00
727 728  0  5 1.00
727 729  0  5 1.00
728 729  0  5 1.00
728 730  0  5 1.00
729 730  0  5 1.00
729 731  0  5 1.00
730 731  0  5 1.00
730 732  0  5 1.00
731 732  0  5 1.00
731 733  0  5 1.00
732 733  0  5 1.00
732 734  0  5 1.00
733 734  0  5 1.00
733 735  0  5 1.00
734 735  0  5 1.00
734 736  0  5 1.00
735 736  0  5 1.00
735 737  0  5 1.00
736 737  0  5 1.00
736 738  0  5 1.00
737 738  0  5 1.00
737 739  0  5 1.00
738 739  0  5 1.00
738 740  0  5 1.00
739 740  0  5 1.00
739 741  0  5 1.00
740 741  0  5 1.00
740 742  0  5 1.00
741 742  0  5 1.00
741 743  0  5 1.00
742 743  0  5 1.00
742 744  0  5 1.00
743 744  0  5 1.00
743 745  0  5 1.00
744 745  0  5 1.00
744 746  0  5 1.00
744 747  0  5 1.00
744 748  0  5 1.00
745 746  0  5 1.00
745 747  0  5 1.00
745 748  0  5 1.00
745 749  0  5 1.00
746 747  0  5 1.00
746 748  0  5 1.00
746 749  0  5 1.00
747 748  0  5 1.00
747 749  0  5 1.00
748 749  0  5 1.00
748 750  0  5 1.00
749 750  0  5 1.00
749 751  0  5 1.00
750 751  0  5 1.00
750 752  0  5 1.00
750 753  0  5 1.00
750 754  0  5 1.00
751 752  0  5 1.00
751 753  0  5 1.00
751 754  0  5 1.00
751 755  0  5 1.00
752 753  0  5 1.00
752 754  0  5 1.00
752 755  0  5 1.00
752 756  0  5 1.00
753 754  0  5 1.00
753 755  0  5 1.00
753 756  0  5 1.00
754 755  0  5 1.00
754 756  0  5 1.00
754 806  0  5 1.00
754 808  0  5 1.00
754 809  0  5 1.00
755 756  0  5 1.00
755 757  0  5 1.00
756 757  0  5 1.00
756 758  0  5 1.00
756 759  0  5 1.00
756 983  0  5 1.00
757 758  0  5 1.00
757 759  0  5 1.00
757 1024  0  5 1.00
757 1044  0  5 1.00
758 759  0  5 1.00
758 760  0  5 1.00
758 761  0  5 1.00
758 762  0  5 1.00
758 1024  0  5 1.00
758 1044  0  5 1.00
758 1045  0  5 1.00
758 1046  0  5 1.00
759 760  0  5 1.00
759 761  0  5 1.00
759 762  0  5 1.00
760 761  0  5 1.00
760 762  0  5 1.00
761 762  0  5 1.00
761 763  0  5 1.00
761 1021  0  5 1.00
761 1022  0  5 1.00
761 1023  0  5 1.00
761 1024  0  5 1.00
762 763  0  5 1.00
762 764  0  5 1.00
762 1021  0  5 1.00
762 1022  0  5 1.00
762 1023  0  5 1.00
762 1024  0  5 1.00
763 764  0  5 1.00
763 765  0  5 1.00
763 766  0  5 1.00
763 767  0  5 1.00
763 1020  0  5 1.00
763 1021  0  5 1.00
763 1022  0  5 1.00
764 765  0  5 1.00
764 766  0  5 1.00
764 767  0  5 1.00
764 768  0  5 1.00
765 766  0  5 1.00
765 767  0  5 1.00
765 768  0  5 1.00
765 769  0  5 1.00
766 767  0  5 1.00
766 768  0  5 1.00
766 769  0  5 1.00
766 770  0  5 1.00
766 984  0  5 1.00
766 985  0  5 1.00
767 768  0  5 1.00
767 769  0  5 1.00
767 770  0  5 1.00
767 771  0  5 1.00
768 769  0  5 1.00
768 770  0  5 1.00
768 771  0  5 1.00
768 772  0  5 1.00
769 770  0  5 1.00
769 771  0  5 1.00
769 772  0  5 1.00
769 773  0  5 1.00
769 985  0  5 1.00
770 771  0  5 1.00
770 772  0  5 1.00
770 773  0  5 1.00
770 774  0  5 1.00
770 985  0  5 1.00
771 772  0  5 1.00
771 773  0  5 1.00
771 774  0  5 1.00
772 773  0  5 1.00
772 774  0  5 1.00
772 775  0  5 1.00
772 776  0  5 1.00
773 774  0  5 1.00
773 775  0  5 1.00
773 776  0  5 1.00
773 777  0  5 1.00
774 775  0  5 1.00
774 776  0  5 1.00
774 777  0  5 1.00
775 776  0  5 1.00
775 777  0  5 1.00
776 777  0  5 1.00
776 778  0  5 1.00
776 1094  0  5 1.00
776 1095  0  5 1.00
776 1096  0  5 1.00
777 778  0  5 1.00
777 779  0  5 1.00
777 819  0  5 1.00
777 1094  0  5 1.00
777 1095  0  5 1.00
777 1096  0  5 1.00
778 779  0  5 1.00
778 780  0  5 1.00
778 796  0  5 1.00
778 818  0  5 1.00
778 819  0  5 1.00
778 820  0  5 1.00
778 1094  0  5 1.00
778 1095  0  5 1.00
779 780  0  5 1.00
779 781  0  5 1.00
779 794  0  5 1.00
779 795  0  5 1.00
779 796  0  5 1.00
779 818  0  5 1.00
779 819  0  5 1.00
780 781  0  5 1.00
780 782  0  5 1.00
780 817  0  5 1.00
780 818  0  5 1.00
781 782  0  5 1.00
781 783  0  5 1.00
782 783  0  5 1.00
782 784  0  5 1.00
782 785  0  5 1.00
783 784  0  5 1.00
783 785  0  5 1.00
783 786  0  5 1.00
784 785  0  5 1.00
784 786  0  5 1.00
784 787  0  5 1.00
784 788  0  5 1.00
785 786  0  5 1.00
785 787  0  5 1.00
785 788  0  5 1.00
786 787  0  5 1.00
786 788  0  5 1.00
787 788  0  5 1.00
787 789  0  5 1.00
788 789  0  5 1.00
788 790  0  5 1.00
789 790  0  5 1.00
789 791  0  5 1.00
790 791  0  5 1.00
790 792  0  5 1.00
790 793  0  5 1.00
790 857  0  5 1.00
790 858  0  5 1.00
791 792  0  5 1.00
791 793  0  5 1.00
791 856  0  5 1.00
791 857  0  5 1.00
791 858  0  5 1.00
792 793  0  5 1.00
792 794  0  5 1.00
792 856  0  5 1.00
792 857  0  5 1.00
792 858  0  5 1.00
793 794  0  5 1.00
793 795  0  5 1.00
793 854  0  5 1.00
793 855  0  5 1.00
793 856  0  5 1.00
794 795  0  5 1.00
794 796  0  5 1.00
794 854  0  5 1.00
794 855  0  5 1.00
795 796  0  5 1.00
795 797  0  5 1.00
795 852  0  5 1.00
795 853  0  5 1.00
795 854  0  5 1.00
795 855  0  5 1.00
796 797  0  5 1.00
796 798  0  5 1.00
796 799  0  5 1.00
796 852  0  5 1.00
796 853  0  5 1.00
796 854  0  5 1.00
797 798  0  5 1.00
797 799  0  5 1.00
797 852  0  5 1.00
797 853  0  5 1.00
797 854  0  5 1.00
798 799  0  5 1.00
798 800  0  5 1.00
798 820  0  5 1.00
798 852  0  5 1.00
799 800  0  5 1.00
799 801  0  5 1.00
799 820  0  5 1.00
800 801  0  5 1.00
800 802  0  5 1.00
800 818  0  5 1.00
800 820  0  5 1.00
800 821  0  5 1.00
801 802  0  5 1.00
801 803  0  5 1.00
801 815  0  5 1.00
802 803  0  5 1.00
802 804  0  5 1.00
803 804  0  5 1.00
803 805  0  5 1.00
803 1041  0  5 1.00
803 1042  0  5 1.00
804 805  0  5 1.00
804 806  0  5 1.00
804 1042  0  5 1.00
805 806  0  5 1.00
805 807  0  5 1.00
805 1042  0  5 1.00
805 1043  0  5 1.00
805 1044  0  5 1.00
805 1045  0  5 1.00
806 807  0  5 1.00
806 808  0  5 1.00
806 809  0  5 1.00
806 810  0  5 1.00
806 1044  0  5 1.00
806 1045  0  5 1.00
807 808  0  5 1.00
807 809  0  5 1.00
807 810  0  5 1.00
807 811  0  5 1.00
807 1045  0  5 1.00
808 809  0  5 1.00
808 810  0  5 1.00
808 811  0  5 1.00
808 812  0  5 1.00
809 810  0  5 1.00
809 811  0  5 1.00
809 812  0  5 1.00
809 813  0  5 1.00
809 814  0  5 1.00
809 815  0  5 1.00
810 811  0  5 1.00
810 812  0  5 1.00
810 813  0  5 1.00
811 812  0  5 1.00
811 813  0  5 1.00
812 813  0  5 1.00
812 814  0  5 1.00
813 814  0  5 1.00
813 815  0  5 1.00
813 816  0  5 1.00
813 817  0  5 1.00
814 815  0  5 1.00
814 816  0  5 1.00
814 817  0  5 1.00
814 818  0  5 1.00
815 816  0  5 1.00
815 817  0  5 1.00
815 818  0  5 1.00
816 817  0  5 1.00
816 818  0  5 1.00
817 818  0  5 1.00
817 819  0  5 1.00
818 819  0  5 1.00
818 820  0  5 1.00
819 820  0  5 1.00
819 821  0  5 1.00
819 1092  0  5 1.00
819 1093  0  5 1.00
819 1094  0  5 1.00
820 821  0  5 1.00
820 822  0  5 1.00
820 1092  0  5 1.00
820 1093  0  5 1.00
821 822  0  5 1.00
821 823  0  5 1.00
821 1090  0  5 1.00
821 1091  0  5 1.00
821 1092  0  5 1.00
822 823  0  5 1.00
822 824  0  5 1.00
822 1090  0  5 1.00
822 1091  0  5 1.00
822 1092  0  5 1.00
823 824  0  5 1.00
823 825  0  5 1.00
823 1088  0  5 1.00
823 1089  0  5 1.00
823 1090  0  5 1.00
823 1091  0  5 1.00
823 1092  0  5 1.00
824 825  0  5 1.00
824 826  0  5 1.00
824 1008  0  5 1.00
824 1009  0  5 1.00
824 1010  0  5 1.00
824 1088  0  5 1.00
824 1089  0  5 1.00
825 826  0  5 1.00
825 827  0  5 1.00
825 1008  0  5 1.00
825 1009  0  5 1.00
825 1010  0  5 1.00
825 1087  0  5 1.00
825 1088  0  5 1.00
825 1089  0  5 1.00
825 1090  0  5 1.00
826 827  0  5 1.00
826 828  0  5 1.00
826 1010  0  5 1.00
826 1011  0  5 1.00
826 1012  0  5 1.00
826 1086  0  5 1.00
826 1087  0  5 1.00
826 1088  0  5 1.00
827 828  0  5 1.00
827 829  0  5 1.00
827 1011  0  5 1.00
827 1012  0  5 1.00
827 1014  0  5 1.00
827 1085  0  5 1.00
827 1086  0  5 1.00
828 829  0  5 1.00
828 830  0  5 1.00
828 1011  0  5 1.00
828 1012  0  5 1.00
828 1013  0  5 1.00
828 1014  0  5 1.00
829 830  0  5 1.00
829 831  0  5 1.00
830 831  0  5 1.00
830 832  0  5 1.00
830 833  0  5 1.00
830 834  0  5 1.00
831 832  0  5 1.00
831 833  0  5 1.00
832 833  0  5 1.00
832 834  0  5 1.00
832 835  0  5 1.00
833 834  0  5 1.00
833 835  0  5 1.00
833 838  0  5 1.00
833 839  0  5 1.00
833 840  0  5 1.00
833 991  0  5 1.00
833 992  0  5 1.00
834 835  0  5 1.00
834 836  0  5 1.00
834 837  0  5 1.00
834 838  0  5 1.00
834 839  0  5 1.00
834 840  0  5 1.00
834 1011  0  5 1.00
834 1012  0  5 1.00
834 1013  0  5 1.00
835 836  0  5 1.00
835 837  0  5 1.00
835 838  0  5 1.00
836 837  0  5 1.00
836 838  0  5 1.00
837 838  0  5 1.00
837 839  0  5 1.00
837 987  0  5 1.00
837 988  0  5 1.00
837 989  0  5 1.00
838 839  0  5 1.00
838 840  0  5 1.00
838 988  0  5 1.00
838 989  0  5 1.00
838 1011  0  5 1.00
838 1012  0  5 1.00
838 1013  0  5 1.00
839 840  0  5 1.00
839 841  0  5 1.00
839 988  0  5 1.00
839 989  0  5 1.00
839 990  0  5 1.00
839 991  0  5 1.00
839 992  0  5 1.00
839 1011  0  5 1.00
839 1012  0  5 1.00
840 841  0  5 1.00
840 842  0  5 1.00
840 991  0  5 1.00
840 992  0  5 1.00
840 1009  0  5 1.00
840 1010  0  5 1.00
840 1011  0  5 1.00
841 842  0  5 1.00
841 843  0  5 1.00
841 992  0  5 1.00
841 993  0  5 1.00
841 994  0  5 1.00
841 1009  0  5 1.00
841 1010  0  5 1.00
842 843  0  5 1.00
842 844  0  5 1.00
842 845  0  5 1.00
842 846  0  5 1.00
842 994  0  5 1.00
842 1008  0  5 1.00
842 1009  0  5 1.00
842 1010  0  5 1.00
843 844  0  5 1.00
843 845  0  5 1.00
843 846  0  5 1.00
843 847  0  5 1.00
843 993  0  5 1.00
843 994  0  5 1.00
843 995  0  5 1.00
844 845  0  5 1.00
844 846  0  5 1.00
844 847  0  5 1.00
844 848  0  5 1.00
844 994  0  5 1.00
844 995  0  5 1.00
845 846  0  5 1.00
845 847  0  5 1.00
845 848  0  5 1.00
845 849  0  5 1.00
845 850  0  5 1.00
846 847  0  5 1.00
846 848  0  5 1.00
846 849  0  5 1.00
846 850  0  5 1.00
847 848  0  5 1.00
847 849  0  5 1.00
847 850  0  5 1.00
848 849  0  5 1.00
848 850  0  5 1.00
849 850  0  5 1.00
849 851  0  5 1.00
849 852  0  5 1.00
850 851  0  5 1.00
850 852  0  5 1.00
851 852  0  5 1.00
851 853  0  5 1.00
851 972  0  5 1.00
851 974  0  5 1.00
852 853  0  5 1.00
852 854  0  5 1.00
852 972  0  5 1.00
853 854  0  5 1.00
853 855  0  5 1.00
853 970  0  5 1.00
853 971  0  5 1.00
853 972  0  5 1.00
854 855  0  5 1.00
854 856  0  5 1.00
854 970  0  5 1.00
854 971  0  5 1.00
855 856  0  5 1.00
855 857  0  5 1.00
855 968  0  5 1.00
855 969  0  5 1.00
855 970  0  5 1.00
856 857  0  5 1.00
856 858  0  5 1.00
856 968  0  5 1.00
856 969  0  5 1.00
857 858  0  5 1.00
857 859  0  5 1.00
857 966  0  5 1.00
857 967  0  5 1.00
857 968  0  5 1.00
858 859  0  5 1.00
858 860  0  5 1.00
858 966  0  5 1.00
858 967  0  5 1.00
859 860  0  5 1.00
859 861  0  5 1.00
859 964  0  5 1.00
859 965  0  5 1.00
859 966  0  5 1.00
860 861  0  5 1.00
860 862  0  5 1.00
860 964  0  5 1.00
860 965  0  5 1.00
861 862  0  5 1.00
861 863  0  5 1.00
861 962  0  5 1.00
861 963  0  5 1.00
861 964  0  5 1.00
862 863  0  5 1.00
862 864  0  5 1.00
862 962  0  5 1.00
862 963  0  5 1.00
862 964  0  5 1.00
863 864  0  5 1.00
863 865  0  5 1.00
863 961  0  5 1.00
863 962  0  5 1.00
864 865  0  5 1.00
864 866  0  5 1.00
864 870  0  5 1.00
864 871  0  5 1.00
864 872  0  5 1.00
865 866  0  5 1.00
865 867  0  5 1.00
865 870  0  5 1.00
865 871  0  5 1.00
866 867  0  5 1.00
866 868  0  5 1.00
866 869  0  5 1.00
866 870  0  5 1.00
867 868  0  5 1.00
867 869  0  5 1.00
868 869  0  5 1.00
868 870  0  5 1.00
869 870  0  5 1.00
869 871  0  5 1.00
870 871  0  5 1.00
870 872  0  5 1.00
871 872  0  5 1.00
871 873  0  5 1.00
871 915  0  5 1.00
871 917  0  5 1.00
872 873  0  5 1.00
872 874  0  5 1.00
872 915  0  5 1.00
873 874  0  5 1.00
873 875  0  5 1.00
873 913  0  5 1.00
873 914  0  5 1.00
873 915  0  5 1.00
874 875  0  5 1.00
874 876  0  5 1.00
874 895  0  5 1.00
874 896  0  5 1.00
874 897  0  5 1.00
874 913  0  5 1.00
874 914  0  5 1.00
875 876  0  5 1.00
875 877  0  5 1.00
875 895  0  5 1.00
875 896  0  5 1.00
875 897  0  5 1.00
875 913  0  5 1.00
875 914  0  5 1.00
876 877  0  5 1.00
876 878  0  5 1.00
876 894  0  5 1.00
876 895  0  5 1.00
876 897  0  5 1.00
877 878  0  5 1.00
877 879  0  5 1.00
878 879  0  5 1.00
878 880  0  5 1.00
879 880  0  5 1.00
879 881  0  5 1.00
879 882  0  5 1.00
879 883  0  5 1.00
880 881  0  5 1.00
880 882  0  5 1.00
880 933  0  5 1.00
880 934  0  5 1.00
881 882  0  5 1.00
881 883  0  5 1.00
881 933  0  5 1.00
882 883  0  5 1.00
882 884  0  5 1.00
882 933  0  5 1.00
882 934  0  5 1.00
883 884  0  5 1.00
883 885  0  5 1.00
883 934  0  5 1.00
884 885  0  5 1.00
884 886  0  5 1.00
884 934  0  5 1.00
884 935  0  5 1.00
884 936  0  5 1.00
885 886  0  5 1.00
885 887  0  5 1.00
886 887  0  5 1.00
886 888  0  5 1.00
887 888  0  5 1.00
887 889  0  5 1.00
888 889  0  5 1.00
888 890  0  5 1.00
888 908  0  5 1.00
888 909  0  5 1.00
888 910  0  5 1.00
889 890  0  5 1.00
889 891  0  5 1.00
889 892  0  5 1.00
889 909  0  5 1.00
889 910  0  5 1.00
890 891  0  5 1.00
890 892  0  5 1.00
890 893  0  5 1.00
891 892  0  5 1.00
891 893  0  5 1.00
892 893  0  5 1.00
892 894  0  5 1.00
892 898  0  5 1.00
892 899  0  5 1.00
892 900  0  5 1.00
893 894  0  5 1.00
893 895  0  5 1.00
893 898  0  5 1.00
893 899  0  5 1.00
894 895  0  5 1.00
894 896  0  5 1.00
894 897  0  5 1.00
894 898  0  5 1.00
894 899  0  5 1.00
895 896  0  5 1.00
895 897  0  5 1.00
896 897  0  5 1.00
896 898  0  5 1.00
897 898  0  5 1.00
897 899  0  5 1.00
897 911  0  5 1.00
897 912  0  5 1.00
897 913  0  5 1.00
898 899  0  5 1.00
898 900  0  5 1.00
898 911  0  5 1.00
899 900  0  5 1.00
899 901  0  5 1.00
899 911  0  5 1.00
900 901  0  5 1.00
900 902  0  5 1.00
900 903  0  5 1.00
901 902  0  5 1.00
901 903  0  5 1.00
901 949  0  5 1.00
901 950  0  5 1.00
901 951  0  5 1.00
902 903  0  5 1.00
902 904  0  5 1.00
902 949  0  5 1.00
903 904  0  5 1.00
903 905  0  5 1.00
903 947  0  5 1.00
903 948  0  5 1.00
903 949  0  5 1.00
904 905  0  5 1.00
904 906  0  5 1.00
904 947  0  5 1.00
904 948  0  5 1.00
904 949  0  5 1.00
905 906  0  5 1.00
905 907  0  5 1.00
905 946  0  5 1.00
905 947  0  5 1.00
905 948  0  5 1.00
905 949  0  5 1.00
906 907  0  5 1.00
906 908  0  5 1.00
906 945  0  5 1.00
906 946  0  5 1.00
906 947  0  5 1.00
907 908  0  5 1.00
907 909  0  5 1.00
907 941  0  5 1.00
907 942  0  5 1.00
907 943  0  5 1.00
907 945  0  5 1.00
908 909  0  5 1.00
908 910  0  5 1.00
908 940  0  5 1.00
908 941  0  5 1.00
909 910  0  5 1.00
909 911  0  5 1.00
909 939  0  5 1.00
909 940  0  5 1.00
909 941  0  5 1.00
910 911  0  5 1.00
910 912  0  5 1.00
910 939  0  5 1.00
910 940  0  5 1.00
911 912  0  5 1.00
911 913  0  5 1.00
911 939  0  5 1.00
911 940  0  5 1.00
912 913  0  5 1.00
912 914  0  5 1.00
912 938  0  5 1.00
912 939  0  5 1.00
913 914  0  5 1.00
913 915  0  5 1.00
913 938  0  5 1.00
914 915  0  5 1.00
914 916  0  5 1.00
914 935  0  5 1.00
914 936  0  5 1.00
914 937  0  5 1.00
914 938  0  5 1.00
915 916  0  5 1.00
915 917  0  5 1.00
915 935  0  5 1.00
915 936  0  5 1.00
915 937  0  5 1.00
916 917  0  5 1.00
916 933  0  5 1.00
916 934  0  5 1.00
916 935  0  5 1.00
917 933  0  5 1.00
933 934  0  5 1.00
933 935  0  5 1.00
934 935  0  5 1.00
934 936  0  5 1.00
935 936  0  5 1.00
935 937  0  5 1.00
936 937  0  5 1.00
936 938  0  5 1.00
937 938  0  5 1.00
937 939  0  5 1.00
938 939  0  5 1.00
938 940  0  5 1.00
939 940  0  5 1.00
939 941  0  5 1.00
940 941  0  5 1.00
940 942  0  5 1.00
941 942  0  5 1.00
941 943  0  5 1.00
942 943  0  5 1.00
942 944  0  5 1.00
942 945  0  5 1.00
943 944  0  5 1.00
943 945  0  5 1.00
944 945  0  5 1.00
944 946  0  5 1.00
945 946  0  5 1.00
945 947  0  5 1.00
946 947  0  5 1.00
946 948  0  5 1.00
947 948  0  5 1.00
947 949  0  5 1.00
947 969  0  5 1.00
947 970  0  5 1.00
948 949  0  5 1.00
948 950  0  5 1.00
948 967  0  5 1.00
948 968  0  5 1.00
948 969  0  5 1.00
949 950  0  5 1.00
949 951  0  5 1.00
949 967  0  5 1.00
949 968  0  5 1.00
949 969  0  5 1.00
950 951  0  5 1.00
950 952  0  5 1.00
950 967  0  5 1.00
950 968  0  5 1.00
950 969  0  5 1.00
951 952  0  5 1.00
951 953  0  5 1.00
951 965  0  5 1.00
951 966  0  5 1.00
951 967  0  5 1.00
952 953  0  5 1.00
952 954  0  5 1.00
952 965  0  5 1.00
952 966  0  5 1.00
953 954  0  5 1.00
953 955  0  5 1.00
953 963  0  5 1.00
953 964  0  5 1.00
953 965  0  5 1.00
954 955  0  5 1.00
954 956  0  5 1.00
954 963  0  5 1.00
954 964  0  5 1.00
955 956  0  5 1.00
955 957  0  5 1.00
955 961  0  5 1.00
955 962  0  5 1.00
955 963  0  5 1.00
955 964  0  5 1.00
956 957  0  5 1.00
956 958  0  5 1.00
956 961  0  5 1.00
956 963  0  5 1.00
957 958  0  5 1.00
957 959  0  5 1.00
957 960  0  5 1.00
957 961  0  5 1.00
957 963  0  5 1.00
958 959  0  5 1.00
958 960  0  5 1.00
959 960  0  5 1.00
959 961  0  5 1.00
960 961  0  5 1.00
960 962  0  5 1.00
961 962  0  5 1.00
961 963  0  5 1.00
962 963  0  5 1.00
962 964  0  5 1.00
963 964  0  5 1.00
963 965  0  5 1.00
964 965  0  5 1.00
964 966  0  5 1.00
965 966  0  5 1.00
965 967  0  5 1.00
966 967  0  5 1.00
966 968  0  5 1.00
967 968  0  5 1.00
967 969  0  5 1.00
968 969  0  5 1.00
968 970  0  5 1.00
969 970  0  5 1.00
969 971  0  5 1.00
970 971  0  5 1.00
970 972  0  5 1.00
971 972  0  5 1.00
971 973  0  5 1.00
972 973  0  5 1.00
972 974  0  5 1.00
973 974  0  5 1.00
973 975  0  5 1.00
974 975  0  5 1.00
974 976  0  5 1.00
975 976  0  5 1.00
975 977  0  5 1.00
975 978  0  5 1.00
976 977  0  5 1.00
976 978  0  5 1.00
976 989  0  5 1.00
976 990  0  5 1.00
976 991  0  5 1.00
977 978  0  5 1.00
977 979  0  5 1.00
977 989  0  5 1.00
977 990  0  5 1.00
977 1099  0  5 1.00
978 979  0  5 1.00
978 980  0  5 1.00
978 988  0  5 1.00
978 989  0  5 1.00
978 990  0  5 1.00
978 1097  0  5 1.00
978 1098  0  5 1.00
978 1099  0  5 1.00
979 980  0  5 1.00
979 981  0  5 1.00
979 988  0  5 1.00
979 989  0  5 1.00
979 1093  0  5 1.00
979 1094  0  5 1.00
979 1095  0  5 1.00
979 1097  0  5 1.00
980 981  0  5 1.00
980 982  0  5 1.00
980 986  0  5 1.00
980 987  0  5 1.00
980 988  0  5 1.00
980 989  0  5 1.00
980 1093  0  5 1.00
980 1094  0  5 1.00
980 1095  0  5 1.00
981 982  0  5 1.00
981 983  0  5 1.00
981 986  0  5 1.00
981 987  0  5 1.00
981 988  0  5 1.00
981 1091  0  5 1.00
981 1092  0  5 1.00
981 1093  0  5 1.00
982 983  0  5 1.00
982 984  0  5 1.00
982 985  0  5 1.00
982 986  0  5 1.00
982 1091  0  5 1.00
982 1092  0  5 1.00
982 1093  0  5 1.00
983 984  0  5 1.00
983 985  0  5 1.00
983 1091  0  5 1.00
984 985  0  5 1.00
984 986  0  5 1.00
985 986  0  5 1.00
985 987  0  5 1.00
986 987  0  5 1.00
986 988  0  5 1.00
987 988  0  5 1.00
987 989  0  5 1.00
988 989  0  5 1.00
988 990  0  5 1.00
989 990  0  5 1.00
989 991  0  5 1.00
990 991  0  5 1.00
990 992  0  5 1.00
991 992  0  5 1.00
991 993  0  5 1.00
992 993  0  5 1.00
992 994  0  5 1.00
993 994  0  5 1.00
993 995  0  5 1.00
994 995  0  5 1.00
994 996  0  5 1.00
995 996  0  5 1.00
995 997  0  5 1.00
995 998  0  5 1.00
995 999  0  5 1.00
996 997  0  5 1.00
996 998  0  5 1.00
996 999  0  5 1.00
997 998  0  5 1.00
997 999  0  5 1.00
997 1075  0  5 1.00
997 1076  0  5 1.00
998 999  0  5 1.00
998 1000  0  5 1.00
998 1075  0  5 1.00
998 1076  0  5 1.00
999 1000  0  5 1.00
999 1001  0  5 1.00
999 1073  0  5 1.00
999 1075  0  5 1.00
1000 1001  0  5 1.00
1000 1002  0  5 1.00
1000 1006  0  5 1.00
1000 1007  0  5 1.00
1000 1008  0  5 1.00
1000 1073  0  5 1.00
1000 1074  0  5 1.00
1000 1075  0  5 1.00
1001 1002  0  5 1.00
1001 1003  0  5 1.00
1001 1005  0  5 1.00
1001 1006  0  5 1.00
1001 1007  0  5 1.00
1001 1071  0  5 1.00
1001 1072  0  5 1.00
1001 1073  0  5 1.00
1002 1003  0  5 1.00
1002 1004  0  5 1.00
1002 1005  0  5 1.00
1002 1006  0  5 1.00
1002 1071  0  5 1.00
1002 1072  0  5 1.00
1003 1004  0  5 1.00
1003 1005  0  5 1.00
1003 1071  0  5 1.00
1004 1005  0  5 1.00
1004 1006  0  5 1.00
1005 1006  0  5 1.00
1005 1007  0  5 1.00
1006 1007  0  5 1.00
1006 1008  0  5 1.00
1007 1008  0  5 1.00
1007 1009  0  5 1.00
1008 1009  0  5 1.00
1008 1010  0  5 1.00
1009 1010  0  5 1.00
1009 1011  0  5 1.00
1010 1011  0  5 1.00
1010 1012  0  5 1.00
1011 1012  0  5 1.00
1011 1013  0  5 1.00
1012 1013  0  5 1.00
1012 1014  0  5 1.00
1013 1014  0  5 1.00
1013 1015  0  5 1.00
1013 1016  0  5 1.00
1013 1017  0  5 1.00
1014 1015  0  5 1.00
1014 1016  0  5 1.00
1014 1017  0  5 1.00
1014 1018  0  5 1.00
1015 1016  0  5 1.00
1015 1017  0  5 1.00
1015 1018  0  5 1.00
1015 1019  0  5 1.00
1016 1017  0  5 1.00
1016 1018  0  5 1.00
1016 1020  0  5 1.00
1017 1018  0  5 1.00
1017 1019  0  5 1.00
1017 1020  0  5 1.00
1017 1021  0  5 1.00
1017 1022  0  5 1.00
1018 1019  0  5 1.00
1018 1020  0  5 1.00
1018 1021  0  5 1.00
1019 1020  0  5 1.00
1019 1021  0  5 1.00
1020 1021  0  5 1.00
1020 1022  0  5 1.00
1021 1022  0  5 1.00
1021 1023  0  5 1.00
1022 1023  0  5 1.00
1022 1024  0  5 1.00
1022 1025  0  5 1.00
1022 1026  0  5 1.00
1023 1024  0  5 1.00
1023 1025  0  5 1.00
1023 1026  0  5 1.00
1023 1027  0  5 1.00
1024 1025  0  5 1.00
1024 1026  0  5 1.00
1024 1027  0  5 1.00
1024 1028  0  5 1.00
1025 1026  0  5 1.00
1025 1027  0  5 1.00
1025 1028  0  5 1.00
1025 1029  0  5 1.00
1026 1027  0  5 1.00
1026 1028  0  5 1.00
1026 1029  0  5 1.00
1026 1030  0  5 1.00
1027 1028  0  5 1.00
1027 1029  0  5 1.00
1027 1030  0  5 1.00
1027 1031  0  5 1.00
1027 1032  0  5 1.00
1028 1029  0  5 1.00
1028 1030  0  5 1.00
1028 1031  0  5 1.00
1028 1032  0  5 1.00
1028 1033  0  5 1.00
1028 1089  0  5 1.00
1029 1030  0  5 1.00
1029 1031  0  5 1.00
1029 1032  0  5 1.00
1029 1033  0  5 1.00
1029 1034  0  5 1.00
1029 1088  0  5 1.00
1029 1089  0  5 1.00
1030 1031  0  5 1.00
1030 1032  0  5 1.00
1030 1033  0  5 1.00
1030 1034  0  5 1.00
1031 1032  0  5 1.00
1031 1033  0  5 1.00
1031 1034  0  5 1.00
1031 1035  0  5 1.00
1031 1042  0  5 1.00
1032 1033  0  5 1.00
1032 1034  0  5 1.00
1032 1035  0  5 1.00
1032 1036  0  5 1.00
1032 1089  0  5 1.00
1033 1034  0  5 1.00
1033 1035  0  5 1.00
1033 1036  0  5 1.00
1033 1037  0  5 1.00
1033 1089  0  5 1.00
1034 1035  0  5 1.00
1034 1036  0  5 1.00
1034 1037  0  5 1.00
1034 1038  0  5 1.00
1034 1039  0  5 1.00
1035 1036  0  5 1.00
1035 1037  0  5 1.00
1035 1038  0  5 1.00
1035 1039  0  5 1.00
1035 1040  0  5 1.00
1035 1042  0  5 1.00
1036 1037  0  5 1.00
1036 1038  0  5 1.00
1036 1039  0  5 1.00
1037 1038  0  5 1.00
1037 1039  0  5 1.00
1038 1039  0  5 1.00
1038 1040  0  5 1.00
1039 1040  0  5 1.00
1039 1041  0  5 1.00
1040 1041  0  5 1.00
1040 1042  0  5 1.00
1041 1042  0  5 1.00
1041 1043  0  5 1.00
1042 1043  0  5 1.00
1042 1044  0  5 1.00
1043 1044  0  5 1.00
1043 1045  0  5 1.00
1044 1045  0  5 1.00
1044 1046  0  5 1.00
1045 1046  0  5 1.00
1045 1047  0  5 1.00
1045 1048  0  5 1.00
1046 1047  0  5 1.00
1046 1048  0  5 1.00
1047 1048  0  5 1.00
1047 1049  0  5 1.00
1048 1049  0  5 1.00
1048 1050  0  5 1.00
1049 1050  0  5 1.00
1049 1051  0  5 1.00
1050 1051  0  5 1.00
1050 1052  0  5 1.00
1051 1052  0  5 1.00
1051 1053  0  5 1.00
1051 1054  0  5 1.00
1051 1055  0  5 1.00
1052 1053  0  5 1.00
1052 1054  0  5 1.00
1052 1055  0  5 1.00
1052 1056  0  5 1.00
1053 1054  0  5 1.00
1053 1055  0  5 1.00
1053 1056  0  5 1.00
1053 1057  0  5 1.00
1054 1055  0  5 1.00
1054 1056  0  5 1.00
1054 1057  0  5 1.00
1054 1058  0  5 1.00
1055 1056  0  5 1.00
1055 1057  0  5 1.00
1055 1058  0  5 1.00
1055 1059  0  5 1.00
1055 1060  0  5 1.00
1056 1057  0  5 1.00
1056 1058  0  5 1.00
1056 1059  0  5 1.00
1056 1060  0  5 1.00
1056 1061  0  5 1.00
1056 1066  0  5 1.00
1057 1058  0  5 1.00
1057 1059  0  5 1.00
1057 1060  0  5 1.00
1057 1061  0  5 1.00
1058 1059  0  5 1.00
1058 1060  0  5 1.00
1058 1061  0  5 1.00
1058 1062  0  5 1.00
1059 1060  0  5 1.00
1059 1061  0  5 1.00
1059 1062  0  5 1.00
1059 1063  0  5 1.00
1059 1064  0  5 1.00
1059 1065  0  5 1.00
1060 1061  0  5 1.00
1060 1062  0  5 1.00
1060 1063  0  5 1.00
1060 1064  0  5 1.00
1060 1066  0  5 1.00
1061 1062  0  5 1.00
1061 1063  0  5 1.00
1062 1063  0  5 1.00
1062 1064  0  5 1.00
1063 1064  0  5 1.00
1063 1065  0  5 1.00
1064 1065  0  5 1.00
1064 1066  0  5 1.00
1065 1066  0  5 1.00
1065 1067  0  5 1.00
1065 1068  0  5 1.00
1065 1069  0  5 1.00
1066 1067  0  5 1.00
1066 1068  0  5 1.00
1067 1068  0  5 1.00
1067 1069  0  5 1.00
1068 1069  0  5 1.00
1068 1070  0  5 1.00
1068 1085  0  5 1.00
1068 1086  0  5 1.00
1068 1087  0  5 1.00
1069 1070  0  5 1.00
1069 1071  0  5 1.00
1069 1085  0  5 1.00
1069 1086  0  5 1.00
1069 1087  0  5 1.00
1070 1071  0  5 1.00
1070 1072  0  5 1.00
1070 1084  0  5 1.00
1070 1085  0  5 1.00
1071 1072  0  5 1.00
1071 1073  0  5 1.00
1071 1084  0  5 1.00
1072 1073  0  5 1.00
1072 1074  0  5 1.00
1072 1079  0  5 1.00
1072 1080  0  5 1.00
1072 1081  0  5 1.00
1073 1074  0  5 1.00
1073 1075  0  5 1.00
1073 1078  0  5 1.00
1073 1079  0  5 1.00
1073 1080  0  5 1.00
1073 1081  0  5 1.00
1074 1075  0  5 1.00
1074 1076  0  5 1.00
1074 1077  0  5 1.00
1074 1078  0  5 1.00
1074 1079  0  5 1.00
1074 1080  0  5 1.00
1074 1081  0  5 1.00
1075 1076  0  5 1.00
1075 1077  0  5 1.00
1075 1078  0  5 1.00
1076 1077  0  5 1.00
1076 1078  0  5 1.00
1077 1078  0  5 1.00
1077 1079  0  5 1.00
1078 1079  0  5 1.00
1078 1080  0  5 1.00
1079 1080  0  5 1.00
1079 1081  0  5 1.00
1080 1081  0  5 1.00
1080 1082  0  5 1.00
1081 1082  0  5 1.00
1081 1083  0  5 1.00
1081 1084  0  5 1.00
1082 1083  0  5 1.00
1082 1084  0  5 1.00
1083 1084  0  5 1.00
1083 1085  0  5 1.00
1084 1085  0  5 1.00
1084 1086  0  5 1.00
1085 1086  0  5 1.00
1085 1087  0  5 1.00
1086 1087  0  5 1.00
1086 1088  0  5 1.00
1087 1088  0  5 1.00
1087 1089  0  5 1.00
1088 1089  0  5 1.00
1088 1090  0  5 1.00
1089 1090  0  5 1.00
1089 1091  0  5 1.00
1090 1091  0  5 1.00
1090 1092  0  5 1.00
1091 1092  0  5 1.00
1091 1093  0  5 1.00
1092 1093  0  5 1.00
1092 1094  0  5 1.00
1093 1094  0  5 1.00
1093 1095  0  5 1.00
1094 1095  0  5 1.00
1094 1096  0  5 1.00
1095 1096  0  5 1.00
1095 1097  0  5 1.00
1096 1097  0  5 1.00
1096 1098  0  5 1.00
1097 1098  0  5 1.00
1097 1099  0  5 1.00
1098 1099  0  5 1.00
1098 1100  0  5 1.00
1098 1101  0  5 1.00
1098 1102  0  5 1.00
1099 1100  0  5 1.00
1099 1101  0  5 1.00
1099 1102  0  5 1.00
1099 1103  0  5 1.00
1100 1101  0  5 1.00
1100 1102  0  5 1.00
1100 1103  0  5 1.00
1101 1102  0  5 1.00
1101 1103  0  5 1.00
1102 1103  0  5 1.00
1102 1104  0  5 1.00
1103 1104  0  5 1.00
1103 1105  0  5 1.00
1104 1105  0  5 1.00
1104 1106  0  5 1.00
1105 1106  0  5 1.00
1105 1107  0  5 1.00
1106 1107  0  5 1.00
1106 1108  0  5 1.00
1106 1126  0  5 1.00
1107 1108  0  5 1.00
1107 1109  0  5 1.00
1108 1109  0  5 1.00
1108 1110  0  5 1.00
1109 1110  0  5 1.00
1109 1111  0  5 1.00
1110 1111  0  5 1.00
1110 1112  0  5 1.00
1110 1117  0  5 1.00
1110 1118  0  5 1.00
1110 1119  0  5 1.00
1111 1112  0  5 1.00
1111 1113  0  5 1.00
1111 1116  0  5 1.00
1111 1117  0  5 1.00
1111 1118  0  5 1.00
1111 1119  0  5 1.00
1112 1113  0  5 1.00
1112 1114  0  5 1.00
1112 1115  0  5 1.00
1112 1116  0  5 1.00
1112 1117  0  5 1.00
1112 1118  0  5 1.00
1112 1119  0  5 1.00
1113 1114  0  5 1.00
1113 1115  0  5 1.00
1113 1116  0  5 1.00
1114 1115  0  5 1.00
1114 1116  0  5 1.00
1115 1116  0  5 1.00
1115 1117  0  5 1.00
1115 1198  0  5 1.00
1115 1199  0  5 1.00
1116 1117  0  5 1.00
1116 1118  0  5 1.00
1116 1155  0  5 1.00
1116 1156  0  5 1.00
1117 1118  0  5 1.00
1117 1119  0  5 1.00
1118 1119  0  5 1.00
1118 1120  0  5 1.00
1119 1120  0  5 1.00
1119 1121  0  5 1.00
1119 1126  0  5 1.00
1119 1127  0  5 1.00
1120 1121  0  5 1.00
1120 1122  0  5 1.00
1120 1124  0  5 1.00
1120 1126  0  5 1.00
1120 1127  0  5 1.00
1121 1122  0  5 1.00
1121 1123  0  5 1.00
1121 1124  0  5 1.00
1121 1125  0  5 1.00
1121 1126  0  5 1.00
1122 1123  0  5 1.00
1122 1124  0  5 1.00
1122 1125  0  5 1.00
1122 1126  0  5 1.00
1123 1124  0  5 1.00
1123 1125  0  5 1.00
1124 1125  0  5 1.00
1124 1126  0  5 1.00
1125 1126  0  5 1.00
1125 1127  0  5 1.00
1126 1127  0  5 1.00
1126 1128  0  5 1.00
1127 1128  0  5 1.00
1127 1129  0  5 1.00
1128 1129  0  5 1.00
1128 1130  0  5 1.00
1129 1130  0  5 1.00
1129 1131  0  5 1.00
1130 1131  0  5 1.00
1130 1132  0  5 1.00
1130 1134  0  5 1.00
1130 1135  0  5 1.00
1131 1132  0  5 1.00
1131 1133  0  5 1.00
1131 1134  0  5 1.00
1131 1135  0  5 1.00
1132 1133  0  5 1.00
1132 1134  0  5 1.00
1132 1135  0  5 1.00
1132 1136  0  5 1.00
1133 1134  0  5 1.00
1133 1135  0  5 1.00
1133 1136  0  5 1.00
1133 1137  0  5 1.00
1134 1135  0  5 1.00
1134 1136  0  5 1.00
1134 1137  0  5 1.00
1134 1138  0  5 1.00
1135 1136  0  5 1.00
1135 1137  0  5 1.00
1135 1138  0  5 1.00
1135 1139  0  5 1.00
1135 1140  0  5 1.00
1136 1137  0  5 1.00
1136 1138  0  5 1.00
1136 1139  0  5 1.00
1136 1140  0  5 1.00
1137 1138  0  5 1.00
1137 1139  0  5 1.00
1137 1140  0  5 1.00
1137 1141  0  5 1.00
1137 1142  0  5 1.00
1138 1139  0  5 1.00
1138 1140  0  5 1.00
1138 1141  0  5 1.00
1138 1142  0  5 1.00
1138 1143  0  5 1.00
1139 1140  0  5 1.00
1139 1141  0  5 1.00
1139 1142  0  5 1.00
1140 1141  0  5 1.00
1140 1142  0  5 1.00
1141 1142  0  5 1.00
1141 1143  0  5 1.00
1142 1143  0  5 1.00
1142 1144  0  5 1.00
1143 1144  0  5 1.00
1143 1145  0  5 1.00
1143 1146  0  5 1.00
1143 1147  0  5 1.00
1144 1145  0  5 1.00
1144 1146  0  5 1.00
1144 1147  0  5 1.00
1144 1148  0  5 1.00
1144 1149  0  5 1.00
1145 1146  0  5 1.00
1145 1147  0  5 1.00
1145 1148  0  5 1.00
1145 1149  0  5 1.00
1146 1147  0  5 1.00
1146 1148  0  5 1.00
1146 1149  0  5 1.00
1146 1150  0  5 1.00
1147 1148  0  5 1.00
1147 1149  0  5 1.00
1147 1150  0  5 1.00
1147 1151  0  5 1.00
1147 1152  0  5 1.00
1148 1149  0  5 1.00
1148 1150  0  5 1.00
1148 1151  0  5 1.00
1148 1152  0  5 1.00
1148 1153  0  5 1.00
1149 1150  0  5 1.00
1149 1151  0  5 1.00
1149 1152  0  5 1.00
1149 1153  0  5 1.00
1149 1154  0  5 1.00
1150 1151  0  5 1.00
1150 1152  0  5 1.00
1150 1153  0  5 1.00
1150 1154  0  5 1.00
1150 1155  0  5 1.00
1151 1152  0  5 1.00
1151 1153  0  5 1.00
1151 1155  0  5 1.00
1151 1156  0  5 1.00
1151 1157  0  5 1.00
1152 1153  0  5 1.00
1152 1154  0  5 1.00
1152 1155  0  5 1.00
1152 1156  0  5 1.00
1152 1157  0  5 1.00
1153 1154  0  5 1.00
1153 1155  0  5 1.00
1154 1155  0  5 1.00
1154 1156  0  5 1.00
1155 1156  0  5 1.00
1155 1157  0  5 1.00
1156 1157  0  5 1.00
1156 1158  0  5 1.00
1156 1197  0  5 1.00
1156 1198  0  5 1.00
1157 1158  0  5 1.00
1157 1159  0  5 1.00
1157 1196  0  5 1.00
1157 1197  0  5 1.00
1157 1198  0  5 1.00
1158 1159  0  5 1.00
1158 1160  0  5 1.00
1158 1194  0  5 1.00
1158 1195  0  5 1.00
1158 1196  0  5 1.00
1158 1197  0  5 1.00
1158 1198  0  5 1.00
1159 1160  0  5 1.00
1159 1161  0  5 1.00
1159 1194  0  5 1.00
1159 1195  0  5 1.00
1159 1196  0  5 1.00
1160 1161  0  5 1.00
1160 1162  0  5 1.00
1160 1192  0  5 1.00
1160 1193  0  5 1.00
1160 1194  0  5 1.00
1161 1162  0  5 1.00
1161 1163  0  5 1.00
1161 1168  0  5 1.00
1161 1169  0  5 1.00
1161 1171  0  5 1.00
1161 1192  0  5 1.00
1161 1193  0  5 1.00
1162 1163  0  5 1.00
1162 1164  0  5 1.00
1162 1168  0  5 1.00
1162 1169  0  5 1.00
1162 1190  0  5 1.00
1162 1191  0  5 1.00
1162 1192  0  5 1.00
1162 1193  0  5 1.00
1163 1164  0  5 1.00
1163 1165  0  5 1.00
1163 1166  0  5 1.00
1163 1167  0  5 1.00
1163 1168  0  5 1.00
1163 1190  0  5 1.00
1163 1191  0  5 1.00
1163 1216  0  5 1.00
1164 1165  0  5 1.00
1164 1166  0  5 1.00
1164 1190  0  5 1.00
1164 1191  0  5 1.00
1164 1192  0  5 1.00
1165 1166  0  5 1.00
1165 1167  0  5 1.00
1165 1190  0  5 1.00
1166 1167  0  5 1.00
1166 1168  0  5 1.00
1167 1168  0  5 1.00
1167 1169  0  5 1.00
1167 1214  0  5 1.00
1167 1215  0  5 1.00
1167 1216  0  5 1.00
1168 1169  0  5 1.00
1168 1170  0  5 1.00
1168 1214  0  5 1.00
1168 1216  0  5 1.00
1169 1170  0  5 1.00
1169 1171  0  5 1.00
1170 1171  0  5 1.00
1170 1172  0  5 1.00
1171 1172  0  5 1.00
1171 1173  0  5 1.00
1171 1180  0  5 1.00
1171 1181  0  5 1.00
1171 1182  0  5 1.00
1172 1173  0  5 1.00
1172 1174  0  5 1.00
1172 1179  0  5 1.00
1172 1180  0  5 1.00
1172 1181  0  5 1.00
1172 1182  0  5 1.00
1173 1174  0  5 1.00
1173 1175  0  5 1.00
1173 1179  0  5 1.00
1173 1180  0  5 1.00
1174 1175  0  5 1.00
1174 1176  0  5 1.00
1174 1177  0  5 1.00
1174 1179  0  5 1.00
1175 1176  0  5 1.00
1175 1177  0  5 1.00
1175 1178  0  5 1.00
1175 1179  0  5 1.00
1176 1177  0  5 1.00
1176 1178  0  5 1.00
1177 1178  0  5 1.00
1177 1179  0  5 1.00
1178 1179  0  5 1.00
1178 1180  0  5 1.00
1179 1180  0  5 1.00
1179 1181  0  5 1.00
1180 1181  0  5 1.00
1180 1182  0  5 1.00
1180 1188  0  5 1.00
1181 1182  0  5 1.00
1181 1183  0  5 1.00
1181 1187  0  5 1.00
1181 1188  0  5 1.00
1182 1183  0  5 1.00
1182 1184  0  5 1.00
1182 1185  0  5 1.00
1182 1186  0  5 1.00
1182 1187  0  5 1.00
1183 1184  0  5 1.00
1183 1185  0  5 1.00
1183 1186  0  5 1.00
1183 1187  0  5 1.00
1184 1185  0  5 1.00
1184 1186  0  5 1.00
1185 1186  0  5 1.00
1185 1187  0  5 1.00
1186 1187  0  5 1.00
1186 1188  0  5 1.00
1187 1188  0  5 1.00
1187 1189  0  5 1.00
1188 1189  0  5 1.00
1188 1190  0  5 1.00
1189 1190  0  5 1.00
1189 1191  0  5 1.00
1190 1191  0  5 1.00
1190 1192  0  5 1.00
1191 1192  0  5 1.00
1191 1193  0  5 1.00
1192 1193  0  5 1.00
1192 1194  0  5 1.00
1193 1194  0  5 1.00
1193 1195  0  5 1.00
1194 1195  0  5 1.00
1194 1196  0  5 1.00
1195 1196  0  5 1.00
1195 1197  0  5 1.00
1196 1197  0  5 1.00
1196 1198  0  5 1.00
1197 1198  0  5 1.00
1197 1199  0  5 1.00
1197 1200  0  5 1.00
1197 1201  0  5 1.00
1198 1199  0  5 1.00
1198 1200  0  5 1.00
1198 1201  0  5 1.00
1198 1202  0  5 1.00
1198 1203  0  5 1.00
1199 1200  0  5 1.00
1199 1201  0  5 1.00
1199 1202  0  5 1.00
1199 1203  0  5 1.00
1200 1201  0  5 1.00
1200 1202  0  5 1.00
1200 1203  0  5 1.00
1200 1204  0  5 1.00
1200 1205  0  5 1.00
1201 1202  0  5 1.00
1201 1203  0  5 1.00
1201 1204  0  5 1.00
1201 1205  0  5 1.00
1202 1203  0  5 1.00
1202 1204  0  5 1.00
1202 1205  0  5 1.00
1202 1206  0  5 1.00
1202 1207  0  5 1.00
1203 1204  0  5 1.00
1203 1205  0  5 1.00
1203 1206  0  5 1.00
1203 1207  0  5 1.00
1204 1205  0  5 1.00
1204 1206  0  5 1.00
1204 1207  0  5 1.00
1204 1208  0  5 1.00
1205 1206  0  5 1.00
1205 1207  0  5 1.00
1205 1208  0  5 1.00
1205 1209  0  5 1.00
1206 1207  0  5 1.00
1206 1208  0  5 1.00
1206 1209  0  5 1.00
1206 1210  0  5 1.00
1207 1208  0  5 1.00
1207 1209  0  5 1.00
1207 1210  0  5 1.00
1207 1211  0  5 1.00
1207 1212  0  5 1.00
1208 1209  0  5 1.00
1208 1210  0  5 1.00
1208 1211  0  5 1.00
1208 1212  0  5 1.00
1209 1210  0  5 1.00
1209 1211  0  5 1.00
1210 1211  0  5 1.00
1210 1212  0  5 1.00
1211 1212  0  5 1.00
1211 1213  0  5 1.00
1212 1213  0  5 1.00
1212 1214  0  5 1.00
1213 1214  0  5 1.00
1213 1215  0  5 1.00
1214 1215  0  5 1.00
1214 1216  0  5 1.00
1215 1216  0  5 1.00
1215 1217  0  5 1.00
1216 1217  0  5 1.00
1216 1218  0  5 1.00
1217 1218  0  5 1.00
1217 1219  0  5 1.00
1218 1219  0  5 1.00
1218 1220  0  5 1.00
1219 1220  0  5 1.00
1219 1221  0  5 1.00
1220 1221  0  5 1.00
1220 1222  0  5 1.00
1220 1223  0  5 1.00
1221 1222  0  5 1.00
1221 1223  0  5 1.00
1222 1223  0  5 1.00
1222 1224  0  5 1.00
1223 1224  0  5 1.00
END
HELX_P HELX_P56  56  ASP C 29   ? GLY C 42   ? ASP B 29   GLY B 42   1 ? 14 
HELX_P HELX_P57  57  VAL C 44   ? TYR C 57   ? VAL B 44   TYR B 57   1 ? 14 
HELX_P HELX_P58  58  TYR C 57   ? CYS C 64   ? TYR B 57   CYS B 64   1 ? 8  
HELX_P HELX_P59  59  TYR C 113  ? ARG C 120  ? TYR B 113  ARG B 120  1 ? 8  
HELX_P HELX_P60  60  CYS C 179  ? GLU C 183  ? CYS B 179  GLU B 183  5 ? 5  
HELX_P HELX_P61  61  THR C 185  ? LYS C 191  ? THR B 185  LYS B 191  1 ? 7  
HELX_P HELX_P62  62  ILE C 282  ? ALA C 288  ? ILE B 282  ALA B 288  1 ? 7  
HELX_P HELX_P63  63  GLY C 295  ? CYS C 302  ? GLY B 295  CYS B 302  1 ? 8  
HELX_P HELX_P64  64  ASP C 307  ? GLY C 321  ? ASP B 307  GLY B 321  1 ? 15 
HELX_P HELX_P65  65  PHE C 322  ? ILE C 324  ? PHE B 322  ILE B 324  5 ? 3  
HELX_P HELX_P66  66  ASP C 326  ? THR C 339  ? ASP B 326  THR B 339  1 ? 14 
HELX_P HELX_P67  67  LYS C 345  ? LYS C 358  ? LYS B 345  LYS B 358  1 ? 14 
HELX_P HELX_P68  68  PHE C 370  ? LEU C 390  ? PHE B 370  LEU B 390  1 ? 21 
HELX_P HELX_P69  69  HIS C 400  ? GLY C 402  ? HIS B 400  GLY B 402  5 ? 3  
HELX_P HELX_P70  70  LEU C 408  ? VAL C 436  ? LEU B 408  VAL B 436  1 ? 29 
HELX_P HELX_P71  71  ALA C 450  ? GLY C 464  ? ALA B 450  GLY B 464  1 ? 15 
HELX_P HELX_P72  72  THR C 487  ? ARG C 496  ? THR B 487  ARG B 496  1 ? 10 
HELX_P HELX_P73  73  HIS C 515  ? TRP C 519  ? HIS B 515  TRP B 519  5 ? 5  
HELX_P HELX_P74  74  PRO C 551  ? GLU C 560  ? PRO B 551  GLU B 560  1 ? 10 
HELX_P HELX_P75  75  PRO C 565  ? TYR C 569  ? PRO B 565  TYR B 569  5 ? 5  
HELX_P HELX_P76  76  PRO C 593  ? ARG C 605  ? PRO B 593  ARG B 605  1 ? 13 
HELX_P HELX_P77  77  ARG C 654  ? LYS C 660  ? ARG B 654  LYS B 660  1 ? 7  
HELX_P HELX_P78  78  LEU C 661  ? GLN C 667  ? LEU B 661  GLN B 667  1 ? 7  
HELX_P HELX_P79  79  THR C 680  ? ASN C 686  ? THR B 680  ASN B 686  1 ? 7  
HELX_P HELX_P80  80  GLU C 696  ? ILE C 701  ? GLU B 696  ILE B 701  5 ? 6  
HELX_P HELX_P81  81  HIS C 744  ? LEU C 749  ? HIS B 744  LEU B 749  5 ? 6  
HELX_P HELX_P82  82  ALA C 752  ? ILE C 756  ? ALA B 752  ILE B 756  5 ? 5  
HELX_P HELX_P83  83  GLN C 763  ? GLY C 774  ? GLN B 763  GLY B 774  1 ? 12 
HELX_P HELX_P84  84  LYS C 775  ? ALA C 777  ? LYS B 775  ALA B 777  5 ? 3  
HELX_P HELX_P85  85  THR C 783  ? ARG C 788  ? THR B 783  ARG B 788  5 ? 6  
HELX_P HELX_P86  86  THR C 806  ? LEU C 812  ? THR B 806  LEU B 812  5 ? 7  
HELX_P HELX_P87  87  GLN C 843  ? ARG C 848  ? GLN B 843  ARG B 848  1 ? 6  
HELX_P HELX_P88  88  ASN C 1013 ? ILE C 1017 ? ASN B 1013 ILE B 1017 5 ? 5  
HELX_P HELX_P89  89  THR C 1022 ? ALA C 1036 ? THR B 1022 ALA B 1036 1 ? 15 
HELX_P HELX_P90  90  THR C 1051 ? GLU C 1061 ? THR B 1051 GLU B 1061 1 ? 11 
HELX_P HELX_P91  91  MET C 1098 ? LYS C 1102 ? MET B 1098 LYS B 1102 5 ? 5  
HELX_P HELX_P92  92  GLY C 1121 ? ASP C 1125 ? GLY B 1121 ASP B 1125 5 ? 5  
HELX_P HELX_P93  93  GLY C 1131 ? GLY C 1142 ? GLY B 1131 GLY B 1142 1 ? 12 
HELX_P HELX_P94  94  ALA C 1143 ? MET C 1152 ? ALA B 1143 MET B 1152 1 ? 10 
HELX_P HELX_P95  95  PRO C 1197 ? ALA C 1209 ? PRO B 1197 ALA B 1209 1 ? 13 