2vf7 842
 11  12  0  5 1.00
 11  13  0  5 1.00
 12  13  0  5 1.00
 12  14  0  5 1.00
 12  15  0  5 1.00
 13  14  0  5 1.00
 13  15  0  5 1.00
 14  15  0  5 1.00
 14  16  0  5 1.00
 14  33  0  5 1.00
 14  34  0  5 1.00
 14  35  0  5 1.00
 15  16  0  5 1.00
 15  17  0  5 1.00
 15  33  0  5 1.00
 15  34  0  5 1.00
 15  35  0  5 1.00
 15  89  0  5 1.00
 15  90  0  5 1.00
 16  17  0  5 1.00
 16  18  0  5 1.00
 16  31  0  5 1.00
 16  32  0  5 1.00
 16  33  0  5 1.00
 16  34  0  5 1.00
 16  35  0  5 1.00
 16  89  0  5 1.00
 16  90  0  5 1.00
 17  18  0  5 1.00
 17  19  0  5 1.00
 17  31  0  5 1.00
 17  32  0  5 1.00
 17  87  0  5 1.00
 17  88  0  5 1.00
 17  89  0  5 1.00
 18  19  0  5 1.00
 18  20  0  5 1.00
 18  29  0  5 1.00
 18  30  0  5 1.00
 18  31  0  5 1.00
 18  32  0  5 1.00
 18  87  0  5 1.00
 18  88  0  5 1.00
 19  20  0  5 1.00
 19  21  0  5 1.00
 19  29  0  5 1.00
 19  30  0  5 1.00
 19  85  0  5 1.00
 19  86  0  5 1.00
 19  87  0  5 1.00
 20  21  0  5 1.00
 20  22  0  5 1.00
 20  28  0  5 1.00
 20  29  0  5 1.00
 20  30  0  5 1.00
 20  84  0  5 1.00
 20  85  0  5 1.00
 20  86  0  5 1.00
 21  22  0  5 1.00
 21  23  0  5 1.00
 21  26  0  5 1.00
 21  27  0  5 1.00
 21  28  0  5 1.00
 21  29  0  5 1.00
 21  84  0  5 1.00
 21  85  0  5 1.00
 21  86  0  5 1.00
 22  23  0  5 1.00
 22  24  0  5 1.00
 22  26  0  5 1.00
 22  27  0  5 1.00
 22  28  0  5 1.00
 22  29  0  5 1.00
 22  84  0  5 1.00
 22  85  0  5 1.00
 23  24  0  5 1.00
 23  25  0  5 1.00
 23  26  0  5 1.00
 23  84  0  5 1.00
 24  25  0  5 1.00
 24  26  0  5 1.00
 25  26  0  5 1.00
 25  27  0  5 1.00
 25 458  0  5 1.00
 25 461  0  5 1.00
 25 462  0  5 1.00
 26  27  0  5 1.00
 26  28  0  5 1.00
 26 462  0  5 1.00
 27  28  0  5 1.00
 27  29  0  5 1.00
 27 462  0  5 1.00
 28  29  0  5 1.00
 28  30  0  5 1.00
 29  30  0  5 1.00
 29  31  0  5 1.00
 30  31  0  5 1.00
 30  32  0  5 1.00
 31  32  0  5 1.00
 31  33  0  5 1.00
 32  33  0  5 1.00
 32  34  0  5 1.00
 33  34  0  5 1.00
 33  35  0  5 1.00
 34  35  0  5 1.00
 34  36  0  5 1.00
 34  37  0  5 1.00
 35  36  0  5 1.00
 35  37  0  5 1.00
 36  37  0  5 1.00
 36  38  0  5 1.00
 36 432  0  5 1.00
 36 433  0  5 1.00
 37  38  0  5 1.00
 37  39  0  5 1.00
 37 432  0  5 1.00
 37 433  0  5 1.00
 37 434  0  5 1.00
 38  39  0  5 1.00
 38  40  0  5 1.00
 38 434  0  5 1.00
 38 447  0  5 1.00
 38 448  0  5 1.00
 38 449  0  5 1.00
 39  40  0  5 1.00
 39  41  0  5 1.00
 39 434  0  5 1.00
 39 435  0  5 1.00
 39 436  0  5 1.00
 39 449  0  5 1.00
 40  41  0  5 1.00
 40  42  0  5 1.00
 40 436  0  5 1.00
 40 449  0  5 1.00
 40 450  0  5 1.00
 40 451  0  5 1.00
 41  42  0  5 1.00
 41  43  0  5 1.00
 41 436  0  5 1.00
 41 437  0  5 1.00
 41 438  0  5 1.00
 41 451  0  5 1.00
 42  43  0  5 1.00
 42  44  0  5 1.00
 42 438  0  5 1.00
 42 451  0  5 1.00
 42 452  0  5 1.00
 42 453  0  5 1.00
 43  44  0  5 1.00
 43  45  0  5 1.00
 43 453  0  5 1.00
 44  45  0  5 1.00
 44  46  0  5 1.00
 44  47  0  5 1.00
 44  48  0  5 1.00
 44 453  0  5 1.00
 45  46  0  5 1.00
 45  47  0  5 1.00
 45 457  0  5 1.00
 45 763  0  5 1.00
 45 765  0  5 1.00
 46  47  0  5 1.00
 46  48  0  5 1.00
 46 456  0  5 1.00
 46 457  0  5 1.00
 46 458  0  5 1.00
 47  48  0  5 1.00
 47  49  0  5 1.00
 47 453  0  5 1.00
 47 454  0  5 1.00
 47 456  0  5 1.00
 47 457  0  5 1.00
 47 458  0  5 1.00
 47 461  0  5 1.00
 47 462  0  5 1.00
 47 463  0  5 1.00
 48  49  0  5 1.00
 48  50  0  5 1.00
 48  51  0  5 1.00
 48  52  0  5 1.00
 49  50  0  5 1.00
 49  51  0  5 1.00
 49  52  0  5 1.00
 49  53  0  5 1.00
 49  54  0  5 1.00
 50  51  0  5 1.00
 50  52  0  5 1.00
 50  53  0  5 1.00
 50  54  0  5 1.00
 50  55  0  5 1.00
 50  56  0  5 1.00
 51  52  0  5 1.00
 51  53  0  5 1.00
 51  54  0  5 1.00
 51  55  0  5 1.00
 51  56  0  5 1.00
 52  53  0  5 1.00
 52  54  0  5 1.00
 52  55  0  5 1.00
 52  56  0  5 1.00
 52  57  0  5 1.00
 52  58  0  5 1.00
 53  54  0  5 1.00
 53  55  0  5 1.00
 53  56  0  5 1.00
 53  57  0  5 1.00
 53  58  0  5 1.00
 54  55  0  5 1.00
 54  56  0  5 1.00
 54  57  0  5 1.00
 54  58  0  5 1.00
 54  59  0  5 1.00
 55  56  0  5 1.00
 55  57  0  5 1.00
 55  59  0  5 1.00
 55  83  0  5 1.00
 56  57  0  5 1.00
 56  58  0  5 1.00
 56  59  0  5 1.00
 56  60  0  5 1.00
 56  61  0  5 1.00
 57  58  0  5 1.00
 57  59  0  5 1.00
 57  60  0  5 1.00
 57  61  0  5 1.00
 58  59  0  5 1.00
 58  60  0  5 1.00
 58  61  0  5 1.00
 58  62  0  5 1.00
 59  60  0  5 1.00
 59  61  0  5 1.00
 59  62  0  5 1.00
 59  63  0  5 1.00
 60  61  0  5 1.00
 60  62  0  5 1.00
 60  63  0  5 1.00
 60  64  0  5 1.00
 61  62  0  5 1.00
 61  63  0  5 1.00
 61  64  0  5 1.00
 61  65  0  5 1.00
 61  92  0  5 1.00
 61  93  0  5 1.00
 61  94  0  5 1.00
 62  63  0  5 1.00
 62  64  0  5 1.00
 62  65  0  5 1.00
 62  66  0  5 1.00
 62  67  0  5 1.00
 63  64  0  5 1.00
 63  65  0  5 1.00
 63  66  0  5 1.00
 63  67  0  5 1.00
 64  65  0  5 1.00
 64  66  0  5 1.00
 64  67  0  5 1.00
 64  68  0  5 1.00
 65  66  0  5 1.00
 65  67  0  5 1.00
 65  68  0  5 1.00
 65  69  0  5 1.00
 65  70  0  5 1.00
 66  67  0  5 1.00
 66  68  0  5 1.00
 66  69  0  5 1.00
 66  70  0  5 1.00
 66  71  0  5 1.00
 67  68  0  5 1.00
 67  69  0  5 1.00
 67  70  0  5 1.00
 67  71  0  5 1.00
 67  72  0  5 1.00
 68  69  0  5 1.00
 68  70  0  5 1.00
 68  71  0  5 1.00
 69  70  0  5 1.00
 69  71  0  5 1.00
 70  71  0  5 1.00
 70  72  0  5 1.00
 70  73  0  5 1.00
 70  74  0  5 1.00
 70  75  0  5 1.00
 71  72  0  5 1.00
 71  73  0  5 1.00
 71  74  0  5 1.00
 72  73  0  5 1.00
 72  74  0  5 1.00
 72  75  0  5 1.00
 72  76  0  5 1.00
 73  74  0  5 1.00
 73  75  0  5 1.00
 74  75  0  5 1.00
 74  76  0  5 1.00
 74  77  0  5 1.00
 75  76  0  5 1.00
 75  77  0  5 1.00
 75  78  0  5 1.00
 76  77  0  5 1.00
 76  78  0  5 1.00
 76  79  0  5 1.00
 76  80  0  5 1.00
 77  78  0  5 1.00
 77  79  0  5 1.00
 77  80  0  5 1.00
 77  81  0  5 1.00
 77  82  0  5 1.00
 78  79  0  5 1.00
 78  80  0  5 1.00
 78  81  0  5 1.00
 79  80  0  5 1.00
 79  81  0  5 1.00
 79 662  0  5 1.00
 80  81  0  5 1.00
 80  82  0  5 1.00
 80 661  0  5 1.00
 80 662  0  5 1.00
 81  82  0  5 1.00
 81  83  0  5 1.00
 82  83  0  5 1.00
 82  84  0  5 1.00
 83  84  0  5 1.00
 83  85  0  5 1.00
 84  85  0  5 1.00
 84  86  0  5 1.00
 85  86  0  5 1.00
 85  87  0  5 1.00
 86  87  0  5 1.00
 86  88  0  5 1.00
 87  88  0  5 1.00
 87  89  0  5 1.00
 88  89  0  5 1.00
 88  90  0  5 1.00
 89  90  0  5 1.00
 89  91  0  5 1.00
 90  91  0  5 1.00
 90  92  0  5 1.00
 91  92  0  5 1.00
 91  93  0  5 1.00
 92  93  0  5 1.00
 92  94  0  5 1.00
 92 400  0  5 1.00
 93  94  0  5 1.00
 93  95  0  5 1.00
 93 400  0  5 1.00
 93 401  0  5 1.00
 93 402  0  5 1.00
 94  95  0  5 1.00
 94  96  0  5 1.00
 94 402  0  5 1.00
 95  96  0  5 1.00
 95  97  0  5 1.00
 95 402  0  5 1.00
 95 403  0  5 1.00
 95 404  0  5 1.00
 96  97  0  5 1.00
 96  98  0  5 1.00
 96 404  0  5 1.00
 97  98  0  5 1.00
 97  99  0  5 1.00
 97 386  0  5 1.00
 97 404  0  5 1.00
 98  99  0  5 1.00
 98 100  0  5 1.00
 98 404  0  5 1.00
 99 100  0  5 1.00
 99 101  0  5 1.00
100 101  0  5 1.00
100 102  0  5 1.00
100 103  0  5 1.00
101 102  0  5 1.00
101 103  0  5 1.00
101 729  0  5 1.00
101 731  0  5 1.00
102 103  0  5 1.00
102 104  0  5 1.00
102 596  0  5 1.00
102 729  0  5 1.00
103 104  0  5 1.00
103 105  0  5 1.00
104 105  0  5 1.00
104 106  0  5 1.00
105 106  0  5 1.00
105 107  0  5 1.00
106 107  0  5 1.00
106 108  0  5 1.00
107 108  0  5 1.00
107 109  0  5 1.00
108 109  0  5 1.00
108 110  0  5 1.00
108 375  0  5 1.00
108 376  0  5 1.00
108 377  0  5 1.00
109 110  0  5 1.00
109 111  0  5 1.00
109 112  0  5 1.00
109 113  0  5 1.00
109 373  0  5 1.00
109 374  0  5 1.00
109 375  0  5 1.00
109 376  0  5 1.00
109 377  0  5 1.00
110 111  0  5 1.00
110 112  0  5 1.00
110 113  0  5 1.00
110 114  0  5 1.00
110 115  0  5 1.00
110 372  0  5 1.00
110 373  0  5 1.00
110 374  0  5 1.00
110 375  0  5 1.00
111 112  0  5 1.00
111 113  0  5 1.00
111 114  0  5 1.00
111 115  0  5 1.00
111 116  0  5 1.00
111 117  0  5 1.00
111 118  0  5 1.00
111 373  0  5 1.00
112 113  0  5 1.00
112 114  0  5 1.00
112 115  0  5 1.00
112 373  0  5 1.00
113 114  0  5 1.00
113 115  0  5 1.00
113 388  0  5 1.00
114 115  0  5 1.00
114 116  0  5 1.00
115 116  0  5 1.00
115 117  0  5 1.00
115 118  0  5 1.00
115 119  0  5 1.00
116 117  0  5 1.00
116 118  0  5 1.00
116 119  0  5 1.00
116 120  0  5 1.00
117 118  0  5 1.00
117 119  0  5 1.00
117 120  0  5 1.00
117 121  0  5 1.00
118 119  0  5 1.00
118 120  0  5 1.00
118 121  0  5 1.00
118 122  0  5 1.00
119 120  0  5 1.00
119 121  0  5 1.00
119 122  0  5 1.00
119 123  0  5 1.00
120 121  0  5 1.00
120 122  0  5 1.00
120 123  0  5 1.00
120 124  0  5 1.00
121 122  0  5 1.00
121 123  0  5 1.00
121 124  0  5 1.00
121 125  0  5 1.00
121 139  0  5 1.00
122 123  0  5 1.00
122 124  0  5 1.00
122 125  0  5 1.00
122 126  0  5 1.00
122 127  0  5 1.00
122 139  0  5 1.00
123 124  0  5 1.00
123 125  0  5 1.00
123 126  0  5 1.00
123 127  0  5 1.00
123 128  0  5 1.00
124 125  0  5 1.00
124 126  0  5 1.00
124 127  0  5 1.00
124 128  0  5 1.00
125 126  0  5 1.00
125 127  0  5 1.00
125 137  0  5 1.00
126 127  0  5 1.00
126 128  0  5 1.00
126 345  0  5 1.00
127 128  0  5 1.00
127 129  0  5 1.00
128 129  0  5 1.00
128 130  0  5 1.00
128 303  0  5 1.00
129 130  0  5 1.00
129 131  0  5 1.00
129 301  0  5 1.00
129 302  0  5 1.00
129 303  0  5 1.00
130 131  0  5 1.00
130 132  0  5 1.00
130 302  0  5 1.00
130 303  0  5 1.00
131 132  0  5 1.00
131 133  0  5 1.00
131 134  0  5 1.00
131 301  0  5 1.00
132 133  0  5 1.00
132 134  0  5 1.00
133 134  0  5 1.00
133 135  0  5 1.00
134 135  0  5 1.00
134 136  0  5 1.00
135 136  0  5 1.00
135 137  0  5 1.00
136 137  0  5 1.00
136 138  0  5 1.00
137 138  0  5 1.00
137 139  0  5 1.00
138 139  0  5 1.00
138 140  0  5 1.00
138 141  0  5 1.00
138 142  0  5 1.00
139 140  0  5 1.00
139 141  0  5 1.00
139 142  0  5 1.00
139 143  0  5 1.00
140 141  0  5 1.00
140 142  0  5 1.00
140 143  0  5 1.00
140 146  0  5 1.00
140 148  0  5 1.00
140 149  0  5 1.00
141 142  0  5 1.00
141 143  0  5 1.00
141 148  0  5 1.00
141 149  0  5 1.00
141 299  0  5 1.00
142 143  0  5 1.00
142 144  0  5 1.00
142 149  0  5 1.00
143 144  0  5 1.00
143 145  0  5 1.00
143 146  0  5 1.00
143 149  0  5 1.00
143 150  0  5 1.00
144 145  0  5 1.00
144 146  0  5 1.00
144 149  0  5 1.00
144 150  0  5 1.00
144 155  0  5 1.00
144 156  0  5 1.00
144 294  0  5 1.00
145 146  0  5 1.00
145 147  0  5 1.00
146 147  0  5 1.00
146 148  0  5 1.00
146 149  0  5 1.00
146 150  0  5 1.00
147 148  0  5 1.00
147 149  0  5 1.00
147 150  0  5 1.00
148 149  0  5 1.00
148 150  0  5 1.00
149 150  0  5 1.00
149 151  0  5 1.00
149 294  0  5 1.00
149 295  0  5 1.00
149 296  0  5 1.00
150 151  0  5 1.00
150 152  0  5 1.00
150 155  0  5 1.00
150 156  0  5 1.00
150 294  0  5 1.00
150 295  0  5 1.00
150 296  0  5 1.00
151 152  0  5 1.00
151 153  0  5 1.00
151 154  0  5 1.00
151 155  0  5 1.00
151 156  0  5 1.00
151 294  0  5 1.00
151 295  0  5 1.00
151 296  0  5 1.00
152 153  0  5 1.00
152 154  0  5 1.00
152 155  0  5 1.00
153 154  0  5 1.00
153 155  0  5 1.00
154 155  0  5 1.00
154 156  0  5 1.00
154 157  0  5 1.00
154 158  0  5 1.00
154 159  0  5 1.00
155 156  0  5 1.00
155 157  0  5 1.00
155 294  0  5 1.00
156 157  0  5 1.00
156 158  0  5 1.00
156 294  0  5 1.00
157 158  0  5 1.00
157 159  0  5 1.00
157 294  0  5 1.00
158 159  0  5 1.00
158 160  0  5 1.00
158 285  0  5 1.00
158 286  0  5 1.00
158 287  0  5 1.00
158 290  0  5 1.00
158 292  0  5 1.00
158 293  0  5 1.00
158 294  0  5 1.00
159 160  0  5 1.00
159 161  0  5 1.00
159 285  0  5 1.00
159 286  0  5 1.00
159 287  0  5 1.00
160 161  0  5 1.00
160 162  0  5 1.00
160 283  0  5 1.00
160 284  0  5 1.00
160 285  0  5 1.00
160 286  0  5 1.00
160 287  0  5 1.00
161 162  0  5 1.00
161 163  0  5 1.00
161 283  0  5 1.00
162 163  0  5 1.00
162 164  0  5 1.00
162 281  0  5 1.00
162 282  0  5 1.00
162 283  0  5 1.00
163 164  0  5 1.00
163 165  0  5 1.00
163 281  0  5 1.00
163 283  0  5 1.00
164 165  0  5 1.00
164 166  0  5 1.00
164 167  0  5 1.00
164 168  0  5 1.00
164 169  0  5 1.00
165 166  0  5 1.00
165 167  0  5 1.00
165 168  0  5 1.00
165 169  0  5 1.00
165 170  0  5 1.00
166 167  0  5 1.00
166 168  0  5 1.00
166 169  0  5 1.00
166 170  0  5 1.00
167 168  0  5 1.00
167 169  0  5 1.00
167 170  0  5 1.00
167 280  0  5 1.00
167 281  0  5 1.00
168 169  0  5 1.00
168 170  0  5 1.00
168 180  0  5 1.00
168 181  0  5 1.00
168 182  0  5 1.00
168 183  0  5 1.00
168 281  0  5 1.00
169 170  0  5 1.00
169 171  0  5 1.00
169 172  0  5 1.00
169 180  0  5 1.00
170 171  0  5 1.00
170 172  0  5 1.00
170 180  0  5 1.00
171 172  0  5 1.00
171 173  0  5 1.00
171 174  0  5 1.00
171 180  0  5 1.00
172 173  0  5 1.00
172 174  0  5 1.00
172 207  0  5 1.00
172 208  0  5 1.00
172 209  0  5 1.00
173 174  0  5 1.00
173 175  0  5 1.00
173 207  0  5 1.00
173 208  0  5 1.00
174 175  0  5 1.00
174 176  0  5 1.00
174 180  0  5 1.00
174 206  0  5 1.00
174 207  0  5 1.00
174 208  0  5 1.00
175 176  0  5 1.00
175 177  0  5 1.00
175 178  0  5 1.00
175 179  0  5 1.00
175 180  0  5 1.00
175 204  0  5 1.00
175 206  0  5 1.00
175 207  0  5 1.00
175 208  0  5 1.00
176 177  0  5 1.00
176 178  0  5 1.00
176 179  0  5 1.00
176 180  0  5 1.00
176 204  0  5 1.00
176 206  0  5 1.00
177 178  0  5 1.00
177 179  0  5 1.00
177 204  0  5 1.00
178 179  0  5 1.00
178 180  0  5 1.00
178 204  0  5 1.00
179 180  0  5 1.00
179 181  0  5 1.00
179 182  0  5 1.00
180 181  0  5 1.00
180 182  0  5 1.00
181 182  0  5 1.00
181 183  0  5 1.00
181 184  0  5 1.00
182 183  0  5 1.00
182 184  0  5 1.00
183 184  0  5 1.00
183 185  0  5 1.00
184 185  0  5 1.00
184 186  0  5 1.00
184 190  0  5 1.00
185 186  0  5 1.00
185 187  0  5 1.00
185 189  0  5 1.00
185 190  0  5 1.00
186 187  0  5 1.00
186 188  0  5 1.00
186 189  0  5 1.00
186 190  0  5 1.00
187 188  0  5 1.00
187 189  0  5 1.00
187 190  0  5 1.00
187 191  0  5 1.00
188 189  0  5 1.00
188 190  0  5 1.00
188 191  0  5 1.00
188 192  0  5 1.00
189 190  0  5 1.00
189 191  0  5 1.00
189 192  0  5 1.00
189 193  0  5 1.00
190 191  0  5 1.00
190 192  0  5 1.00
190 193  0  5 1.00
190 194  0  5 1.00
191 192  0  5 1.00
191 193  0  5 1.00
191 194  0  5 1.00
191 195  0  5 1.00
191 196  0  5 1.00
192 193  0  5 1.00
192 194  0  5 1.00
192 195  0  5 1.00
192 196  0  5 1.00
193 194  0  5 1.00
193 195  0  5 1.00
193 196  0  5 1.00
193 197  0  5 1.00
194 195  0  5 1.00
194 196  0  5 1.00
194 197  0  5 1.00
194 198  0  5 1.00
195 196  0  5 1.00
195 197  0  5 1.00
195 198  0  5 1.00
195 199  0  5 1.00
196 197  0  5 1.00
196 198  0  5 1.00
196 199  0  5 1.00
196 200  0  5 1.00
197 198  0  5 1.00
197 199  0  5 1.00
197 200  0  5 1.00
197 201  0  5 1.00
197 202  0  5 1.00
198 199  0  5 1.00
198 200  0  5 1.00
198 201  0  5 1.00
198 202  0  5 1.00
199 200  0  5 1.00
199 201  0  5 1.00
200 201  0  5 1.00
200 202  0  5 1.00
201 202  0  5 1.00
201 203  0  5 1.00
202 203  0  5 1.00
202 204  0  5 1.00
203 204  0  5 1.00
203 205  0  5 1.00
203 206  0  5 1.00
204 205  0  5 1.00
204 206  0  5 1.00
205 206  0  5 1.00
205 207  0  5 1.00
206 207  0  5 1.00
206 208  0  5 1.00
207 208  0  5 1.00
207 209  0  5 1.00
207 210  0  5 1.00
207 211  0  5 1.00
208 209  0  5 1.00
208 210  0  5 1.00
208 211  0  5 1.00
209 210  0  5 1.00
209 211  0  5 1.00
210 211  0  5 1.00
210 212  0  5 1.00
211 212  0  5 1.00
211 213  0  5 1.00
212 213  0  5 1.00
212 214  0  5 1.00
212 215  0  5 1.00
212 216  0  5 1.00
213 214  0  5 1.00
213 215  0  5 1.00
213 216  0  5 1.00
213 217  0  5 1.00
213 218  0  5 1.00
214 215  0  5 1.00
214 216  0  5 1.00
214 217  0  5 1.00
214 218  0  5 1.00
215 216  0  5 1.00
215 217  0  5 1.00
215 218  0  5 1.00
215 219  0  5 1.00
215 220  0  5 1.00
216 217  0  5 1.00
216 218  0  5 1.00
216 219  0  5 1.00
216 220  0  5 1.00
216 221  0  5 1.00
217 218  0  5 1.00
217 219  0  5 1.00
217 220  0  5 1.00
217 221  0  5 1.00
217 222  0  5 1.00
218 219  0  5 1.00
218 220  0  5 1.00
218 221  0  5 1.00
218 222  0  5 1.00
219 220  0  5 1.00
219 221  0  5 1.00
219 257  0  5 1.00
219 258  0  5 1.00
220 221  0  5 1.00
220 222  0  5 1.00
220 257  0  5 1.00
220 258  0  5 1.00
220 259  0  5 1.00
221 222  0  5 1.00
221 223  0  5 1.00
222 223  0  5 1.00
222 224  0  5 1.00
222 257  0  5 1.00
223 224  0  5 1.00
223 225  0  5 1.00
224 225  0  5 1.00
224 226  0  5 1.00
224 255  0  5 1.00
224 257  0  5 1.00
225 226  0  5 1.00
225 227  0  5 1.00
225 255  0  5 1.00
226 227  0  5 1.00
226 228  0  5 1.00
226 253  0  5 1.00
226 254  0  5 1.00
226 255  0  5 1.00
227 228  0  5 1.00
227 229  0  5 1.00
227 253  0  5 1.00
227 254  0  5 1.00
228 229  0  5 1.00
228 230  0  5 1.00
228 251  0  5 1.00
228 252  0  5 1.00
228 253  0  5 1.00
229 230  0  5 1.00
229 231  0  5 1.00
229 251  0  5 1.00
229 252  0  5 1.00
229 253  0  5 1.00
230 231  0  5 1.00
230 232  0  5 1.00
230 249  0  5 1.00
230 250  0  5 1.00
230 251  0  5 1.00
230 252  0  5 1.00
230 253  0  5 1.00
231 232  0  5 1.00
231 233  0  5 1.00
231 234  0  5 1.00
231 250  0  5 1.00
232 233  0  5 1.00
232 234  0  5 1.00
233 234  0  5 1.00
233 235  0  5 1.00
234 235  0  5 1.00
234 236  0  5 1.00
235 236  0  5 1.00
235 237  0  5 1.00
235 238  0  5 1.00
235 239  0  5 1.00
236 237  0  5 1.00
236 238  0  5 1.00
236 239  0  5 1.00
236 240  0  5 1.00
237 238  0  5 1.00
237 239  0  5 1.00
237 240  0  5 1.00
237 241  0  5 1.00
238 239  0  5 1.00
238 240  0  5 1.00
238 241  0  5 1.00
238 242  0  5 1.00
239 240  0  5 1.00
239 241  0  5 1.00
239 242  0  5 1.00
239 243  0  5 1.00
240 241  0  5 1.00
240 242  0  5 1.00
240 243  0  5 1.00
240 244  0  5 1.00
241 242  0  5 1.00
241 243  0  5 1.00
241 244  0  5 1.00
241 245  0  5 1.00
241 246  0  5 1.00
242 243  0  5 1.00
242 244  0  5 1.00
242 245  0  5 1.00
242 246  0  5 1.00
242 247  0  5 1.00
243 244  0  5 1.00
243 245  0  5 1.00
243 246  0  5 1.00
244 245  0  5 1.00
244 246  0  5 1.00
245 246  0  5 1.00
245 247  0  5 1.00
246 247  0  5 1.00
246 248  0  5 1.00
247 248  0  5 1.00
247 249  0  5 1.00
248 249  0  5 1.00
248 250  0  5 1.00
249 250  0  5 1.00
249 251  0  5 1.00
250 251  0  5 1.00
250 252  0  5 1.00
251 252  0  5 1.00
251 253  0  5 1.00
252 253  0  5 1.00
252 254  0  5 1.00
253 254  0  5 1.00
253 255  0  5 1.00
254 255  0  5 1.00
254 256  0  5 1.00
255 256  0  5 1.00
255 257  0  5 1.00
256 257  0  5 1.00
256 258  0  5 1.00
257 258  0  5 1.00
257 259  0  5 1.00
257 260  0  5 1.00
257 261  0  5 1.00
258 259  0  5 1.00
258 260  0  5 1.00
258 261  0  5 1.00
258 262  0  5 1.00
259 260  0  5 1.00
259 261  0  5 1.00
259 262  0  5 1.00
259 263  0  5 1.00
259 264  0  5 1.00
260 261  0  5 1.00
260 262  0  5 1.00
260 263  0  5 1.00
260 264  0  5 1.00
260 265  0  5 1.00
261 262  0  5 1.00
261 263  0  5 1.00
261 264  0  5 1.00
261 265  0  5 1.00
261 266  0  5 1.00
262 263  0  5 1.00
262 264  0  5 1.00
262 265  0  5 1.00
262 266  0  5 1.00
263 264  0  5 1.00
263 265  0  5 1.00
263 266  0  5 1.00
263 267  0  5 1.00
264 265  0  5 1.00
264 266  0  5 1.00
264 267  0  5 1.00
264 268  0  5 1.00
264 269  0  5 1.00
265 266  0  5 1.00
265 267  0  5 1.00
265 268  0  5 1.00
265 269  0  5 1.00
266 267  0  5 1.00
266 268  0  5 1.00
266 269  0  5 1.00
267 268  0  5 1.00
267 269  0  5 1.00
268 269  0  5 1.00
268 270  0  5 1.00
269 270  0  5 1.00
269 271  0  5 1.00
270 271  0  5 1.00
270 272  0  5 1.00
271 272  0  5 1.00
271 273  0  5 1.00
271 274  0  5 1.00
271 275  0  5 1.00
272 273  0  5 1.00
272 274  0  5 1.00
272 275  0  5 1.00
272 276  0  5 1.00
273 274  0  5 1.00
273 275  0  5 1.00
273 276  0  5 1.00
273 277  0  5 1.00
274 275  0  5 1.00
274 276  0  5 1.00
274 277  0  5 1.00
274 278  0  5 1.00
274 279  0  5 1.00
275 276  0  5 1.00
275 277  0  5 1.00
275 278  0  5 1.00
275 279  0  5 1.00
276 277  0  5 1.00
276 278  0  5 1.00
276 279  0  5 1.00
276 280  0  5 1.00
277 278  0  5 1.00
277 279  0  5 1.00
277 280  0  5 1.00
277 281  0  5 1.00
278 279  0  5 1.00
278 280  0  5 1.00
278 281  0  5 1.00
278 282  0  5 1.00
279 280  0  5 1.00
279 281  0  5 1.00
279 282  0  5 1.00
280 281  0  5 1.00
280 282  0  5 1.00
281 282  0  5 1.00
281 283  0  5 1.00
282 283  0  5 1.00
282 284  0  5 1.00
283 284  0  5 1.00
283 285  0  5 1.00
284 285  0  5 1.00
284 286  0  5 1.00
285 286  0  5 1.00
285 287  0  5 1.00
286 287  0  5 1.00
286 288  0  5 1.00
287 288  0  5 1.00
287 289  0  5 1.00
287 290  0  5 1.00
287 291  0  5 1.00
287 292  0  5 1.00
288 289  0  5 1.00
288 290  0  5 1.00
288 291  0  5 1.00
289 290  0  5 1.00
289 291  0  5 1.00
289 295  0  5 1.00
290 291  0  5 1.00
290 292  0  5 1.00
290 293  0  5 1.00
290 294  0  5 1.00
290 295  0  5 1.00
291 292  0  5 1.00
291 293  0  5 1.00
292 293  0  5 1.00
292 294  0  5 1.00
293 294  0  5 1.00
293 295  0  5 1.00
294 295  0  5 1.00
294 296  0  5 1.00
295 296  0  5 1.00
295 297  0  5 1.00
296 297  0  5 1.00
296 298  0  5 1.00
296 299  0  5 1.00
296 300  0  5 1.00
297 298  0  5 1.00
297 299  0  5 1.00
297 300  0  5 1.00
297 301  0  5 1.00
298 299  0  5 1.00
298 300  0  5 1.00
298 301  0  5 1.00
298 302  0  5 1.00
299 300  0  5 1.00
299 301  0  5 1.00
299 302  0  5 1.00
300 301  0  5 1.00
300 302  0  5 1.00
300 308  0  5 1.00
301 302  0  5 1.00
301 303  0  5 1.00
302 303  0  5 1.00
302 304  0  5 1.00
302 307  0  5 1.00
302 308  0  5 1.00
302 309  0  5 1.00
303 304  0  5 1.00
303 305  0  5 1.00
303 307  0  5 1.00
303 308  0  5 1.00
304 305  0  5 1.00
304 306  0  5 1.00
304 307  0  5 1.00
304 308  0  5 1.00
305 306  0  5 1.00
305 307  0  5 1.00
306 307  0  5 1.00
306 308  0  5 1.00
307 308  0  5 1.00
307 309  0  5 1.00
308 309  0  5 1.00
308 310  0  5 1.00
308 311  0  5 1.00
308 312  0  5 1.00
309 310  0  5 1.00
309 311  0  5 1.00
309 312  0  5 1.00
309 313  0  5 1.00
310 311  0  5 1.00
310 312  0  5 1.00
310 313  0  5 1.00
310 314  0  5 1.00
311 312  0  5 1.00
311 313  0  5 1.00
311 314  0  5 1.00
311 315  0  5 1.00
312 313  0  5 1.00
312 314  0  5 1.00
312 315  0  5 1.00
313 314  0  5 1.00
313 315  0  5 1.00
313 372  0  5 1.00
313 373  0  5 1.00
313 374  0  5 1.00
314 315  0  5 1.00
314 316  0  5 1.00
314 372  0  5 1.00
315 316  0  5 1.00
315 317  0  5 1.00
315 371  0  5 1.00
315 372  0  5 1.00
315 373  0  5 1.00
316 317  0  5 1.00
316 318  0  5 1.00
316 319  0  5 1.00
316 320  0  5 1.00
316 369  0  5 1.00
316 370  0  5 1.00
316 371  0  5 1.00
316 372  0  5 1.00
317 318  0  5 1.00
317 319  0  5 1.00
317 320  0  5 1.00
317 321  0  5 1.00
317 369  0  5 1.00
317 371  0  5 1.00
317 372  0  5 1.00
318 319  0  5 1.00
318 320  0  5 1.00
318 321  0  5 1.00
318 322  0  5 1.00
318 369  0  5 1.00
319 320  0  5 1.00
319 321  0  5 1.00
319 322  0  5 1.00
319 323  0  5 1.00
320 321  0  5 1.00
320 322  0  5 1.00
320 323  0  5 1.00
320 324  0  5 1.00
321 322  0  5 1.00
321 323  0  5 1.00
321 324  0  5 1.00
321 325  0  5 1.00
322 323  0  5 1.00
322 324  0  5 1.00
322 325  0  5 1.00
323 324  0  5 1.00
323 325  0  5 1.00
323 326  0  5 1.00
324 325  0  5 1.00
324 326  0  5 1.00
324 327  0  5 1.00
324 328  0  5 1.00
324 353  0  5 1.00
325 326  0  5 1.00
325 327  0  5 1.00
325 328  0  5 1.00
325 329  0  5 1.00
325 330  0  5 1.00
326 327  0  5 1.00
326 328  0  5 1.00
326 329  0  5 1.00
326 330  0  5 1.00
326 331  0  5 1.00
326 332  0  5 1.00
327 328  0  5 1.00
327 329  0  5 1.00
327 330  0  5 1.00
327 331  0  5 1.00
327 332  0  5 1.00
327 349  0  5 1.00
327 350  0  5 1.00
328 329  0  5 1.00
328 330  0  5 1.00
328 350  0  5 1.00
328 353  0  5 1.00
328 354  0  5 1.00
329 330  0  5 1.00
329 331  0  5 1.00
330 331  0  5 1.00
330 332  0  5 1.00
331 332  0  5 1.00
331 333  0  5 1.00
332 333  0  5 1.00
332 334  0  5 1.00
332 335  0  5 1.00
333 334  0  5 1.00
333 335  0  5 1.00
334 335  0  5 1.00
334 336  0  5 1.00
334 337  0  5 1.00
335 336  0  5 1.00
335 337  0  5 1.00
335 338  0  5 1.00
335 339  0  5 1.00
336 337  0  5 1.00
336 338  0  5 1.00
336 339  0  5 1.00
337 338  0  5 1.00
337 339  0  5 1.00
338 339  0  5 1.00
338 340  0  5 1.00
338 341  0  5 1.00
338 342  0  5 1.00
339 340  0  5 1.00
339 341  0  5 1.00
339 342  0  5 1.00
340 341  0  5 1.00
340 342  0  5 1.00
341 342  0  5 1.00
341 343  0  5 1.00
342 343  0  5 1.00
342 344  0  5 1.00
343 344  0  5 1.00
343 345  0  5 1.00
344 345  0  5 1.00
344 346  0  5 1.00
344 347  0  5 1.00
344 348  0  5 1.00
345 346  0  5 1.00
345 347  0  5 1.00
345 348  0  5 1.00
345 349  0  5 1.00
345 350  0  5 1.00
346 347  0  5 1.00
346 348  0  5 1.00
346 349  0  5 1.00
346 350  0  5 1.00
347 348  0  5 1.00
347 349  0  5 1.00
347 350  0  5 1.00
347 351  0  5 1.00
348 349  0  5 1.00
348 350  0  5 1.00
348 351  0  5 1.00
348 352  0  5 1.00
349 350  0  5 1.00
349 351  0  5 1.00
349 352  0  5 1.00
349 353  0  5 1.00
349 354  0  5 1.00
350 351  0  5 1.00
350 352  0  5 1.00
350 353  0  5 1.00
350 354  0  5 1.00
351 352  0  5 1.00
351 353  0  5 1.00
351 354  0  5 1.00
351 355  0  5 1.00
352 353  0  5 1.00
352 354  0  5 1.00
352 355  0  5 1.00
352 356  0  5 1.00
352 357  0  5 1.00
353 354  0  5 1.00
353 355  0  5 1.00
353 356  0  5 1.00
353 357  0  5 1.00
354 355  0  5 1.00
354 356  0  5 1.00
354 357  0  5 1.00
354 358  0  5 1.00
355 356  0  5 1.00
355 357  0  5 1.00
355 358  0  5 1.00
355 359  0  5 1.00
356 357  0  5 1.00
356 358  0  5 1.00
356 359  0  5 1.00
356 360  0  5 1.00
357 358  0  5 1.00
357 359  0  5 1.00
357 360  0  5 1.00
357 361  0  5 1.00
358 359  0  5 1.00
358 360  0  5 1.00
358 361  0  5 1.00
358 362  0  5 1.00
359 360  0  5 1.00
359 361  0  5 1.00
359 362  0  5 1.00
359 363  0  5 1.00
360 361  0  5 1.00
360 362  0  5 1.00
360 363  0  5 1.00
360 364  0  5 1.00
360 365  0  5 1.00
361 362  0  5 1.00
361 363  0  5 1.00
361 364  0  5 1.00
361 365  0  5 1.00
361 366  0  5 1.00
362 363  0  5 1.00
362 364  0  5 1.00
362 365  0  5 1.00
362 366  0  5 1.00
363 364  0  5 1.00
363 365  0  5 1.00
363 366  0  5 1.00
363 367  0  5 1.00
363 368  0  5 1.00
363 369  0  5 1.00
364 365  0  5 1.00
364 366  0  5 1.00
364 367  0  5 1.00
364 368  0  5 1.00
364 369  0  5 1.00
365 366  0  5 1.00
365 367  0  5 1.00
365 419  0  5 1.00
366 367  0  5 1.00
366 368  0  5 1.00
367 368  0  5 1.00
367 369  0  5 1.00
367 370  0  5 1.00
367 532  0  5 1.00
368 369  0  5 1.00
368 370  0  5 1.00
368 371  0  5 1.00
369 370  0  5 1.00
369 371  0  5 1.00
370 371  0  5 1.00
370 372  0  5 1.00
370 810  0  5 1.00
371 372  0  5 1.00
371 373  0  5 1.00
372 373  0  5 1.00
372 374  0  5 1.00
372 375  0  5 1.00
373 374  0  5 1.00
373 375  0  5 1.00
374 375  0  5 1.00
374 376  0  5 1.00
375 376  0  5 1.00
375 377  0  5 1.00
376 377  0  5 1.00
376 378  0  5 1.00
376 379  0  5 1.00
376 380  0  5 1.00
377 378  0  5 1.00
377 379  0  5 1.00
377 380  0  5 1.00
378 379  0  5 1.00
378 380  0  5 1.00
379 380  0  5 1.00
379 381  0  5 1.00
380 381  0  5 1.00
380 382  0  5 1.00
381 382  0  5 1.00
381 383  0  5 1.00
381 384  0  5 1.00
381 385  0  5 1.00
382 383  0  5 1.00
382 384  0  5 1.00
382 385  0  5 1.00
382 386  0  5 1.00
383 384  0  5 1.00
383 385  0  5 1.00
383 386  0  5 1.00
383 387  0  5 1.00
383 408  0  5 1.00
383 410  0  5 1.00
384 385  0  5 1.00
384 386  0  5 1.00
384 387  0  5 1.00
384 388  0  5 1.00
385 386  0  5 1.00
385 387  0  5 1.00
385 388  0  5 1.00
385 389  0  5 1.00
386 387  0  5 1.00
386 388  0  5 1.00
386 389  0  5 1.00
386 390  0  5 1.00
387 388  0  5 1.00
387 389  0  5 1.00
387 390  0  5 1.00
387 391  0  5 1.00
388 389  0  5 1.00
388 390  0  5 1.00
388 391  0  5 1.00
388 392  0  5 1.00
389 390  0  5 1.00
389 391  0  5 1.00
389 392  0  5 1.00
389 393  0  5 1.00
390 391  0  5 1.00
390 392  0  5 1.00
390 393  0  5 1.00
390 394  0  5 1.00
391 392  0  5 1.00
391 393  0  5 1.00
391 394  0  5 1.00
391 395  0  5 1.00
392 393  0  5 1.00
392 394  0  5 1.00
392 395  0  5 1.00
392 396  0  5 1.00
393 394  0  5 1.00
393 395  0  5 1.00
393 396  0  5 1.00
393 397  0  5 1.00
394 395  0  5 1.00
394 396  0  5 1.00
395 396  0  5 1.00
395 397  0  5 1.00
396 397  0  5 1.00
396 398  0  5 1.00
397 398  0  5 1.00
397 399  0  5 1.00
398 399  0  5 1.00
398 400  0  5 1.00
398 430  0  5 1.00
399 400  0  5 1.00
399 401  0  5 1.00
399 430  0  5 1.00
399 431  0  5 1.00
400 401  0  5 1.00
400 402  0  5 1.00
400 431  0  5 1.00
400 432  0  5 1.00
401 402  0  5 1.00
401 403  0  5 1.00
401 431  0  5 1.00
401 432  0  5 1.00
401 433  0  5 1.00
402 403  0  5 1.00
402 404  0  5 1.00
402 433  0  5 1.00
403 404  0  5 1.00
403 405  0  5 1.00
403 433  0  5 1.00
403 434  0  5 1.00
403 435  0  5 1.00
404 405  0  5 1.00
404 406  0  5 1.00
404 435  0  5 1.00
405 406  0  5 1.00
405 407  0  5 1.00
405 435  0  5 1.00
405 436  0  5 1.00
405 437  0  5 1.00
406 407  0  5 1.00
406 408  0  5 1.00
406 437  0  5 1.00
407 408  0  5 1.00
407 409  0  5 1.00
407 410  0  5 1.00
407 437  0  5 1.00
407 438  0  5 1.00
408 409  0  5 1.00
408 410  0  5 1.00
409 410  0  5 1.00
409 411  0  5 1.00
409 412  0  5 1.00
410 411  0  5 1.00
410 412  0  5 1.00
411 412  0  5 1.00
411 413  0  5 1.00
411 532  0  5 1.00
412 413  0  5 1.00
412 414  0  5 1.00
412 791  0  5 1.00
413 414  0  5 1.00
413 415  0  5 1.00
413 416  0  5 1.00
413 417  0  5 1.00
413 791  0  5 1.00
414 415  0  5 1.00
414 416  0  5 1.00
414 417  0  5 1.00
414 791  0  5 1.00
415 416  0  5 1.00
415 417  0  5 1.00
416 417  0  5 1.00
416 418  0  5 1.00
416 419  0  5 1.00
416 420  0  5 1.00
417 418  0  5 1.00
417 419  0  5 1.00
417 420  0  5 1.00
417 421  0  5 1.00
417 422  0  5 1.00
418 419  0  5 1.00
418 420  0  5 1.00
418 421  0  5 1.00
418 422  0  5 1.00
419 420  0  5 1.00
419 421  0  5 1.00
419 422  0  5 1.00
419 423  0  5 1.00
420 421  0  5 1.00
420 422  0  5 1.00
420 423  0  5 1.00
420 424  0  5 1.00
421 422  0  5 1.00
421 423  0  5 1.00
421 424  0  5 1.00
421 425  0  5 1.00
422 423  0  5 1.00
422 424  0  5 1.00
422 425  0  5 1.00
422 426  0  5 1.00
423 424  0  5 1.00
423 425  0  5 1.00
423 426  0  5 1.00
423 427  0  5 1.00
424 425  0  5 1.00
424 426  0  5 1.00
424 427  0  5 1.00
424 428  0  5 1.00
425 426  0  5 1.00
425 427  0  5 1.00
425 428  0  5 1.00
425 429  0  5 1.00
426 427  0  5 1.00
426 428  0  5 1.00
426 429  0  5 1.00
426 430  0  5 1.00
427 428  0  5 1.00
427 429  0  5 1.00
427 430  0  5 1.00
427 431  0  5 1.00
427 432  0  5 1.00
428 429  0  5 1.00
428 430  0  5 1.00
428 431  0  5 1.00
428 432  0  5 1.00
429 430  0  5 1.00
429 431  0  5 1.00
430 431  0  5 1.00
430 432  0  5 1.00
431 432  0  5 1.00
431 433  0  5 1.00
432 433  0  5 1.00
432 434  0  5 1.00
433 434  0  5 1.00
433 435  0  5 1.00
434 435  0  5 1.00
434 436  0  5 1.00
435 436  0  5 1.00
435 437  0  5 1.00
436 437  0  5 1.00
436 438  0  5 1.00
437 438  0  5 1.00
437 439  0  5 1.00
438 439  0  5 1.00
438 440  0  5 1.00
439 440  0  5 1.00
439 441  0  5 1.00
440 441  0  5 1.00
440 442  0  5 1.00
440 443  0  5 1.00
440 444  0  5 1.00
441 442  0  5 1.00
441 443  0  5 1.00
441 444  0  5 1.00
441 445  0  5 1.00
442 443  0  5 1.00
442 444  0  5 1.00
442 445  0  5 1.00
442 446  0  5 1.00
443 444  0  5 1.00
443 445  0  5 1.00
443 446  0  5 1.00
443 447  0  5 1.00
444 445  0  5 1.00
444 446  0  5 1.00
444 447  0  5 1.00
445 446  0  5 1.00
445 447  0  5 1.00
446 447  0  5 1.00
446 448  0  5 1.00
447 448  0  5 1.00
447 449  0  5 1.00
447 470  0  5 1.00
448 449  0  5 1.00
448 450  0  5 1.00
448 468  0  5 1.00
448 469  0  5 1.00
448 470  0  5 1.00
449 450  0  5 1.00
449 451  0  5 1.00
449 468  0  5 1.00
449 469  0  5 1.00
450 451  0  5 1.00
450 452  0  5 1.00
450 466  0  5 1.00
450 467  0  5 1.00
450 468  0  5 1.00
450 469  0  5 1.00
450 470  0  5 1.00
451 452  0  5 1.00
451 453  0  5 1.00
451 466  0  5 1.00
451 467  0  5 1.00
452 453  0  5 1.00
452 454  0  5 1.00
452 463  0  5 1.00
452 464  0  5 1.00
452 465  0  5 1.00
452 466  0  5 1.00
453 454  0  5 1.00
453 455  0  5 1.00
453 463  0  5 1.00
453 464  0  5 1.00
453 465  0  5 1.00
454 455  0  5 1.00
454 456  0  5 1.00
454 460  0  5 1.00
454 461  0  5 1.00
454 462  0  5 1.00
454 463  0  5 1.00
454 464  0  5 1.00
454 465  0  5 1.00
455 456  0  5 1.00
455 457  0  5 1.00
455 460  0  5 1.00
455 461  0  5 1.00
455 478  0  5 1.00
456 457  0  5 1.00
456 458  0  5 1.00
456 460  0  5 1.00
456 461  0  5 1.00
456 462  0  5 1.00
457 458  0  5 1.00
457 459  0  5 1.00
457 460  0  5 1.00
457 461  0  5 1.00
458 459  0  5 1.00
458 460  0  5 1.00
458 461  0  5 1.00
458 462  0  5 1.00
459 460  0  5 1.00
459 461  0  5 1.00
460 461  0  5 1.00
460 462  0  5 1.00
461 462  0  5 1.00
461 463  0  5 1.00
462 463  0  5 1.00
462 464  0  5 1.00
463 464  0  5 1.00
463 465  0  5 1.00
464 465  0  5 1.00
464 466  0  5 1.00
465 466  0  5 1.00
465 467  0  5 1.00
466 467  0  5 1.00
466 468  0  5 1.00
467 468  0  5 1.00
467 469  0  5 1.00
468 469  0  5 1.00
468 470  0  5 1.00
469 470  0  5 1.00
469 471  0  5 1.00
469 472  0  5 1.00
469 473  0  5 1.00
470 471  0  5 1.00
470 472  0  5 1.00
470 473  0  5 1.00
470 474  0  5 1.00
471 472  0  5 1.00
471 473  0  5 1.00
471 474  0  5 1.00
472 473  0  5 1.00
472 474  0  5 1.00
472 475  0  5 1.00
472 476  0  5 1.00
473 474  0  5 1.00
473 475  0  5 1.00
473 476  0  5 1.00
473 482  0  5 1.00
474 475  0  5 1.00
474 476  0  5 1.00
475 476  0  5 1.00
475 477  0  5 1.00
476 477  0  5 1.00
476 478  0  5 1.00
476 479  0  5 1.00
477 478  0  5 1.00
477 479  0  5 1.00
478 479  0  5 1.00
478 480  0  5 1.00
479 480  0  5 1.00
479 481  0  5 1.00
479 482  0  5 1.00
479 483  0  5 1.00
480 481  0  5 1.00
480 482  0  5 1.00
480 483  0  5 1.00
480 484  0  5 1.00
481 482  0  5 1.00
481 483  0  5 1.00
481 484  0  5 1.00
481 485  0  5 1.00
481 486  0  5 1.00
482 483  0  5 1.00
482 484  0  5 1.00
482 485  0  5 1.00
482 486  0  5 1.00
482 487  0  5 1.00
483 484  0  5 1.00
483 485  0  5 1.00
483 486  0  5 1.00
483 487  0  5 1.00
483 488  0  5 1.00
483 489  0  5 1.00
484 485  0  5 1.00
484 486  0  5 1.00
484 487  0  5 1.00
484 488  0  5 1.00
484 489  0  5 1.00
485 486  0  5 1.00
485 487  0  5 1.00
486 487  0  5 1.00
486 488  0  5 1.00
487 488  0  5 1.00
487 489  0  5 1.00
488 489  0  5 1.00
488 490  0  5 1.00
489 490  0  5 1.00
489 491  0  5 1.00
490 491  0  5 1.00
490 492  0  5 1.00
491 492  0  5 1.00
491 493  0  5 1.00
492 493  0  5 1.00
492 494  0  5 1.00
493 494  0  5 1.00
493 495  0  5 1.00
493 842  0  5 1.00
494 495  0  5 1.00
494 496  0  5 1.00
495 496  0  5 1.00
495 497  0  5 1.00
496 497  0  5 1.00
496 498  0  5 1.00
496 799  0  5 1.00
496 800  0  5 1.00
497 498  0  5 1.00
497 499  0  5 1.00
497 800  0  5 1.00
498 499  0  5 1.00
498 500  0  5 1.00
498 522  0  5 1.00
498 523  0  5 1.00
499 500  0  5 1.00
499 501  0  5 1.00
499 522  0  5 1.00
500 501  0  5 1.00
500 502  0  5 1.00
500 522  0  5 1.00
500 523  0  5 1.00
501 502  0  5 1.00
501 503  0  5 1.00
501 520  0  5 1.00
501 521  0  5 1.00
501 522  0  5 1.00
502 503  0  5 1.00
502 504  0  5 1.00
502 520  0  5 1.00
502 521  0  5 1.00
502 522  0  5 1.00
502 577  0  5 1.00
502 578  0  5 1.00
502 579  0  5 1.00
503 504  0  5 1.00
503 505  0  5 1.00
503 518  0  5 1.00
503 519  0  5 1.00
503 520  0  5 1.00
503 521  0  5 1.00
503 577  0  5 1.00
503 578  0  5 1.00
503 579  0  5 1.00
504 505  0  5 1.00
504 506  0  5 1.00
504 518  0  5 1.00
504 519  0  5 1.00
504 575  0  5 1.00
504 576  0  5 1.00
504 577  0  5 1.00
504 578  0  5 1.00
505 506  0  5 1.00
505 507  0  5 1.00
505 516  0  5 1.00
505 517  0  5 1.00
505 518  0  5 1.00
505 575  0  5 1.00
506 507  0  5 1.00
506 508  0  5 1.00
506 516  0  5 1.00
506 517  0  5 1.00
506 518  0  5 1.00
506 574  0  5 1.00
506 575  0  5 1.00
507 508  0  5 1.00
507 509  0  5 1.00
507 514  0  5 1.00
507 515  0  5 1.00
507 516  0  5 1.00
507 517  0  5 1.00
507 573  0  5 1.00
507 574  0  5 1.00
507 575  0  5 1.00
508 509  0  5 1.00
508 510  0  5 1.00
508 513  0  5 1.00
508 514  0  5 1.00
508 515  0  5 1.00
508 516  0  5 1.00
508 573  0  5 1.00
508 574  0  5 1.00
509 510  0  5 1.00
509 511  0  5 1.00
509 513  0  5 1.00
509 514  0  5 1.00
509 515  0  5 1.00
509 572  0  5 1.00
509 573  0  5 1.00
509 574  0  5 1.00
510 511  0  5 1.00
510 512  0  5 1.00
510 513  0  5 1.00
510 572  0  5 1.00
510 573  0  5 1.00
511 512  0  5 1.00
511 513  0  5 1.00
512 513  0  5 1.00
512 514  0  5 1.00
512 810  0  5 1.00
512 813  0  5 1.00
512 814  0  5 1.00
513 514  0  5 1.00
513 515  0  5 1.00
513 814  0  5 1.00
514 515  0  5 1.00
514 516  0  5 1.00
515 516  0  5 1.00
515 517  0  5 1.00
516 517  0  5 1.00
516 518  0  5 1.00
517 518  0  5 1.00
517 519  0  5 1.00
518 519  0  5 1.00
518 520  0  5 1.00
519 520  0  5 1.00
519 521  0  5 1.00
520 521  0  5 1.00
520 522  0  5 1.00
521 522  0  5 1.00
521 523  0  5 1.00
521 524  0  5 1.00
522 523  0  5 1.00
522 524  0  5 1.00
523 524  0  5 1.00
523 525  0  5 1.00
523 780  0  5 1.00
523 783  0  5 1.00
523 784  0  5 1.00
523 785  0  5 1.00
524 525  0  5 1.00
524 526  0  5 1.00
524 784  0  5 1.00
524 785  0  5 1.00
524 786  0  5 1.00
525 526  0  5 1.00
525 527  0  5 1.00
525 786  0  5 1.00
525 799  0  5 1.00
525 800  0  5 1.00
525 801  0  5 1.00
526 527  0  5 1.00
526 528  0  5 1.00
526 786  0  5 1.00
526 787  0  5 1.00
526 788  0  5 1.00
526 801  0  5 1.00
527 528  0  5 1.00
527 529  0  5 1.00
527 788  0  5 1.00
527 801  0  5 1.00
527 802  0  5 1.00
527 803  0  5 1.00
528 529  0  5 1.00
528 530  0  5 1.00
528 788  0  5 1.00
528 789  0  5 1.00
528 790  0  5 1.00
528 803  0  5 1.00
529 530  0  5 1.00
529 531  0  5 1.00
529 790  0  5 1.00
529 803  0  5 1.00
529 804  0  5 1.00
529 805  0  5 1.00
530 531  0  5 1.00
530 532  0  5 1.00
530 790  0  5 1.00
530 805  0  5 1.00
531 532  0  5 1.00
531 533  0  5 1.00
531 534  0  5 1.00
531 535  0  5 1.00
531 805  0  5 1.00
532 533  0  5 1.00
532 534  0  5 1.00
532 809  0  5 1.00
533 534  0  5 1.00
533 535  0  5 1.00
533 808  0  5 1.00
533 809  0  5 1.00
533 810  0  5 1.00
534 535  0  5 1.00
534 536  0  5 1.00
534 808  0  5 1.00
534 809  0  5 1.00
534 810  0  5 1.00
534 813  0  5 1.00
534 814  0  5 1.00
535 536  0  5 1.00
535 537  0  5 1.00
535 538  0  5 1.00
535 539  0  5 1.00
535 540  0  5 1.00
536 537  0  5 1.00
536 538  0  5 1.00
536 539  0  5 1.00
536 540  0  5 1.00
536 541  0  5 1.00
537 538  0  5 1.00
537 539  0  5 1.00
537 540  0  5 1.00
537 541  0  5 1.00
537 542  0  5 1.00
537 543  0  5 1.00
538 539  0  5 1.00
538 540  0  5 1.00
538 542  0  5 1.00
538 543  0  5 1.00
538 544  0  5 1.00
539 540  0  5 1.00
539 541  0  5 1.00
539 542  0  5 1.00
539 543  0  5 1.00
539 544  0  5 1.00
540 541  0  5 1.00
540 542  0  5 1.00
540 543  0  5 1.00
540 544  0  5 1.00
540 545  0  5 1.00
541 542  0  5 1.00
541 543  0  5 1.00
541 545  0  5 1.00
541 546  0  5 1.00
542 543  0  5 1.00
542 544  0  5 1.00
542 545  0  5 1.00
542 546  0  5 1.00
543 544  0  5 1.00
543 545  0  5 1.00
543 546  0  5 1.00
543 547  0  5 1.00
544 545  0  5 1.00
544 546  0  5 1.00
544 547  0  5 1.00
544 548  0  5 1.00
545 546  0  5 1.00
545 547  0  5 1.00
545 548  0  5 1.00
545 549  0  5 1.00
545 550  0  5 1.00
546 547  0  5 1.00
546 548  0  5 1.00
546 549  0  5 1.00
546 550  0  5 1.00
547 548  0  5 1.00
547 549  0  5 1.00
547 550  0  5 1.00
547 551  0  5 1.00
548 549  0  5 1.00
548 550  0  5 1.00
548 551  0  5 1.00
548 552  0  5 1.00
549 550  0  5 1.00
549 551  0  5 1.00
549 552  0  5 1.00
549 553  0  5 1.00
549 554  0  5 1.00
550 551  0  5 1.00
550 552  0  5 1.00
551 552  0  5 1.00
551 553  0  5 1.00
552 553  0  5 1.00
552 554  0  5 1.00
553 554  0  5 1.00
572 573  0  5 1.00
572 574  0  5 1.00
573 574  0  5 1.00
573 575  0  5 1.00
574 575  0  5 1.00
574 576  0  5 1.00
575 576  0  5 1.00
575 577  0  5 1.00
576 577  0  5 1.00
576 578  0  5 1.00
577 578  0  5 1.00
577 579  0  5 1.00
577 580  0  5 1.00
578 579  0  5 1.00
578 580  0  5 1.00
579 580  0  5 1.00
579 581  0  5 1.00
579 582  0  5 1.00
579 583  0  5 1.00
580 581  0  5 1.00
580 582  0  5 1.00
580 583  0  5 1.00
581 582  0  5 1.00
581 583  0  5 1.00
582 583  0  5 1.00
582 584  0  5 1.00
582 752  0  5 1.00
583 584  0  5 1.00
583 585  0  5 1.00
583 752  0  5 1.00
584 585  0  5 1.00
584 586  0  5 1.00
584 752  0  5 1.00
584 753  0  5 1.00
585 586  0  5 1.00
585 587  0  5 1.00
585 752  0  5 1.00
585 753  0  5 1.00
585 754  0  5 1.00
586 587  0  5 1.00
586 588  0  5 1.00
586 754  0  5 1.00
587 588  0  5 1.00
587 589  0  5 1.00
587 754  0  5 1.00
587 755  0  5 1.00
587 756  0  5 1.00
588 589  0  5 1.00
588 590  0  5 1.00
588 756  0  5 1.00
589 590  0  5 1.00
589 591  0  5 1.00
589 756  0  5 1.00
589 757  0  5 1.00
589 758  0  5 1.00
590 591  0  5 1.00
590 592  0  5 1.00
590 737  0  5 1.00
591 592  0  5 1.00
591 593  0  5 1.00
591 733  0  5 1.00
591 737  0  5 1.00
592 593  0  5 1.00
592 594  0  5 1.00
592 736  0  5 1.00
593 594  0  5 1.00
593 595  0  5 1.00
594 595  0  5 1.00
594 596  0  5 1.00
595 596  0  5 1.00
595 597  0  5 1.00
595 728  0  5 1.00
596 597  0  5 1.00
596 598  0  5 1.00
597 598  0  5 1.00
597 599  0  5 1.00
597 600  0  5 1.00
597 728  0  5 1.00
597 729  0  5 1.00
598 599  0  5 1.00
598 600  0  5 1.00
598 647  0  5 1.00
598 727  0  5 1.00
598 728  0  5 1.00
599 600  0  5 1.00
599 601  0  5 1.00
599 647  0  5 1.00
600 601  0  5 1.00
600 602  0  5 1.00
600 726  0  5 1.00
600 727  0  5 1.00
600 728  0  5 1.00
601 602  0  5 1.00
601 603  0  5 1.00
601 604  0  5 1.00
601 605  0  5 1.00
601 606  0  5 1.00
601 724  0  5 1.00
601 726  0  5 1.00
601 728  0  5 1.00
602 603  0  5 1.00
602 604  0  5 1.00
602 605  0  5 1.00
602 606  0  5 1.00
602 607  0  5 1.00
602 724  0  5 1.00
602 726  0  5 1.00
603 604  0  5 1.00
603 605  0  5 1.00
603 606  0  5 1.00
603 607  0  5 1.00
603 608  0  5 1.00
603 609  0  5 1.00
603 724  0  5 1.00
604 605  0  5 1.00
604 606  0  5 1.00
604 607  0  5 1.00
604 609  0  5 1.00
605 606  0  5 1.00
605 607  0  5 1.00
606 607  0  5 1.00
606 608  0  5 1.00
607 608  0  5 1.00
607 609  0  5 1.00
607 610  0  5 1.00
607 611  0  5 1.00
608 609  0  5 1.00
608 610  0  5 1.00
608 611  0  5 1.00
608 612  0  5 1.00
609 610  0  5 1.00
609 611  0  5 1.00
609 612  0  5 1.00
609 613  0  5 1.00
610 611  0  5 1.00
610 612  0  5 1.00
610 613  0  5 1.00
610 614  0  5 1.00
611 612  0  5 1.00
611 613  0  5 1.00
611 614  0  5 1.00
611 615  0  5 1.00
612 613  0  5 1.00
612 614  0  5 1.00
612 615  0  5 1.00
612 616  0  5 1.00
613 614  0  5 1.00
613 615  0  5 1.00
613 616  0  5 1.00
613 617  0  5 1.00
613 629  0  5 1.00
614 615  0  5 1.00
614 616  0  5 1.00
614 617  0  5 1.00
614 618  0  5 1.00
614 629  0  5 1.00
615 616  0  5 1.00
615 617  0  5 1.00
615 618  0  5 1.00
615 619  0  5 1.00
616 617  0  5 1.00
616 618  0  5 1.00
616 619  0  5 1.00
616 622  0  5 1.00
617 618  0  5 1.00
617 619  0  5 1.00
617 622  0  5 1.00
617 623  0  5 1.00
617 627  0  5 1.00
617 628  0  5 1.00
617 629  0  5 1.00
618 619  0  5 1.00
618 620  0  5 1.00
619 620  0  5 1.00
619 621  0  5 1.00
619 622  0  5 1.00
619 623  0  5 1.00
620 621  0  5 1.00
620 622  0  5 1.00
620 623  0  5 1.00
620 624  0  5 1.00
621 622  0  5 1.00
621 623  0  5 1.00
621 624  0  5 1.00
621 625  0  5 1.00
622 623  0  5 1.00
622 624  0  5 1.00
622 625  0  5 1.00
622 626  0  5 1.00
622 627  0  5 1.00
623 624  0  5 1.00
623 625  0  5 1.00
623 626  0  5 1.00
624 625  0  5 1.00
624 626  0  5 1.00
625 626  0  5 1.00
625 627  0  5 1.00
626 627  0  5 1.00
626 628  0  5 1.00
627 628  0  5 1.00
627 629  0  5 1.00
628 629  0  5 1.00
628 630  0  5 1.00
628 631  0  5 1.00
628 632  0  5 1.00
629 630  0  5 1.00
629 631  0  5 1.00
629 632  0  5 1.00
629 633  0  5 1.00
630 631  0  5 1.00
630 632  0  5 1.00
630 633  0  5 1.00
630 636  0  5 1.00
631 632  0  5 1.00
631 633  0  5 1.00
631 639  0  5 1.00
631 640  0  5 1.00
632 633  0  5 1.00
632 634  0  5 1.00
633 634  0  5 1.00
633 635  0  5 1.00
633 636  0  5 1.00
633 639  0  5 1.00
633 640  0  5 1.00
634 635  0  5 1.00
634 636  0  5 1.00
634 645  0  5 1.00
634 646  0  5 1.00
635 636  0  5 1.00
635 637  0  5 1.00
636 637  0  5 1.00
636 638  0  5 1.00
636 639  0  5 1.00
636 640  0  5 1.00
637 638  0  5 1.00
637 639  0  5 1.00
638 639  0  5 1.00
638 640  0  5 1.00
639 640  0  5 1.00
639 641  0  5 1.00
639 672  0  5 1.00
639 673  0  5 1.00
639 676  0  5 1.00
640 641  0  5 1.00
640 642  0  5 1.00
640 671  0  5 1.00
640 672  0  5 1.00
640 673  0  5 1.00
641 642  0  5 1.00
641 643  0  5 1.00
641 644  0  5 1.00
641 645  0  5 1.00
641 646  0  5 1.00
641 671  0  5 1.00
641 672  0  5 1.00
641 673  0  5 1.00
642 643  0  5 1.00
642 644  0  5 1.00
642 645  0  5 1.00
642 646  0  5 1.00
643 644  0  5 1.00
643 645  0  5 1.00
644 645  0  5 1.00
644 646  0  5 1.00
644 647  0  5 1.00
644 648  0  5 1.00
644 649  0  5 1.00
645 646  0  5 1.00
645 647  0  5 1.00
646 647  0  5 1.00
646 648  0  5 1.00
646 671  0  5 1.00
647 648  0  5 1.00
647 649  0  5 1.00
648 649  0  5 1.00
648 650  0  5 1.00
648 662  0  5 1.00
648 663  0  5 1.00
648 664  0  5 1.00
648 668  0  5 1.00
648 669  0  5 1.00
648 670  0  5 1.00
648 671  0  5 1.00
649 650  0  5 1.00
649 651  0  5 1.00
649 662  0  5 1.00
649 663  0  5 1.00
649 664  0  5 1.00
650 651  0  5 1.00
650 652  0  5 1.00
650 660  0  5 1.00
650 661  0  5 1.00
650 662  0  5 1.00
650 663  0  5 1.00
650 664  0  5 1.00
651 652  0  5 1.00
651 653  0  5 1.00
651 660  0  5 1.00
651 661  0  5 1.00
652 653  0  5 1.00
652 654  0  5 1.00
652 655  0  5 1.00
652 659  0  5 1.00
652 660  0  5 1.00
652 661  0  5 1.00
653 654  0  5 1.00
653 655  0  5 1.00
653 656  0  5 1.00
654 655  0  5 1.00
654 656  0  5 1.00
655 656  0  5 1.00
655 657  0  5 1.00
655 658  0  5 1.00
655 659  0  5 1.00
656 657  0  5 1.00
656 658  0  5 1.00
657 658  0  5 1.00
657 659  0  5 1.00
658 659  0  5 1.00
658 660  0  5 1.00
659 660  0  5 1.00
659 661  0  5 1.00
660 661  0  5 1.00
660 662  0  5 1.00
661 662  0  5 1.00
661 663  0  5 1.00
662 663  0  5 1.00
662 664  0  5 1.00
663 664  0  5 1.00
663 665  0  5 1.00
663 668  0  5 1.00
664 665  0  5 1.00
664 666  0  5 1.00
664 667  0  5 1.00
664 668  0  5 1.00
664 669  0  5 1.00
665 666  0  5 1.00
665 667  0  5 1.00
665 668  0  5 1.00
666 667  0  5 1.00
666 668  0  5 1.00
667 668  0  5 1.00
667 669  0  5 1.00
667 670  0  5 1.00
667 672  0  5 1.00
668 669  0  5 1.00
668 670  0  5 1.00
669 670  0  5 1.00
669 671  0  5 1.00
670 671  0  5 1.00
670 672  0  5 1.00
670 687  0  5 1.00
671 672  0  5 1.00
671 673  0  5 1.00
672 673  0  5 1.00
672 674  0  5 1.00
673 674  0  5 1.00
673 675  0  5 1.00
673 676  0  5 1.00
673 677  0  5 1.00
674 675  0  5 1.00
674 676  0  5 1.00
674 677  0  5 1.00
674 678  0  5 1.00
675 676  0  5 1.00
675 677  0  5 1.00
675 678  0  5 1.00
675 679  0  5 1.00
676 677  0  5 1.00
676 678  0  5 1.00
676 679  0  5 1.00
677 678  0  5 1.00
677 679  0  5 1.00
677 685  0  5 1.00
678 679  0  5 1.00
678 680  0  5 1.00
679 680  0  5 1.00
679 681  0  5 1.00
679 684  0  5 1.00
679 685  0  5 1.00
679 686  0  5 1.00
680 681  0  5 1.00
680 682  0  5 1.00
680 683  0  5 1.00
680 684  0  5 1.00
680 685  0  5 1.00
681 682  0  5 1.00
681 683  0  5 1.00
681 684  0  5 1.00
682 683  0  5 1.00
682 684  0  5 1.00
683 684  0  5 1.00
683 685  0  5 1.00
684 685  0  5 1.00
684 686  0  5 1.00
685 686  0  5 1.00
685 687  0  5 1.00
685 688  0  5 1.00
685 689  0  5 1.00
686 687  0  5 1.00
686 688  0  5 1.00
686 689  0  5 1.00
686 690  0  5 1.00
687 688  0  5 1.00
687 689  0  5 1.00
687 690  0  5 1.00
687 691  0  5 1.00
688 689  0  5 1.00
688 690  0  5 1.00
688 691  0  5 1.00
688 692  0  5 1.00
689 690  0  5 1.00
689 691  0  5 1.00
689 692  0  5 1.00
690 691  0  5 1.00
690 692  0  5 1.00
690 723  0  5 1.00
690 724  0  5 1.00
690 725  0  5 1.00
690 726  0  5 1.00
691 692  0  5 1.00
691 693  0  5 1.00
691 723  0  5 1.00
691 725  0  5 1.00
692 693  0  5 1.00
692 694  0  5 1.00
692 722  0  5 1.00
692 723  0  5 1.00
692 724  0  5 1.00
693 694  0  5 1.00
693 695  0  5 1.00
693 696  0  5 1.00
693 697  0  5 1.00
693 698  0  5 1.00
693 720  0  5 1.00
693 721  0  5 1.00
693 722  0  5 1.00
693 723  0  5 1.00
693 724  0  5 1.00
694 695  0  5 1.00
694 696  0  5 1.00
694 697  0  5 1.00
694 698  0  5 1.00
694 719  0  5 1.00
694 720  0  5 1.00
694 721  0  5 1.00
694 722  0  5 1.00
694 723  0  5 1.00
695 696  0  5 1.00
695 697  0  5 1.00
695 698  0  5 1.00
695 699  0  5 1.00
695 720  0  5 1.00
696 697  0  5 1.00
696 698  0  5 1.00
696 699  0  5 1.00
696 700  0  5 1.00
697 698  0  5 1.00
697 699  0  5 1.00
697 700  0  5 1.00
697 701  0  5 1.00
697 702  0  5 1.00
698 699  0  5 1.00
698 700  0  5 1.00
698 701  0  5 1.00
698 702  0  5 1.00
699 700  0  5 1.00
699 701  0  5 1.00
699 702  0  5 1.00
700 701  0  5 1.00
700 702  0  5 1.00
701 702  0  5 1.00
701 703  0  5 1.00
701 704  0  5 1.00
701 705  0  5 1.00
701 708  0  5 1.00
702 703  0  5 1.00
702 704  0  5 1.00
703 704  0  5 1.00
703 705  0  5 1.00
704 705  0  5 1.00
704 706  0  5 1.00
704 707  0  5 1.00
704 708  0  5 1.00
704 709  0  5 1.00
705 706  0  5 1.00
705 707  0  5 1.00
705 708  0  5 1.00
705 709  0  5 1.00
706 707  0  5 1.00
706 708  0  5 1.00
706 709  0  5 1.00
706 710  0  5 1.00
707 708  0  5 1.00
707 709  0  5 1.00
707 710  0  5 1.00
707 711  0  5 1.00
708 709  0  5 1.00
708 710  0  5 1.00
708 711  0  5 1.00
708 712  0  5 1.00
709 710  0  5 1.00
709 711  0  5 1.00
709 712  0  5 1.00
709 713  0  5 1.00
710 711  0  5 1.00
710 712  0  5 1.00
710 713  0  5 1.00
710 714  0  5 1.00
711 712  0  5 1.00
711 713  0  5 1.00
711 714  0  5 1.00
711 715  0  5 1.00
712 713  0  5 1.00
712 714  0  5 1.00
712 715  0  5 1.00
712 716  0  5 1.00
713 714  0  5 1.00
713 715  0  5 1.00
713 716  0  5 1.00
713 717  0  5 1.00
713 742  0  5 1.00
714 715  0  5 1.00
714 716  0  5 1.00
714 717  0  5 1.00
714 718  0  5 1.00
714 719  0  5 1.00
714 720  0  5 1.00
715 716  0  5 1.00
715 717  0  5 1.00
715 718  0  5 1.00
715 719  0  5 1.00
715 720  0  5 1.00
716 717  0  5 1.00
716 718  0  5 1.00
716 771  0  5 1.00
717 718  0  5 1.00
717 719  0  5 1.00
718 719  0  5 1.00
718 720  0  5 1.00
719 720  0  5 1.00
719 721  0  5 1.00
719 722  0  5 1.00
720 721  0  5 1.00
720 722  0  5 1.00
721 722  0  5 1.00
721 723  0  5 1.00
722 723  0  5 1.00
722 724  0  5 1.00
723 724  0  5 1.00
723 725  0  5 1.00
723 726  0  5 1.00
724 725  0  5 1.00
724 726  0  5 1.00
725 726  0  5 1.00
725 727  0  5 1.00
726 727  0  5 1.00
726 728  0  5 1.00
727 728  0  5 1.00
727 729  0  5 1.00
727 730  0  5 1.00
727 731  0  5 1.00
728 729  0  5 1.00
728 730  0  5 1.00
728 731  0  5 1.00
729 730  0  5 1.00
729 731  0  5 1.00
730 731  0  5 1.00
730 732  0  5 1.00
731 732  0  5 1.00
731 733  0  5 1.00
732 733  0  5 1.00
732 734  0  5 1.00
732 735  0  5 1.00
732 736  0  5 1.00
733 734  0  5 1.00
733 735  0  5 1.00
733 736  0  5 1.00
733 737  0  5 1.00
734 735  0  5 1.00
734 736  0  5 1.00
734 737  0  5 1.00
734 738  0  5 1.00
734 762  0  5 1.00
735 736  0  5 1.00
735 737  0  5 1.00
735 738  0  5 1.00
735 739  0  5 1.00
736 737  0  5 1.00
736 738  0  5 1.00
736 739  0  5 1.00
736 740  0  5 1.00
737 738  0  5 1.00
737 739  0  5 1.00
737 740  0  5 1.00
737 741  0  5 1.00
738 739  0  5 1.00
738 740  0  5 1.00
738 741  0  5 1.00
738 742  0  5 1.00
739 740  0  5 1.00
739 741  0  5 1.00
739 742  0  5 1.00
739 743  0  5 1.00
740 741  0  5 1.00
740 742  0  5 1.00
740 743  0  5 1.00
740 744  0  5 1.00
741 742  0  5 1.00
741 743  0  5 1.00
741 744  0  5 1.00
741 745  0  5 1.00
742 743  0  5 1.00
742 744  0  5 1.00
742 745  0  5 1.00
742 746  0  5 1.00
743 744  0  5 1.00
743 745  0  5 1.00
743 746  0  5 1.00
743 747  0  5 1.00
744 745  0  5 1.00
744 746  0  5 1.00
744 747  0  5 1.00
744 748  0  5 1.00
745 746  0  5 1.00
745 747  0  5 1.00
745 748  0  5 1.00
746 747  0  5 1.00
746 748  0  5 1.00
746 749  0  5 1.00
747 748  0  5 1.00
747 749  0  5 1.00
748 749  0  5 1.00
748 750  0  5 1.00
748 782  0  5 1.00
749 750  0  5 1.00
749 751  0  5 1.00
750 751  0  5 1.00
750 752  0  5 1.00
750 782  0  5 1.00
750 783  0  5 1.00
751 752  0  5 1.00
751 753  0  5 1.00
751 782  0  5 1.00
751 783  0  5 1.00
751 784  0  5 1.00
752 753  0  5 1.00
752 754  0  5 1.00
752 783  0  5 1.00
752 784  0  5 1.00
753 754  0  5 1.00
753 755  0  5 1.00
753 783  0  5 1.00
753 784  0  5 1.00
753 785  0  5 1.00
754 755  0  5 1.00
754 756  0  5 1.00
754 785  0  5 1.00
755 756  0  5 1.00
755 757  0  5 1.00
755 785  0  5 1.00
755 786  0  5 1.00
755 787  0  5 1.00
756 757  0  5 1.00
756 758  0  5 1.00
756 787  0  5 1.00
757 758  0  5 1.00
757 759  0  5 1.00
757 787  0  5 1.00
757 788  0  5 1.00
757 789  0  5 1.00
758 759  0  5 1.00
758 760  0  5 1.00
758 789  0  5 1.00
759 760  0  5 1.00
759 761  0  5 1.00
759 762  0  5 1.00
759 789  0  5 1.00
759 790  0  5 1.00
760 761  0  5 1.00
760 762  0  5 1.00
760 789  0  5 1.00
761 762  0  5 1.00
761 763  0  5 1.00
761 764  0  5 1.00
762 763  0  5 1.00
762 764  0  5 1.00
763 764  0  5 1.00
763 765  0  5 1.00
764 765  0  5 1.00
764 766  0  5 1.00
765 766  0  5 1.00
765 767  0  5 1.00
765 768  0  5 1.00
765 769  0  5 1.00
766 767  0  5 1.00
766 768  0  5 1.00
766 769  0  5 1.00
766 770  0  5 1.00
767 768  0  5 1.00
767 769  0  5 1.00
767 770  0  5 1.00
767 771  0  5 1.00
768 769  0  5 1.00
768 770  0  5 1.00
768 771  0  5 1.00
768 772  0  5 1.00
769 770  0  5 1.00
769 771  0  5 1.00
769 772  0  5 1.00
769 773  0  5 1.00
769 774  0  5 1.00
770 771  0  5 1.00
770 772  0  5 1.00
770 773  0  5 1.00
770 774  0  5 1.00
771 772  0  5 1.00
771 773  0  5 1.00
771 774  0  5 1.00
771 775  0  5 1.00
772 773  0  5 1.00
772 774  0  5 1.00
772 775  0  5 1.00
772 776  0  5 1.00
773 774  0  5 1.00
773 775  0  5 1.00
773 776  0  5 1.00
773 777  0  5 1.00
774 775  0  5 1.00
774 776  0  5 1.00
774 777  0  5 1.00
774 778  0  5 1.00
775 776  0  5 1.00
775 777  0  5 1.00
775 778  0  5 1.00
775 779  0  5 1.00
776 777  0  5 1.00
776 778  0  5 1.00
776 779  0  5 1.00
776 780  0  5 1.00
777 778  0  5 1.00
777 779  0  5 1.00
777 780  0  5 1.00
777 781  0  5 1.00
778 779  0  5 1.00
778 780  0  5 1.00
778 781  0  5 1.00
778 782  0  5 1.00
779 780  0  5 1.00
779 781  0  5 1.00
779 782  0  5 1.00
779 783  0  5 1.00
779 784  0  5 1.00
780 781  0  5 1.00
780 782  0  5 1.00
780 783  0  5 1.00
780 784  0  5 1.00
781 782  0  5 1.00
781 783  0  5 1.00
782 783  0  5 1.00
782 784  0  5 1.00
783 784  0  5 1.00
783 785  0  5 1.00
784 785  0  5 1.00
784 786  0  5 1.00
785 786  0  5 1.00
785 787  0  5 1.00
786 787  0  5 1.00
786 788  0  5 1.00
787 788  0  5 1.00
787 789  0  5 1.00
788 789  0  5 1.00
788 790  0  5 1.00
789 790  0  5 1.00
789 791  0  5 1.00
790 791  0  5 1.00
790 792  0  5 1.00
791 792  0  5 1.00
791 793  0  5 1.00
792 793  0  5 1.00
792 794  0  5 1.00
792 795  0  5 1.00
792 796  0  5 1.00
793 794  0  5 1.00
793 795  0  5 1.00
793 796  0  5 1.00
793 797  0  5 1.00
794 795  0  5 1.00
794 796  0  5 1.00
794 797  0  5 1.00
794 798  0  5 1.00
795 796  0  5 1.00
795 797  0  5 1.00
795 798  0  5 1.00
795 799  0  5 1.00
796 797  0  5 1.00
796 798  0  5 1.00
796 799  0  5 1.00
796 822  0  5 1.00
797 798  0  5 1.00
797 799  0  5 1.00
798 799  0  5 1.00
798 800  0  5 1.00
799 800  0  5 1.00
799 801  0  5 1.00
800 801  0  5 1.00
800 802  0  5 1.00
800 820  0  5 1.00
800 821  0  5 1.00
801 802  0  5 1.00
801 803  0  5 1.00
801 820  0  5 1.00
801 821  0  5 1.00
802 803  0  5 1.00
802 804  0  5 1.00
802 818  0  5 1.00
802 819  0  5 1.00
802 820  0  5 1.00
802 821  0  5 1.00
803 804  0  5 1.00
803 805  0  5 1.00
803 818  0  5 1.00
803 819  0  5 1.00
804 805  0  5 1.00
804 806  0  5 1.00
804 815  0  5 1.00
804 816  0  5 1.00
804 817  0  5 1.00
804 818  0  5 1.00
804 819  0  5 1.00
805 806  0  5 1.00
805 807  0  5 1.00
805 815  0  5 1.00
805 816  0  5 1.00
805 817  0  5 1.00
806 807  0  5 1.00
806 808  0  5 1.00
806 812  0  5 1.00
806 813  0  5 1.00
806 814  0  5 1.00
806 815  0  5 1.00
806 816  0  5 1.00
806 817  0  5 1.00
807 808  0  5 1.00
807 809  0  5 1.00
807 812  0  5 1.00
807 813  0  5 1.00
807 814  0  5 1.00
807 815  0  5 1.00
808 809  0  5 1.00
808 810  0  5 1.00
808 812  0  5 1.00
808 813  0  5 1.00
808 814  0  5 1.00
809 810  0  5 1.00
809 811  0  5 1.00
809 812  0  5 1.00
809 813  0  5 1.00
810 811  0  5 1.00
810 812  0  5 1.00
810 813  0  5 1.00
810 814  0  5 1.00
811 812  0  5 1.00
811 813  0  5 1.00
812 813  0  5 1.00
812 814  0  5 1.00
813 814  0  5 1.00
813 815  0  5 1.00
814 815  0  5 1.00
814 816  0  5 1.00
815 816  0  5 1.00
815 817  0  5 1.00
816 817  0  5 1.00
816 818  0  5 1.00
817 818  0  5 1.00
817 819  0  5 1.00
817 829  0  5 1.00
817 830  0  5 1.00
818 819  0  5 1.00
818 820  0  5 1.00
819 820  0  5 1.00
819 821  0  5 1.00
820 821  0  5 1.00
820 822  0  5 1.00
820 825  0  5 1.00
821 822  0  5 1.00
821 823  0  5 1.00
821 824  0  5 1.00
821 825  0  5 1.00
821 826  0  5 1.00
822 823  0  5 1.00
822 824  0  5 1.00
822 825  0  5 1.00
822 826  0  5 1.00
823 824  0  5 1.00
823 825  0  5 1.00
823 826  0  5 1.00
823 827  0  5 1.00
824 825  0  5 1.00
824 826  0  5 1.00
824 827  0  5 1.00
824 828  0  5 1.00
825 826  0  5 1.00
825 827  0  5 1.00
825 828  0  5 1.00
825 834  0  5 1.00
826 827  0  5 1.00
826 828  0  5 1.00
826 834  0  5 1.00
826 835  0  5 1.00
826 838  0  5 1.00
827 828  0  5 1.00
827 829  0  5 1.00
828 829  0  5 1.00
828 830  0  5 1.00
828 831  0  5 1.00
829 830  0  5 1.00
829 831  0  5 1.00
830 831  0  5 1.00
830 832  0  5 1.00
831 832  0  5 1.00
831 833  0  5 1.00
831 834  0  5 1.00
832 833  0  5 1.00
832 834  0  5 1.00
832 835  0  5 1.00
832 836  0  5 1.00
833 834  0  5 1.00
833 835  0  5 1.00
833 836  0  5 1.00
833 837  0  5 1.00
833 838  0  5 1.00
834 835  0  5 1.00
834 836  0  5 1.00
834 837  0  5 1.00
834 838  0  5 1.00
835 836  0  5 1.00
835 837  0  5 1.00
835 838  0  5 1.00
835 839  0  5 1.00
836 837  0  5 1.00
836 838  0  5 1.00
836 839  0  5 1.00
836 840  0  5 1.00
837 838  0  5 1.00
837 839  0  5 1.00
837 840  0  5 1.00
837 841  0  5 1.00
838 839  0  5 1.00
838 840  0  5 1.00
838 841  0  5 1.00
839 840  0  5 1.00
839 841  0  5 1.00
840 841  0  5 1.00
840 842  0  5 1.00
841 842  0  5 1.00
END
HELX_P HELX_P1   AA1 GLY A 48  ? PHE A 54  ? GLY A 48  PHE A 54  1 ? 7  
HELX_P HELX_P2   AA2 THR A 56  ? SER A 70  ? THR A 56  SER A 70  1 ? 15 
HELX_P HELX_P3   AA3 LEU A 76  ? GLY A 81  ? LEU A 76  GLY A 81  1 ? 6  
HELX_P HELX_P4   AA4 SER A 109 ? THR A 114 ? SER A 109 THR A 114 1 ? 6  
HELX_P HELX_P5   AA5 THR A 115 ? GLY A 128 ? THR A 115 GLY A 128 1 ? 14 
HELX_P HELX_P6   AA6 TYR A 138 ? SER A 143 ? TYR A 138 SER A 143 5 ? 6  
HELX_P HELX_P7   AA7 THR A 164 ? VAL A 169 ? THR A 164 VAL A 169 1 ? 6  
HELX_P HELX_P8   AA8 GLN A 186 ? LEU A 200 ? GLN A 186 LEU A 200 1 ? 15 
HELX_P HELX_P9   AA9 PRO A 207 ? LEU A 211 ? PRO A 207 LEU A 211 5 ? 5  
HELX_P HELX_P10  AB1 PRO A 212 ? THR A 222 ? PRO A 212 THR A 222 1 ? 11 
HELX_P HELX_P11  AB2 THR A 235 ? LYS A 246 ? THR A 235 LYS A 246 1 ? 12 
HELX_P HELX_P12  AB3 SER A 257 ? THR A 269 ? SER A 257 THR A 269 1 ? 13 
HELX_P HELX_P13  AB4 SER A 271 ? GLN A 279 ? SER A 271 GLN A 279 1 ? 9  
HELX_P HELX_P14  AB5 GLY A 280 ? MET A 282 ? GLY A 280 MET A 282 5 ? 3  
HELX_P HELX_P15  AB6 ASP A 308 ? LEU A 315 ? ASP A 308 LEU A 315 1 ? 8  
HELX_P HELX_P16  AB7 PRO A 316 ? GLU A 329 ? PRO A 316 GLU A 329 1 ? 14 
HELX_P HELX_P17  AB8 GLU A 344 ? LEU A 366 ? GLU A 344 LEU A 366 1 ? 23 
HELX_P HELX_P18  AB9 SER A 376 ? LEU A 380 ? SER A 376 LEU A 380 5 ? 5  
HELX_P HELX_P19  AC1 SER A 381 ? LEU A 394 ? SER A 381 LEU A 394 1 ? 14 
HELX_P HELX_P20  AC2 HIS A 413 ? ALA A 415 ? HIS A 413 ALA A 415 5 ? 3  
HELX_P HELX_P21  AC3 ASP A 416 ? ARG A 429 ? ASP A 416 ARG A 429 1 ? 14 
HELX_P HELX_P22  AC4 ASP A 440 ? ARG A 445 ? ASP A 440 ARG A 445 1 ? 6  
HELX_P HELX_P23  AC5 ALA A 457 ? GLY A 461 ? ALA A 457 GLY A 461 5 ? 5  
HELX_P HELX_P24  AC6 PRO A 469 ? VAL A 476 ? PRO A 469 VAL A 476 5 ? 8  
HELX_P HELX_P25  AC7 SER A 479 ? ALA A 487 ? SER A 479 ALA A 487 1 ? 9  
HELX_P HELX_P26  AC8 GLY A 535 ? VAL A 540 ? GLY A 535 VAL A 540 1 ? 6  
HELX_P HELX_P27  AC9 LEU A 544 ? PHE A 552 ? LEU A 544 PHE A 552 1 ? 9  
HELX_P HELX_P28  AD1 LEU A 580 ? ILE A 583 ? LEU A 580 ILE A 583 5 ? 4  
HELX_P HELX_P29  AD2 ASN A 601 ? THR A 606 ? ASN A 601 THR A 606 1 ? 6  
HELX_P HELX_P30  AD3 LEU A 608 ? ALA A 618 ? LEU A 608 ALA A 618 1 ? 11 
HELX_P HELX_P31  AD4 THR A 619 ? ARG A 625 ? THR A 619 ARG A 625 1 ? 7  
HELX_P HELX_P32  AD5 ASN A 628 ? SER A 633 ? ASN A 628 SER A 633 5 ? 6  
HELX_P HELX_P33  AD6 GLU A 675 ? VAL A 679 ? GLU A 675 VAL A 679 5 ? 5  
HELX_P HELX_P34  AD7 ASN A 685 ? ALA A 691 ? ASN A 685 ALA A 691 1 ? 7  
HELX_P HELX_P35  AD8 THR A 693 ? PHE A 701 ? THR A 693 PHE A 701 1 ? 9  
HELX_P HELX_P36  AD9 GLU A 704 ? VAL A 717 ? GLU A 704 VAL A 717 1 ? 14 
HELX_P HELX_P37  AE1 PRO A 727 ? LEU A 731 ? PRO A 727 LEU A 731 5 ? 5  
HELX_P HELX_P38  AE2 SER A 732 ? GLU A 744 ? SER A 732 GLU A 744 1 ? 13 
HELX_P HELX_P39  AE3 HIS A 765 ? ALA A 782 ? HIS A 765 ALA A 782 1 ? 18 
HELX_P HELX_P40  AE4 LYS A 792 ? ALA A 797 ? LYS A 792 ALA A 797 1 ? 6  
HELX_P HELX_P41  AE5 ALA A 809 ? GLY A 813 ? ALA A 809 GLY A 813 5 ? 5  
HELX_P HELX_P42  AE6 THR A 821 ? ALA A 826 ? THR A 821 ALA A 826 1 ? 6  
HELX_P HELX_P43  AE7 THR A 833 ? LEU A 841 ? THR A 833 LEU A 841 1 ? 9  