2xcq 726
  3   4  0  5 1.00
  3   5  0  5 1.00
  4   5  0  5 1.00
  4   6  0  5 1.00
  4  75  0  5 1.00
  4  76  0  5 1.00
  5   6  0  5 1.00
  5   7  0  5 1.00
  5  10  0  5 1.00
  6   7  0  5 1.00
  6   8  0  5 1.00
  6   9  0  5 1.00
  6  10  0  5 1.00
  7   8  0  5 1.00
  7   9  0  5 1.00
  8   9  0  5 1.00
  8  10  0  5 1.00
  9  10  0  5 1.00
  9  11  0  5 1.00
  9  46  0  5 1.00
  9  47  0  5 1.00
  9  48  0  5 1.00
 10  11  0  5 1.00
 10  12  0  5 1.00
 10  46  0  5 1.00
 11  12  0  5 1.00
 11  13  0  5 1.00
 11  44  0  5 1.00
 11  45  0  5 1.00
 11  46  0  5 1.00
 12  13  0  5 1.00
 12  14  0  5 1.00
 12  41  0  5 1.00
 12  44  0  5 1.00
 13  14  0  5 1.00
 13  15  0  5 1.00
 13  41  0  5 1.00
 13  42  0  5 1.00
 13  43  0  5 1.00
 13  44  0  5 1.00
 13  45  0  5 1.00
 14  15  0  5 1.00
 14  16  0  5 1.00
 14  41  0  5 1.00
 14  42  0  5 1.00
 14  43  0  5 1.00
 15  16  0  5 1.00
 15  17  0  5 1.00
 15  41  0  5 1.00
 15  42  0  5 1.00
 15  43  0  5 1.00
 16  17  0  5 1.00
 16  18  0  5 1.00
 17  18  0  5 1.00
 17  19  0  5 1.00
 17  20  0  5 1.00
 17  21  0  5 1.00
 18  19  0  5 1.00
 18  20  0  5 1.00
 18  21  0  5 1.00
 18  91  0  5 1.00
 18  92  0  5 1.00
 18  93  0  5 1.00
 19  20  0  5 1.00
 19  21  0  5 1.00
 20  21  0  5 1.00
 20  22  0  5 1.00
 20  43  0  5 1.00
 21  22  0  5 1.00
 21  23  0  5 1.00
 21  43  0  5 1.00
 21  92  0  5 1.00
 21  93  0  5 1.00
 21  94  0  5 1.00
 22  23  0  5 1.00
 22  24  0  5 1.00
 22  43  0  5 1.00
 22  44  0  5 1.00
 22  45  0  5 1.00
 22  92  0  5 1.00
 22  94  0  5 1.00
 23  24  0  5 1.00
 23  25  0  5 1.00
 23  45  0  5 1.00
 23  94  0  5 1.00
 23  95  0  5 1.00
 23  96  0  5 1.00
 24  25  0  5 1.00
 24  26  0  5 1.00
 24  45  0  5 1.00
 24  46  0  5 1.00
 24  47  0  5 1.00
 24  48  0  5 1.00
 24  96  0  5 1.00
 25  26  0  5 1.00
 25  27  0  5 1.00
 25  47  0  5 1.00
 25  96  0  5 1.00
 25  97  0  5 1.00
 25  98  0  5 1.00
 25  99  0  5 1.00
 26  27  0  5 1.00
 26  28  0  5 1.00
 26  47  0  5 1.00
 26  48  0  5 1.00
 26  49  0  5 1.00
 26  98  0  5 1.00
 27  28  0  5 1.00
 27  29  0  5 1.00
 27  30  0  5 1.00
 27  31  0  5 1.00
 27  32  0  5 1.00
 27  49  0  5 1.00
 27  98  0  5 1.00
 28  29  0  5 1.00
 28  30  0  5 1.00
 28  31  0  5 1.00
 28  32  0  5 1.00
 28  33  0  5 1.00
 28  48  0  5 1.00
 28  49  0  5 1.00
 28  50  0  5 1.00
 29  30  0  5 1.00
 29  31  0  5 1.00
 30  31  0  5 1.00
 30  32  0  5 1.00
 30 175  0  5 1.00
 30 176  0  5 1.00
 31  32  0  5 1.00
 31  33  0  5 1.00
 31  34  0  5 1.00
 31  35  0  5 1.00
 31  36  0  5 1.00
 32  33  0  5 1.00
 32  34  0  5 1.00
 32  35  0  5 1.00
 32  36  0  5 1.00
 33  34  0  5 1.00
 33  35  0  5 1.00
 33  36  0  5 1.00
 33  37  0  5 1.00
 34  35  0  5 1.00
 34  36  0  5 1.00
 34  37  0  5 1.00
 34  38  0  5 1.00
 34 180  0  5 1.00
 35  36  0  5 1.00
 35  37  0  5 1.00
 35  38  0  5 1.00
 35  39  0  5 1.00
 36  37  0  5 1.00
 36  38  0  5 1.00
 36  39  0  5 1.00
 37  38  0  5 1.00
 37  39  0  5 1.00
 38  39  0  5 1.00
 38  40  0  5 1.00
 38 180  0  5 1.00
 38 181  0  5 1.00
 38 184  0  5 1.00
 39  40  0  5 1.00
 39  41  0  5 1.00
 40  41  0  5 1.00
 40  42  0  5 1.00
 40  43  0  5 1.00
 40  44  0  5 1.00
 41  42  0  5 1.00
 41  43  0  5 1.00
 41  44  0  5 1.00
 42  43  0  5 1.00
 42  44  0  5 1.00
 43  44  0  5 1.00
 43  45  0  5 1.00
 44  45  0  5 1.00
 44  46  0  5 1.00
 45  46  0  5 1.00
 45  47  0  5 1.00
 46  47  0  5 1.00
 46  48  0  5 1.00
 47  48  0  5 1.00
 47  49  0  5 1.00
 48  49  0  5 1.00
 48  50  0  5 1.00
 49  50  0  5 1.00
 49  51  0  5 1.00
 50  51  0  5 1.00
 50  52  0  5 1.00
 50  53  0  5 1.00
 50  54  0  5 1.00
 51  52  0  5 1.00
 51  53  0  5 1.00
 51  54  0  5 1.00
 51  55  0  5 1.00
 52  53  0  5 1.00
 52  54  0  5 1.00
 52  55  0  5 1.00
 53  54  0  5 1.00
 53  55  0  5 1.00
 54  55  0  5 1.00
 54  56  0  5 1.00
 55  56  0  5 1.00
 64  65  0  5 1.00
 64  66  0  5 1.00
 65  66  0  5 1.00
 65  67  0  5 1.00
 66  67  0  5 1.00
 66  68  0  5 1.00
 67  68  0  5 1.00
 67  69  0  5 1.00
 67  70  0  5 1.00
 67  71  0  5 1.00
 67  72  0  5 1.00
 68  69  0  5 1.00
 68  70  0  5 1.00
 68  71  0  5 1.00
 68  72  0  5 1.00
 69  70  0  5 1.00
 69  71  0  5 1.00
 69  72  0  5 1.00
 69  73  0  5 1.00
 70  71  0  5 1.00
 70  72  0  5 1.00
 70  73  0  5 1.00
 70  74  0  5 1.00
 71  72  0  5 1.00
 71  73  0  5 1.00
 71  74  0  5 1.00
 71  75  0  5 1.00
 72  73  0  5 1.00
 72  74  0  5 1.00
 72  75  0  5 1.00
 72  76  0  5 1.00
 72  77  0  5 1.00
 73  74  0  5 1.00
 73  75  0  5 1.00
 73  76  0  5 1.00
 73  77  0  5 1.00
 74  75  0  5 1.00
 74  76  0  5 1.00
 74  77  0  5 1.00
 74  78  0  5 1.00
 75  76  0  5 1.00
 75  77  0  5 1.00
 75  78  0  5 1.00
 76  77  0  5 1.00
 76  78  0  5 1.00
 77  78  0  5 1.00
 77  79  0  5 1.00
 77  89  0  5 1.00
 77  90  0  5 1.00
 77  91  0  5 1.00
 78  79  0  5 1.00
 78  80  0  5 1.00
 78  89  0  5 1.00
 78  90  0  5 1.00
 79  80  0  5 1.00
 79  81  0  5 1.00
 79  84  0  5 1.00
 79  85  0  5 1.00
 79  86  0  5 1.00
 79  89  0  5 1.00
 80  81  0  5 1.00
 80  82  0  5 1.00
 80  83  0  5 1.00
 80  84  0  5 1.00
 80  85  0  5 1.00
 80 119  0  5 1.00
 81  82  0  5 1.00
 81  83  0  5 1.00
 81  84  0  5 1.00
 81  85  0  5 1.00
 81 119  0  5 1.00
 82  83  0  5 1.00
 82  84  0  5 1.00
 82  85  0  5 1.00
 83  84  0  5 1.00
 83  85  0  5 1.00
 84  85  0  5 1.00
 84  86  0  5 1.00
 85  86  0  5 1.00
 85  87  0  5 1.00
 86  87  0  5 1.00
 86  88  0  5 1.00
 86  89  0  5 1.00
 87  88  0  5 1.00
 87  89  0  5 1.00
 87  90  0  5 1.00
 88  89  0  5 1.00
 88  90  0  5 1.00
 89  90  0  5 1.00
 89  91  0  5 1.00
 90  91  0  5 1.00
 90  92  0  5 1.00
 91  92  0  5 1.00
 91  93  0  5 1.00
 92  93  0  5 1.00
 92  94  0  5 1.00
 93  94  0  5 1.00
 93  95  0  5 1.00
 93 128  0  5 1.00
 94  95  0  5 1.00
 94  96  0  5 1.00
 94 128  0  5 1.00
 95  96  0  5 1.00
 95  97  0  5 1.00
 95 128  0  5 1.00
 95 129  0  5 1.00
 95 130  0  5 1.00
 96  97  0  5 1.00
 96  98  0  5 1.00
 96 130  0  5 1.00
 97  98  0  5 1.00
 97  99  0  5 1.00
 97 130  0  5 1.00
 97 131  0  5 1.00
 97 132  0  5 1.00
 98  99  0  5 1.00
 98 100  0  5 1.00
 99 100  0  5 1.00
 99 101  0  5 1.00
 99 105  0  5 1.00
100 101  0  5 1.00
100 102  0  5 1.00
100 105  0  5 1.00
100 106  0  5 1.00
100 173  0  5 1.00
100 174  0  5 1.00
100 175  0  5 1.00
101 102  0  5 1.00
101 103  0  5 1.00
101 106  0  5 1.00
101 173  0  5 1.00
102 103  0  5 1.00
102 104  0  5 1.00
102 105  0  5 1.00
102 106  0  5 1.00
102 107  0  5 1.00
102 173  0  5 1.00
103 104  0  5 1.00
103 105  0  5 1.00
103 106  0  5 1.00
103 107  0  5 1.00
104 105  0  5 1.00
104 106  0  5 1.00
104 107  0  5 1.00
104 108  0  5 1.00
105 106  0  5 1.00
105 107  0  5 1.00
105 108  0  5 1.00
105 109  0  5 1.00
106 107  0  5 1.00
106 108  0  5 1.00
106 109  0  5 1.00
106 110  0  5 1.00
106 111  0  5 1.00
107 108  0  5 1.00
107 109  0  5 1.00
107 110  0  5 1.00
107 111  0  5 1.00
108 109  0  5 1.00
108 110  0  5 1.00
108 111  0  5 1.00
108 112  0  5 1.00
108 113  0  5 1.00
109 110  0  5 1.00
109 111  0  5 1.00
109 112  0  5 1.00
109 113  0  5 1.00
109 114  0  5 1.00
110 111  0  5 1.00
110 112  0  5 1.00
110 113  0  5 1.00
110 114  0  5 1.00
110 115  0  5 1.00
111 112  0  5 1.00
111 113  0  5 1.00
111 114  0  5 1.00
111 115  0  5 1.00
112 113  0  5 1.00
112 114  0  5 1.00
112 115  0  5 1.00
112 116  0  5 1.00
113 114  0  5 1.00
113 115  0  5 1.00
113 116  0  5 1.00
113 117  0  5 1.00
114 115  0  5 1.00
114 116  0  5 1.00
114 117  0  5 1.00
114 118  0  5 1.00
115 116  0  5 1.00
115 117  0  5 1.00
115 118  0  5 1.00
115 119  0  5 1.00
115 120  0  5 1.00
116 117  0  5 1.00
116 118  0  5 1.00
116 119  0  5 1.00
116 120  0  5 1.00
116 121  0  5 1.00
117 118  0  5 1.00
117 119  0  5 1.00
117 120  0  5 1.00
117 121  0  5 1.00
118 119  0  5 1.00
118 120  0  5 1.00
118 121  0  5 1.00
119 120  0  5 1.00
119 121  0  5 1.00
120 121  0  5 1.00
120 122  0  5 1.00
120 123  0  5 1.00
120 124  0  5 1.00
121 122  0  5 1.00
121 123  0  5 1.00
121 124  0  5 1.00
121 125  0  5 1.00
122 123  0  5 1.00
122 124  0  5 1.00
122 125  0  5 1.00
122 126  0  5 1.00
122 127  0  5 1.00
123 124  0  5 1.00
123 125  0  5 1.00
123 126  0  5 1.00
123 127  0  5 1.00
123 128  0  5 1.00
123 129  0  5 1.00
124 125  0  5 1.00
124 126  0  5 1.00
124 127  0  5 1.00
124 128  0  5 1.00
124 198  0  5 1.00
125 126  0  5 1.00
125 127  0  5 1.00
126 127  0  5 1.00
126 128  0  5 1.00
127 128  0  5 1.00
127 129  0  5 1.00
128 129  0  5 1.00
128 130  0  5 1.00
129 130  0  5 1.00
129 131  0  5 1.00
129 196  0  5 1.00
129 197  0  5 1.00
129 198  0  5 1.00
130 131  0  5 1.00
130 132  0  5 1.00
130 196  0  5 1.00
130 197  0  5 1.00
131 132  0  5 1.00
131 133  0  5 1.00
131 195  0  5 1.00
131 196  0  5 1.00
132 133  0  5 1.00
132 134  0  5 1.00
132 195  0  5 1.00
133 134  0  5 1.00
133 135  0  5 1.00
133 186  0  5 1.00
133 187  0  5 1.00
133 193  0  5 1.00
133 194  0  5 1.00
133 195  0  5 1.00
134 135  0  5 1.00
134 136  0  5 1.00
134 149  0  5 1.00
135 136  0  5 1.00
135 137  0  5 1.00
135 148  0  5 1.00
135 149  0  5 1.00
136 137  0  5 1.00
136 138  0  5 1.00
136 148  0  5 1.00
136 149  0  5 1.00
136 170  0  5 1.00
136 171  0  5 1.00
136 172  0  5 1.00
137 138  0  5 1.00
137 139  0  5 1.00
137 146  0  5 1.00
137 147  0  5 1.00
137 148  0  5 1.00
137 170  0  5 1.00
137 171  0  5 1.00
137 172  0  5 1.00
138 139  0  5 1.00
138 140  0  5 1.00
138 146  0  5 1.00
138 168  0  5 1.00
138 169  0  5 1.00
138 170  0  5 1.00
139 140  0  5 1.00
139 141  0  5 1.00
139 144  0  5 1.00
139 145  0  5 1.00
139 146  0  5 1.00
139 168  0  5 1.00
140 141  0  5 1.00
140 142  0  5 1.00
140 144  0  5 1.00
140 145  0  5 1.00
140 168  0  5 1.00
141 142  0  5 1.00
141 143  0  5 1.00
141 144  0  5 1.00
141 168  0  5 1.00
142 143  0  5 1.00
142 144  0  5 1.00
142 145  0  5 1.00
143 144  0  5 1.00
143 145  0  5 1.00
144 145  0  5 1.00
144 146  0  5 1.00
145 146  0  5 1.00
145 147  0  5 1.00
146 147  0  5 1.00
146 148  0  5 1.00
147 148  0  5 1.00
147 149  0  5 1.00
148 149  0  5 1.00
148 150  0  5 1.00
149 150  0  5 1.00
149 151  0  5 1.00
150 151  0  5 1.00
150 152  0  5 1.00
150 153  0  5 1.00
150 154  0  5 1.00
151 152  0  5 1.00
151 153  0  5 1.00
151 154  0  5 1.00
151 155  0  5 1.00
152 153  0  5 1.00
152 154  0  5 1.00
152 155  0  5 1.00
152 156  0  5 1.00
153 154  0  5 1.00
153 155  0  5 1.00
153 156  0  5 1.00
153 157  0  5 1.00
154 155  0  5 1.00
154 156  0  5 1.00
154 157  0  5 1.00
154 158  0  5 1.00
154 159  0  5 1.00
155 156  0  5 1.00
155 157  0  5 1.00
155 158  0  5 1.00
155 159  0  5 1.00
156 157  0  5 1.00
156 158  0  5 1.00
156 159  0  5 1.00
156 160  0  5 1.00
157 158  0  5 1.00
157 159  0  5 1.00
157 160  0  5 1.00
157 161  0  5 1.00
158 159  0  5 1.00
158 160  0  5 1.00
158 161  0  5 1.00
159 160  0  5 1.00
159 161  0  5 1.00
160 161  0  5 1.00
160 162  0  5 1.00
161 162  0  5 1.00
161 163  0  5 1.00
161 164  0  5 1.00
162 163  0  5 1.00
162 164  0  5 1.00
163 164  0  5 1.00
168 169  0  5 1.00
168 170  0  5 1.00
169 170  0  5 1.00
169 171  0  5 1.00
170 171  0  5 1.00
170 172  0  5 1.00
171 172  0  5 1.00
171 173  0  5 1.00
172 173  0  5 1.00
172 174  0  5 1.00
173 174  0  5 1.00
173 175  0  5 1.00
174 175  0  5 1.00
174 176  0  5 1.00
174 177  0  5 1.00
174 178  0  5 1.00
175 176  0  5 1.00
175 177  0  5 1.00
175 178  0  5 1.00
176 177  0  5 1.00
176 178  0  5 1.00
177 178  0  5 1.00
177 179  0  5 1.00
178 179  0  5 1.00
178 180  0  5 1.00
179 180  0  5 1.00
179 181  0  5 1.00
179 182  0  5 1.00
179 183  0  5 1.00
179 184  0  5 1.00
180 181  0  5 1.00
180 182  0  5 1.00
180 183  0  5 1.00
180 184  0  5 1.00
180 185  0  5 1.00
181 182  0  5 1.00
181 183  0  5 1.00
181 184  0  5 1.00
181 185  0  5 1.00
181 186  0  5 1.00
182 183  0  5 1.00
182 184  0  5 1.00
182 185  0  5 1.00
182 186  0  5 1.00
182 187  0  5 1.00
183 184  0  5 1.00
183 185  0  5 1.00
183 186  0  5 1.00
183 187  0  5 1.00
183 188  0  5 1.00
184 185  0  5 1.00
184 186  0  5 1.00
184 187  0  5 1.00
184 188  0  5 1.00
184 189  0  5 1.00
185 186  0  5 1.00
185 187  0  5 1.00
185 189  0  5 1.00
185 192  0  5 1.00
185 193  0  5 1.00
186 187  0  5 1.00
186 188  0  5 1.00
186 192  0  5 1.00
186 193  0  5 1.00
187 188  0  5 1.00
187 189  0  5 1.00
187 193  0  5 1.00
188 189  0  5 1.00
188 190  0  5 1.00
188 193  0  5 1.00
189 190  0  5 1.00
189 191  0  5 1.00
189 192  0  5 1.00
189 193  0  5 1.00
190 191  0  5 1.00
190 192  0  5 1.00
190 193  0  5 1.00
191 192  0  5 1.00
191 193  0  5 1.00
192 193  0  5 1.00
192 194  0  5 1.00
193 194  0  5 1.00
193 195  0  5 1.00
194 195  0  5 1.00
194 196  0  5 1.00
195 196  0  5 1.00
195 197  0  5 1.00
196 197  0  5 1.00
196 198  0  5 1.00
197 198  0  5 1.00
197 199  0  5 1.00
198 199  0  5 1.00
198 200  0  5 1.00
199 200  0  5 1.00
199 201  0  5 1.00
200 201  0  5 1.00
200 202  0  5 1.00
201 202  0  5 1.00
201 203  0  5 1.00
202 203  0  5 1.00
262 263  0  5 1.00
262 264  0  5 1.00
262 265  0  5 1.00
262 266  0  5 1.00
263 264  0  5 1.00
263 265  0  5 1.00
263 266  0  5 1.00
263 267  0  5 1.00
263 268  0  5 1.00
264 265  0  5 1.00
264 266  0  5 1.00
264 267  0  5 1.00
264 268  0  5 1.00
264 269  0  5 1.00
265 266  0  5 1.00
265 267  0  5 1.00
265 268  0  5 1.00
265 269  0  5 1.00
266 267  0  5 1.00
266 268  0  5 1.00
266 269  0  5 1.00
266 270  0  5 1.00
267 268  0  5 1.00
267 269  0  5 1.00
267 270  0  5 1.00
268 269  0  5 1.00
268 270  0  5 1.00
269 270  0  5 1.00
269 271  0  5 1.00
270 271  0  5 1.00
270 272  0  5 1.00
270 277  0  5 1.00
270 278  0  5 1.00
271 272  0  5 1.00
271 273  0  5 1.00
271 276  0  5 1.00
271 277  0  5 1.00
271 278  0  5 1.00
271 572  0  5 1.00
271 573  0  5 1.00
272 273  0  5 1.00
272 274  0  5 1.00
272 275  0  5 1.00
272 276  0  5 1.00
272 277  0  5 1.00
272 573  0  5 1.00
273 274  0  5 1.00
273 275  0  5 1.00
273 276  0  5 1.00
273 572  0  5 1.00
273 573  0  5 1.00
273 586  0  5 1.00
274 275  0  5 1.00
274 276  0  5 1.00
274 397  0  5 1.00
274 590  0  5 1.00
275 276  0  5 1.00
275 277  0  5 1.00
275 395  0  5 1.00
275 401  0  5 1.00
275 402  0  5 1.00
276 277  0  5 1.00
276 278  0  5 1.00
276 401  0  5 1.00
276 402  0  5 1.00
276 406  0  5 1.00
277 278  0  5 1.00
277 279  0  5 1.00
278 279  0  5 1.00
278 280  0  5 1.00
278 281  0  5 1.00
278 282  0  5 1.00
278 283  0  5 1.00
279 280  0  5 1.00
279 281  0  5 1.00
279 282  0  5 1.00
279 283  0  5 1.00
279 284  0  5 1.00
280 281  0  5 1.00
280 282  0  5 1.00
280 283  0  5 1.00
280 284  0  5 1.00
281 282  0  5 1.00
281 283  0  5 1.00
281 284  0  5 1.00
281 285  0  5 1.00
281 286  0  5 1.00
282 283  0  5 1.00
282 284  0  5 1.00
282 285  0  5 1.00
282 286  0  5 1.00
282 287  0  5 1.00
283 284  0  5 1.00
283 285  0  5 1.00
283 286  0  5 1.00
283 287  0  5 1.00
283 288  0  5 1.00
284 285  0  5 1.00
284 286  0  5 1.00
284 287  0  5 1.00
284 288  0  5 1.00
285 286  0  5 1.00
285 287  0  5 1.00
285 288  0  5 1.00
285 289  0  5 1.00
286 287  0  5 1.00
286 288  0  5 1.00
286 289  0  5 1.00
286 290  0  5 1.00
286 291  0  5 1.00
287 288  0  5 1.00
287 289  0  5 1.00
287 290  0  5 1.00
287 291  0  5 1.00
287 292  0  5 1.00
288 289  0  5 1.00
288 290  0  5 1.00
288 291  0  5 1.00
288 292  0  5 1.00
288 293  0  5 1.00
288 294  0  5 1.00
289 290  0  5 1.00
289 291  0  5 1.00
289 292  0  5 1.00
289 293  0  5 1.00
290 291  0  5 1.00
290 292  0  5 1.00
291 292  0  5 1.00
291 293  0  5 1.00
292 293  0  5 1.00
292 294  0  5 1.00
293 294  0  5 1.00
293 295  0  5 1.00
293 362  0  5 1.00
293 363  0  5 1.00
294 295  0  5 1.00
294 296  0  5 1.00
294 297  0  5 1.00
294 363  0  5 1.00
295 296  0  5 1.00
295 297  0  5 1.00
295 363  0  5 1.00
296 297  0  5 1.00
296 298  0  5 1.00
297 298  0  5 1.00
297 299  0  5 1.00
298 299  0  5 1.00
298 300  0  5 1.00
299 300  0  5 1.00
299 301  0  5 1.00
299 361  0  5 1.00
300 301  0  5 1.00
300 302  0  5 1.00
300 359  0  5 1.00
300 360  0  5 1.00
300 361  0  5 1.00
301 302  0  5 1.00
301 303  0  5 1.00
301 304  0  5 1.00
301 305  0  5 1.00
301 356  0  5 1.00
301 359  0  5 1.00
301 360  0  5 1.00
301 361  0  5 1.00
302 303  0  5 1.00
302 304  0  5 1.00
302 305  0  5 1.00
302 306  0  5 1.00
302 307  0  5 1.00
302 356  0  5 1.00
302 359  0  5 1.00
302 360  0  5 1.00
302 361  0  5 1.00
303 304  0  5 1.00
303 305  0  5 1.00
303 306  0  5 1.00
303 307  0  5 1.00
303 308  0  5 1.00
303 356  0  5 1.00
303 357  0  5 1.00
304 305  0  5 1.00
304 306  0  5 1.00
304 307  0  5 1.00
304 308  0  5 1.00
305 306  0  5 1.00
305 307  0  5 1.00
305 308  0  5 1.00
305 309  0  5 1.00
305 310  0  5 1.00
306 307  0  5 1.00
306 308  0  5 1.00
306 309  0  5 1.00
306 310  0  5 1.00
306 311  0  5 1.00
307 308  0  5 1.00
307 309  0  5 1.00
307 310  0  5 1.00
307 311  0  5 1.00
307 312  0  5 1.00
308 309  0  5 1.00
308 310  0  5 1.00
308 311  0  5 1.00
308 312  0  5 1.00
308 313  0  5 1.00
309 310  0  5 1.00
309 311  0  5 1.00
309 312  0  5 1.00
309 313  0  5 1.00
309 314  0  5 1.00
309 315  0  5 1.00
310 311  0  5 1.00
310 312  0  5 1.00
310 313  0  5 1.00
310 314  0  5 1.00
310 315  0  5 1.00
310 316  0  5 1.00
311 312  0  5 1.00
311 313  0  5 1.00
311 314  0  5 1.00
312 313  0  5 1.00
312 314  0  5 1.00
312 384  0  5 1.00
312 385  0  5 1.00
313 314  0  5 1.00
313 315  0  5 1.00
314 315  0  5 1.00
314 316  0  5 1.00
315 316  0  5 1.00
315 317  0  5 1.00
316 317  0  5 1.00
316 318  0  5 1.00
317 318  0  5 1.00
317 319  0  5 1.00
317 320  0  5 1.00
317 321  0  5 1.00
318 319  0  5 1.00
318 320  0  5 1.00
318 321  0  5 1.00
318 322  0  5 1.00
318 323  0  5 1.00
319 320  0  5 1.00
319 321  0  5 1.00
319 322  0  5 1.00
319 323  0  5 1.00
319 324  0  5 1.00
320 321  0  5 1.00
320 322  0  5 1.00
320 323  0  5 1.00
320 324  0  5 1.00
321 322  0  5 1.00
321 323  0  5 1.00
321 324  0  5 1.00
321 325  0  5 1.00
321 326  0  5 1.00
322 323  0  5 1.00
322 324  0  5 1.00
322 325  0  5 1.00
322 326  0  5 1.00
322 327  0  5 1.00
323 324  0  5 1.00
323 325  0  5 1.00
323 326  0  5 1.00
323 327  0  5 1.00
324 325  0  5 1.00
324 326  0  5 1.00
324 327  0  5 1.00
324 328  0  5 1.00
325 326  0  5 1.00
325 327  0  5 1.00
325 328  0  5 1.00
325 329  0  5 1.00
326 327  0  5 1.00
326 328  0  5 1.00
326 329  0  5 1.00
326 330  0  5 1.00
327 328  0  5 1.00
327 329  0  5 1.00
327 330  0  5 1.00
327 333  0  5 1.00
327 334  0  5 1.00
328 329  0  5 1.00
328 330  0  5 1.00
328 337  0  5 1.00
328 338  0  5 1.00
328 339  0  5 1.00
329 330  0  5 1.00
329 331  0  5 1.00
329 339  0  5 1.00
330 331  0  5 1.00
330 332  0  5 1.00
330 333  0  5 1.00
330 334  0  5 1.00
331 332  0  5 1.00
331 333  0  5 1.00
331 334  0  5 1.00
331 454  0  5 1.00
332 333  0  5 1.00
332 334  0  5 1.00
332 454  0  5 1.00
332 455  0  5 1.00
333 334  0  5 1.00
333 335  0  5 1.00
334 335  0  5 1.00
334 336  0  5 1.00
334 337  0  5 1.00
335 336  0  5 1.00
335 337  0  5 1.00
335 405  0  5 1.00
335 454  0  5 1.00
336 337  0  5 1.00
336 338  0  5 1.00
337 338  0  5 1.00
337 339  0  5 1.00
337 364  0  5 1.00
338 339  0  5 1.00
338 340  0  5 1.00
338 362  0  5 1.00
338 363  0  5 1.00
338 364  0  5 1.00
339 340  0  5 1.00
339 341  0  5 1.00
339 362  0  5 1.00
339 363  0  5 1.00
339 364  0  5 1.00
340 341  0  5 1.00
340 342  0  5 1.00
340 360  0  5 1.00
340 361  0  5 1.00
340 362  0  5 1.00
340 363  0  5 1.00
340 364  0  5 1.00
341 342  0  5 1.00
341 343  0  5 1.00
341 360  0  5 1.00
341 361  0  5 1.00
341 362  0  5 1.00
342 343  0  5 1.00
342 344  0  5 1.00
342 358  0  5 1.00
342 359  0  5 1.00
342 360  0  5 1.00
342 361  0  5 1.00
343 344  0  5 1.00
343 345  0  5 1.00
343 359  0  5 1.00
344 345  0  5 1.00
344 346  0  5 1.00
344 352  0  5 1.00
344 353  0  5 1.00
344 354  0  5 1.00
345 346  0  5 1.00
345 347  0  5 1.00
345 351  0  5 1.00
345 352  0  5 1.00
345 353  0  5 1.00
345 354  0  5 1.00
346 347  0  5 1.00
346 348  0  5 1.00
346 351  0  5 1.00
346 352  0  5 1.00
346 353  0  5 1.00
347 348  0  5 1.00
347 349  0  5 1.00
347 350  0  5 1.00
347 351  0  5 1.00
348 349  0  5 1.00
348 350  0  5 1.00
348 503  0  5 1.00
348 504  0  5 1.00
348 505  0  5 1.00
348 506  0  5 1.00
349 350  0  5 1.00
349 351  0  5 1.00
349 504  0  5 1.00
349 505  0  5 1.00
349 506  0  5 1.00
350 351  0  5 1.00
350 352  0  5 1.00
351 352  0  5 1.00
351 353  0  5 1.00
352 353  0  5 1.00
352 354  0  5 1.00
353 354  0  5 1.00
353 355  0  5 1.00
354 355  0  5 1.00
354 356  0  5 1.00
354 359  0  5 1.00
355 356  0  5 1.00
355 357  0  5 1.00
355 358  0  5 1.00
355 359  0  5 1.00
356 357  0  5 1.00
356 358  0  5 1.00
356 359  0  5 1.00
357 358  0  5 1.00
357 359  0  5 1.00
358 359  0  5 1.00
358 360  0  5 1.00
359 360  0  5 1.00
359 361  0  5 1.00
360 361  0  5 1.00
360 362  0  5 1.00
361 362  0  5 1.00
361 363  0  5 1.00
362 363  0  5 1.00
362 364  0  5 1.00
363 364  0  5 1.00
363 365  0  5 1.00
364 365  0  5 1.00
364 366  0  5 1.00
364 367  0  5 1.00
364 368  0  5 1.00
365 366  0  5 1.00
365 367  0  5 1.00
365 368  0  5 1.00
365 369  0  5 1.00
366 367  0  5 1.00
366 368  0  5 1.00
366 369  0  5 1.00
366 370  0  5 1.00
367 368  0  5 1.00
367 369  0  5 1.00
367 370  0  5 1.00
367 371  0  5 1.00
368 369  0  5 1.00
368 370  0  5 1.00
368 371  0  5 1.00
368 372  0  5 1.00
369 370  0  5 1.00
369 371  0  5 1.00
369 372  0  5 1.00
369 397  0  5 1.00
369 398  0  5 1.00
369 399  0  5 1.00
370 371  0  5 1.00
370 372  0  5 1.00
370 395  0  5 1.00
370 396  0  5 1.00
370 397  0  5 1.00
370 398  0  5 1.00
371 372  0  5 1.00
371 373  0  5 1.00
371 374  0  5 1.00
371 397  0  5 1.00
372 373  0  5 1.00
372 374  0  5 1.00
372 396  0  5 1.00
373 374  0  5 1.00
373 375  0  5 1.00
373 376  0  5 1.00
373 377  0  5 1.00
373 378  0  5 1.00
374 375  0  5 1.00
374 376  0  5 1.00
374 377  0  5 1.00
374 378  0  5 1.00
375 376  0  5 1.00
375 377  0  5 1.00
376 377  0  5 1.00
376 378  0  5 1.00
376 600  0  5 1.00
376 601  0  5 1.00
376 604  0  5 1.00
377 378  0  5 1.00
377 379  0  5 1.00
377 600  0  5 1.00
377 601  0  5 1.00
378 379  0  5 1.00
378 380  0  5 1.00
378 597  0  5 1.00
378 601  0  5 1.00
379 380  0  5 1.00
379 381  0  5 1.00
380 381  0  5 1.00
380 382  0  5 1.00
380 391  0  5 1.00
380 392  0  5 1.00
380 393  0  5 1.00
380 394  0  5 1.00
381 382  0  5 1.00
381 383  0  5 1.00
381 391  0  5 1.00
381 392  0  5 1.00
381 393  0  5 1.00
382 383  0  5 1.00
382 384  0  5 1.00
382 389  0  5 1.00
382 390  0  5 1.00
382 391  0  5 1.00
382 392  0  5 1.00
382 393  0  5 1.00
383 384  0  5 1.00
383 385  0  5 1.00
383 387  0  5 1.00
383 389  0  5 1.00
383 390  0  5 1.00
383 391  0  5 1.00
384 385  0  5 1.00
384 386  0  5 1.00
384 387  0  5 1.00
384 389  0  5 1.00
384 390  0  5 1.00
384 391  0  5 1.00
385 386  0  5 1.00
385 387  0  5 1.00
386 387  0  5 1.00
386 388  0  5 1.00
387 388  0  5 1.00
387 389  0  5 1.00
388 389  0  5 1.00
388 390  0  5 1.00
389 390  0  5 1.00
389 391  0  5 1.00
390 391  0  5 1.00
390 392  0  5 1.00
391 392  0  5 1.00
391 393  0  5 1.00
392 393  0  5 1.00
392 394  0  5 1.00
393 394  0  5 1.00
393 395  0  5 1.00
394 395  0  5 1.00
394 396  0  5 1.00
395 396  0  5 1.00
395 397  0  5 1.00
396 397  0  5 1.00
396 398  0  5 1.00
397 398  0  5 1.00
397 399  0  5 1.00
398 399  0  5 1.00
398 400  0  5 1.00
399 400  0  5 1.00
399 401  0  5 1.00
400 401  0  5 1.00
400 402  0  5 1.00
400 403  0  5 1.00
400 404  0  5 1.00
400 405  0  5 1.00
401 402  0  5 1.00
401 403  0  5 1.00
401 404  0  5 1.00
401 405  0  5 1.00
401 406  0  5 1.00
402 403  0  5 1.00
402 404  0  5 1.00
402 405  0  5 1.00
402 406  0  5 1.00
402 407  0  5 1.00
403 404  0  5 1.00
403 405  0  5 1.00
403 406  0  5 1.00
403 419  0  5 1.00
403 420  0  5 1.00
403 421  0  5 1.00
404 405  0  5 1.00
404 406  0  5 1.00
404 420  0  5 1.00
404 421  0  5 1.00
405 406  0  5 1.00
405 407  0  5 1.00
405 418  0  5 1.00
405 420  0  5 1.00
406 407  0  5 1.00
406 408  0  5 1.00
406 418  0  5 1.00
406 419  0  5 1.00
406 420  0  5 1.00
407 408  0  5 1.00
407 409  0  5 1.00
407 416  0  5 1.00
407 417  0  5 1.00
407 418  0  5 1.00
408 409  0  5 1.00
408 410  0  5 1.00
408 416  0  5 1.00
408 417  0  5 1.00
408 418  0  5 1.00
409 410  0  5 1.00
409 411  0  5 1.00
409 416  0  5 1.00
410 411  0  5 1.00
411 415  0  5 1.00
411 416  0  5 1.00
415 416  0  5 1.00
415 417  0  5 1.00
415 569  0  5 1.00
416 417  0  5 1.00
416 418  0  5 1.00
416 569  0  5 1.00
417 418  0  5 1.00
417 419  0  5 1.00
417 567  0  5 1.00
417 568  0  5 1.00
417 569  0  5 1.00
417 570  0  5 1.00
418 419  0  5 1.00
418 420  0  5 1.00
418 569  0  5 1.00
419 420  0  5 1.00
419 421  0  5 1.00
420 421  0  5 1.00
420 422  0  5 1.00
420 450  0  5 1.00
420 451  0  5 1.00
420 452  0  5 1.00
420 453  0  5 1.00
421 422  0  5 1.00
421 423  0  5 1.00
421 450  0  5 1.00
421 451  0  5 1.00
421 452  0  5 1.00
422 423  0  5 1.00
422 424  0  5 1.00
422 425  0  5 1.00
422 426  0  5 1.00
422 427  0  5 1.00
422 452  0  5 1.00
423 424  0  5 1.00
423 425  0  5 1.00
423 426  0  5 1.00
423 427  0  5 1.00
423 428  0  5 1.00
424 425  0  5 1.00
424 426  0  5 1.00
424 427  0  5 1.00
424 428  0  5 1.00
424 429  0  5 1.00
424 716  0  5 1.00
424 717  0  5 1.00
425 426  0  5 1.00
425 427  0  5 1.00
425 428  0  5 1.00
425 429  0  5 1.00
425 430  0  5 1.00
425 447  0  5 1.00
425 448  0  5 1.00
426 427  0  5 1.00
426 428  0  5 1.00
426 429  0  5 1.00
426 430  0  5 1.00
426 431  0  5 1.00
427 428  0  5 1.00
427 429  0  5 1.00
427 430  0  5 1.00
427 431  0  5 1.00
427 432  0  5 1.00
428 429  0  5 1.00
428 430  0  5 1.00
428 431  0  5 1.00
428 432  0  5 1.00
428 433  0  5 1.00
429 430  0  5 1.00
429 431  0  5 1.00
429 432  0  5 1.00
429 433  0  5 1.00
429 444  0  5 1.00
430 431  0  5 1.00
430 432  0  5 1.00
430 433  0  5 1.00
430 434  0  5 1.00
431 432  0  5 1.00
431 433  0  5 1.00
431 434  0  5 1.00
431 435  0  5 1.00
432 433  0  5 1.00
432 434  0  5 1.00
432 435  0  5 1.00
432 436  0  5 1.00
433 434  0  5 1.00
433 435  0  5 1.00
433 436  0  5 1.00
433 437  0  5 1.00
434 435  0  5 1.00
434 436  0  5 1.00
435 436  0  5 1.00
435 437  0  5 1.00
436 437  0  5 1.00
436 438  0  5 1.00
436 439  0  5 1.00
437 438  0  5 1.00
437 439  0  5 1.00
438 439  0  5 1.00
438 440  0  5 1.00
439 440  0  5 1.00
439 441  0  5 1.00
440 441  0  5 1.00
440 442  0  5 1.00
440 443  0  5 1.00
440 444  0  5 1.00
441 442  0  5 1.00
441 443  0  5 1.00
441 444  0  5 1.00
441 445  0  5 1.00
441 446  0  5 1.00
442 443  0  5 1.00
442 444  0  5 1.00
442 445  0  5 1.00
442 446  0  5 1.00
443 444  0  5 1.00
443 445  0  5 1.00
443 446  0  5 1.00
443 447  0  5 1.00
444 445  0  5 1.00
444 446  0  5 1.00
444 447  0  5 1.00
444 448  0  5 1.00
445 446  0  5 1.00
445 447  0  5 1.00
445 448  0  5 1.00
445 449  0  5 1.00
446 447  0  5 1.00
446 448  0  5 1.00
447 448  0  5 1.00
447 449  0  5 1.00
448 449  0  5 1.00
448 450  0  5 1.00
449 450  0  5 1.00
449 451  0  5 1.00
450 451  0  5 1.00
450 452  0  5 1.00
451 452  0  5 1.00
451 453  0  5 1.00
452 453  0  5 1.00
452 454  0  5 1.00
453 454  0  5 1.00
453 455  0  5 1.00
453 456  0  5 1.00
453 720  0  5 1.00
453 721  0  5 1.00
454 455  0  5 1.00
454 456  0  5 1.00
455 456  0  5 1.00
455 457  0  5 1.00
455 498  0  5 1.00
455 499  0  5 1.00
456 457  0  5 1.00
456 458  0  5 1.00
456 499  0  5 1.00
456 720  0  5 1.00
456 721  0  5 1.00
457 458  0  5 1.00
457 459  0  5 1.00
457 479  0  5 1.00
457 480  0  5 1.00
457 481  0  5 1.00
457 499  0  5 1.00
457 720  0  5 1.00
457 721  0  5 1.00
457 722  0  5 1.00
458 459  0  5 1.00
458 460  0  5 1.00
458 477  0  5 1.00
458 478  0  5 1.00
458 479  0  5 1.00
458 480  0  5 1.00
458 722  0  5 1.00
459 460  0  5 1.00
459 461  0  5 1.00
459 477  0  5 1.00
459 478  0  5 1.00
459 479  0  5 1.00
459 722  0  5 1.00
459 723  0  5 1.00
459 724  0  5 1.00
460 461  0  5 1.00
460 462  0  5 1.00
460 477  0  5 1.00
460 724  0  5 1.00
460 725  0  5 1.00
461 462  0  5 1.00
461 463  0  5 1.00
461 464  0  5 1.00
461 465  0  5 1.00
461 724  0  5 1.00
462 463  0  5 1.00
462 464  0  5 1.00
462 465  0  5 1.00
462 466  0  5 1.00
462 467  0  5 1.00
462 724  0  5 1.00
463 464  0  5 1.00
463 465  0  5 1.00
463 466  0  5 1.00
463 467  0  5 1.00
464 465  0  5 1.00
464 466  0  5 1.00
464 467  0  5 1.00
464 468  0  5 1.00
464 474  0  5 1.00
464 475  0  5 1.00
464 476  0  5 1.00
465 466  0  5 1.00
465 467  0  5 1.00
465 468  0  5 1.00
465 469  0  5 1.00
465 470  0  5 1.00
466 467  0  5 1.00
466 468  0  5 1.00
466 469  0  5 1.00
466 470  0  5 1.00
466 471  0  5 1.00
467 468  0  5 1.00
467 469  0  5 1.00
467 470  0  5 1.00
467 471  0  5 1.00
467 472  0  5 1.00
467 473  0  5 1.00
467 474  0  5 1.00
468 469  0  5 1.00
468 470  0  5 1.00
468 471  0  5 1.00
468 472  0  5 1.00
468 473  0  5 1.00
468 474  0  5 1.00
468 582  0  5 1.00
468 583  0  5 1.00
469 470  0  5 1.00
469 471  0  5 1.00
469 472  0  5 1.00
469 582  0  5 1.00
469 583  0  5 1.00
469 584  0  5 1.00
470 471  0  5 1.00
470 472  0  5 1.00
470 582  0  5 1.00
470 583  0  5 1.00
471 472  0  5 1.00
471 473  0  5 1.00
471 581  0  5 1.00
471 582  0  5 1.00
472 473  0  5 1.00
472 474  0  5 1.00
472 568  0  5 1.00
472 569  0  5 1.00
472 570  0  5 1.00
472 581  0  5 1.00
472 582  0  5 1.00
473 474  0  5 1.00
473 475  0  5 1.00
473 568  0  5 1.00
473 569  0  5 1.00
474 475  0  5 1.00
474 476  0  5 1.00
474 566  0  5 1.00
474 567  0  5 1.00
474 568  0  5 1.00
475 476  0  5 1.00
475 477  0  5 1.00
475 566  0  5 1.00
475 567  0  5 1.00
475 568  0  5 1.00
476 477  0  5 1.00
476 478  0  5 1.00
476 564  0  5 1.00
476 565  0  5 1.00
476 566  0  5 1.00
476 567  0  5 1.00
477 478  0  5 1.00
477 479  0  5 1.00
477 564  0  5 1.00
477 565  0  5 1.00
477 566  0  5 1.00
478 479  0  5 1.00
478 480  0  5 1.00
478 562  0  5 1.00
478 563  0  5 1.00
478 564  0  5 1.00
478 565  0  5 1.00
478 566  0  5 1.00
479 480  0  5 1.00
479 481  0  5 1.00
479 562  0  5 1.00
479 563  0  5 1.00
480 481  0  5 1.00
480 482  0  5 1.00
480 498  0  5 1.00
480 499  0  5 1.00
480 500  0  5 1.00
480 562  0  5 1.00
480 563  0  5 1.00
481 482  0  5 1.00
481 483  0  5 1.00
481 495  0  5 1.00
481 496  0  5 1.00
481 497  0  5 1.00
481 498  0  5 1.00
481 499  0  5 1.00
482 483  0  5 1.00
482 484  0  5 1.00
482 495  0  5 1.00
482 496  0  5 1.00
482 497  0  5 1.00
483 484  0  5 1.00
483 485  0  5 1.00
483 493  0  5 1.00
483 494  0  5 1.00
483 495  0  5 1.00
484 485  0  5 1.00
484 486  0  5 1.00
484 493  0  5 1.00
484 494  0  5 1.00
485 486  0  5 1.00
485 487  0  5 1.00
485 491  0  5 1.00
485 492  0  5 1.00
485 493  0  5 1.00
486 487  0  5 1.00
486 488  0  5 1.00
486 491  0  5 1.00
486 492  0  5 1.00
486 493  0  5 1.00
487 488  0  5 1.00
487 489  0  5 1.00
487 491  0  5 1.00
487 492  0  5 1.00
488 489  0  5 1.00
488 490  0  5 1.00
488 491  0  5 1.00
489 490  0  5 1.00
489 491  0  5 1.00
490 491  0  5 1.00
490 492  0  5 1.00
491 492  0  5 1.00
491 493  0  5 1.00
492 493  0  5 1.00
492 494  0  5 1.00
492 542  0  5 1.00
492 543  0  5 1.00
493 494  0  5 1.00
493 495  0  5 1.00
493 541  0  5 1.00
493 543  0  5 1.00
494 495  0  5 1.00
494 496  0  5 1.00
494 539  0  5 1.00
494 540  0  5 1.00
494 541  0  5 1.00
495 496  0  5 1.00
495 497  0  5 1.00
495 539  0  5 1.00
495 540  0  5 1.00
496 497  0  5 1.00
496 498  0  5 1.00
496 537  0  5 1.00
496 538  0  5 1.00
496 539  0  5 1.00
497 498  0  5 1.00
497 499  0  5 1.00
497 537  0  5 1.00
497 538  0  5 1.00
498 499  0  5 1.00
498 500  0  5 1.00
499 500  0  5 1.00
499 501  0  5 1.00
500 501  0  5 1.00
500 502  0  5 1.00
500 503  0  5 1.00
501 502  0  5 1.00
501 503  0  5 1.00
502 503  0  5 1.00
502 504  0  5 1.00
503 504  0  5 1.00
503 505  0  5 1.00
504 505  0  5 1.00
504 506  0  5 1.00
504 507  0  5 1.00
504 508  0  5 1.00
505 506  0  5 1.00
505 507  0  5 1.00
505 508  0  5 1.00
505 509  0  5 1.00
506 507  0  5 1.00
506 508  0  5 1.00
506 509  0  5 1.00
506 510  0  5 1.00
507 508  0  5 1.00
507 509  0  5 1.00
507 510  0  5 1.00
507 511  0  5 1.00
508 509  0  5 1.00
508 510  0  5 1.00
508 511  0  5 1.00
508 512  0  5 1.00
508 513  0  5 1.00
509 510  0  5 1.00
509 511  0  5 1.00
509 512  0  5 1.00
509 513  0  5 1.00
509 514  0  5 1.00
510 511  0  5 1.00
510 512  0  5 1.00
510 513  0  5 1.00
510 514  0  5 1.00
511 512  0  5 1.00
511 513  0  5 1.00
511 514  0  5 1.00
511 515  0  5 1.00
512 513  0  5 1.00
512 514  0  5 1.00
512 515  0  5 1.00
512 516  0  5 1.00
513 514  0  5 1.00
513 515  0  5 1.00
513 516  0  5 1.00
513 517  0  5 1.00
514 515  0  5 1.00
514 516  0  5 1.00
514 517  0  5 1.00
514 518  0  5 1.00
515 516  0  5 1.00
515 517  0  5 1.00
515 518  0  5 1.00
515 519  0  5 1.00
515 520  0  5 1.00
515 521  0  5 1.00
516 517  0  5 1.00
516 518  0  5 1.00
516 519  0  5 1.00
516 521  0  5 1.00
517 518  0  5 1.00
517 519  0  5 1.00
518 519  0  5 1.00
518 520  0  5 1.00
519 520  0  5 1.00
519 521  0  5 1.00
520 521  0  5 1.00
520 522  0  5 1.00
521 522  0  5 1.00
521 523  0  5 1.00
522 523  0  5 1.00
522 524  0  5 1.00
523 524  0  5 1.00
523 525  0  5 1.00
523 542  0  5 1.00
523 543  0  5 1.00
523 544  0  5 1.00
524 525  0  5 1.00
524 526  0  5 1.00
524 542  0  5 1.00
524 543  0  5 1.00
525 526  0  5 1.00
525 527  0  5 1.00
525 542  0  5 1.00
525 543  0  5 1.00
525 544  0  5 1.00
526 527  0  5 1.00
526 528  0  5 1.00
526 540  0  5 1.00
526 541  0  5 1.00
526 542  0  5 1.00
527 528  0  5 1.00
527 529  0  5 1.00
527 540  0  5 1.00
527 541  0  5 1.00
527 542  0  5 1.00
528 529  0  5 1.00
528 530  0  5 1.00
528 538  0  5 1.00
528 539  0  5 1.00
528 540  0  5 1.00
528 541  0  5 1.00
529 530  0  5 1.00
529 531  0  5 1.00
529 538  0  5 1.00
529 539  0  5 1.00
529 540  0  5 1.00
530 531  0  5 1.00
530 532  0  5 1.00
530 536  0  5 1.00
530 538  0  5 1.00
530 539  0  5 1.00
531 532  0  5 1.00
531 533  0  5 1.00
531 536  0  5 1.00
531 537  0  5 1.00
531 538  0  5 1.00
531 539  0  5 1.00
532 533  0  5 1.00
532 534  0  5 1.00
532 535  0  5 1.00
532 536  0  5 1.00
532 537  0  5 1.00
533 534  0  5 1.00
533 535  0  5 1.00
533 536  0  5 1.00
534 535  0  5 1.00
534 536  0  5 1.00
535 536  0  5 1.00
535 537  0  5 1.00
535 538  0  5 1.00
536 537  0  5 1.00
536 538  0  5 1.00
537 538  0  5 1.00
537 539  0  5 1.00
538 539  0  5 1.00
538 540  0  5 1.00
539 540  0  5 1.00
539 541  0  5 1.00
540 541  0  5 1.00
540 542  0  5 1.00
541 542  0  5 1.00
541 543  0  5 1.00
542 543  0  5 1.00
542 544  0  5 1.00
543 544  0  5 1.00
543 545  0  5 1.00
544 545  0  5 1.00
544 546  0  5 1.00
544 547  0  5 1.00
545 546  0  5 1.00
545 547  0  5 1.00
546 547  0  5 1.00
546 548  0  5 1.00
547 548  0  5 1.00
547 549  0  5 1.00
548 549  0  5 1.00
548 550  0  5 1.00
548 551  0  5 1.00
548 552  0  5 1.00
549 550  0  5 1.00
549 551  0  5 1.00
549 552  0  5 1.00
549 553  0  5 1.00
550 551  0  5 1.00
550 552  0  5 1.00
550 553  0  5 1.00
550 554  0  5 1.00
551 552  0  5 1.00
551 553  0  5 1.00
551 554  0  5 1.00
551 555  0  5 1.00
552 553  0  5 1.00
552 554  0  5 1.00
552 555  0  5 1.00
552 556  0  5 1.00
553 554  0  5 1.00
553 555  0  5 1.00
553 556  0  5 1.00
553 557  0  5 1.00
554 555  0  5 1.00
554 556  0  5 1.00
554 557  0  5 1.00
554 558  0  5 1.00
555 556  0  5 1.00
555 557  0  5 1.00
555 558  0  5 1.00
555 559  0  5 1.00
555 560  0  5 1.00
556 557  0  5 1.00
556 558  0  5 1.00
556 559  0  5 1.00
556 560  0  5 1.00
556 562  0  5 1.00
557 558  0  5 1.00
557 559  0  5 1.00
557 560  0  5 1.00
557 562  0  5 1.00
557 563  0  5 1.00
558 559  0  5 1.00
558 560  0  5 1.00
559 560  0  5 1.00
559 561  0  5 1.00
560 561  0  5 1.00
560 562  0  5 1.00
560 563  0  5 1.00
561 562  0  5 1.00
561 563  0  5 1.00
561 564  0  5 1.00
562 563  0  5 1.00
562 564  0  5 1.00
563 564  0  5 1.00
563 565  0  5 1.00
564 565  0  5 1.00
564 566  0  5 1.00
565 566  0  5 1.00
565 567  0  5 1.00
566 567  0  5 1.00
566 568  0  5 1.00
567 568  0  5 1.00
567 569  0  5 1.00
568 569  0  5 1.00
568 570  0  5 1.00
569 570  0  5 1.00
569 571  0  5 1.00
570 571  0  5 1.00
570 572  0  5 1.00
570 579  0  5 1.00
570 580  0  5 1.00
570 581  0  5 1.00
571 572  0  5 1.00
571 573  0  5 1.00
571 579  0  5 1.00
571 580  0  5 1.00
571 581  0  5 1.00
572 573  0  5 1.00
572 574  0  5 1.00
572 577  0  5 1.00
572 578  0  5 1.00
572 579  0  5 1.00
572 580  0  5 1.00
573 574  0  5 1.00
573 575  0  5 1.00
573 576  0  5 1.00
573 577  0  5 1.00
573 578  0  5 1.00
573 579  0  5 1.00
574 575  0  5 1.00
574 576  0  5 1.00
574 577  0  5 1.00
574 578  0  5 1.00
574 579  0  5 1.00
575 576  0  5 1.00
575 577  0  5 1.00
576 577  0  5 1.00
576 578  0  5 1.00
577 578  0  5 1.00
577 579  0  5 1.00
578 579  0  5 1.00
578 580  0  5 1.00
579 580  0  5 1.00
579 581  0  5 1.00
580 581  0  5 1.00
580 582  0  5 1.00
581 582  0  5 1.00
581 583  0  5 1.00
582 583  0  5 1.00
582 584  0  5 1.00
582 585  0  5 1.00
582 586  0  5 1.00
583 584  0  5 1.00
583 585  0  5 1.00
583 586  0  5 1.00
583 587  0  5 1.00
584 585  0  5 1.00
584 586  0  5 1.00
584 587  0  5 1.00
584 588  0  5 1.00
584 589  0  5 1.00
585 586  0  5 1.00
585 587  0  5 1.00
585 588  0  5 1.00
585 589  0  5 1.00
586 587  0  5 1.00
586 588  0  5 1.00
586 589  0  5 1.00
586 590  0  5 1.00
587 588  0  5 1.00
587 589  0  5 1.00
587 590  0  5 1.00
587 591  0  5 1.00
588 589  0  5 1.00
588 590  0  5 1.00
588 591  0  5 1.00
588 592  0  5 1.00
589 590  0  5 1.00
589 591  0  5 1.00
589 592  0  5 1.00
589 593  0  5 1.00
590 591  0  5 1.00
590 592  0  5 1.00
590 593  0  5 1.00
590 594  0  5 1.00
591 592  0  5 1.00
591 593  0  5 1.00
591 594  0  5 1.00
591 595  0  5 1.00
592 593  0  5 1.00
592 594  0  5 1.00
592 595  0  5 1.00
592 596  0  5 1.00
593 594  0  5 1.00
593 595  0  5 1.00
593 596  0  5 1.00
593 597  0  5 1.00
594 595  0  5 1.00
594 596  0  5 1.00
594 597  0  5 1.00
594 598  0  5 1.00
594 599  0  5 1.00
595 596  0  5 1.00
595 597  0  5 1.00
595 598  0  5 1.00
595 599  0  5 1.00
595 600  0  5 1.00
596 597  0  5 1.00
596 598  0  5 1.00
596 599  0  5 1.00
596 600  0  5 1.00
596 601  0  5 1.00
597 598  0  5 1.00
597 599  0  5 1.00
597 600  0  5 1.00
597 601  0  5 1.00
597 602  0  5 1.00
598 599  0  5 1.00
598 600  0  5 1.00
598 601  0  5 1.00
598 602  0  5 1.00
599 600  0  5 1.00
599 601  0  5 1.00
599 602  0  5 1.00
599 603  0  5 1.00
600 601  0  5 1.00
600 602  0  5 1.00
600 603  0  5 1.00
600 604  0  5 1.00
601 602  0  5 1.00
601 603  0  5 1.00
601 604  0  5 1.00
601 605  0  5 1.00
601 606  0  5 1.00
602 603  0  5 1.00
602 604  0  5 1.00
602 605  0  5 1.00
602 606  0  5 1.00
602 607  0  5 1.00
603 604  0  5 1.00
603 605  0  5 1.00
603 606  0  5 1.00
603 607  0  5 1.00
603 608  0  5 1.00
604 605  0  5 1.00
604 606  0  5 1.00
604 607  0  5 1.00
604 608  0  5 1.00
604 609  0  5 1.00
605 606  0  5 1.00
605 607  0  5 1.00
605 608  0  5 1.00
605 609  0  5 1.00
605 610  0  5 1.00
606 607  0  5 1.00
606 608  0  5 1.00
606 609  0  5 1.00
606 610  0  5 1.00
607 608  0  5 1.00
607 609  0  5 1.00
607 610  0  5 1.00
607 611  0  5 1.00
608 609  0  5 1.00
608 610  0  5 1.00
608 611  0  5 1.00
608 612  0  5 1.00
609 610  0  5 1.00
609 611  0  5 1.00
609 612  0  5 1.00
609 613  0  5 1.00
610 611  0  5 1.00
610 612  0  5 1.00
610 613  0  5 1.00
610 614  0  5 1.00
610 615  0  5 1.00
611 612  0  5 1.00
611 613  0  5 1.00
611 614  0  5 1.00
611 615  0  5 1.00
612 613  0  5 1.00
612 614  0  5 1.00
612 615  0  5 1.00
612 616  0  5 1.00
613 614  0  5 1.00
613 615  0  5 1.00
613 616  0  5 1.00
613 617  0  5 1.00
613 618  0  5 1.00
614 615  0  5 1.00
614 616  0  5 1.00
614 617  0  5 1.00
614 618  0  5 1.00
615 616  0  5 1.00
615 617  0  5 1.00
615 618  0  5 1.00
615 619  0  5 1.00
616 617  0  5 1.00
616 618  0  5 1.00
616 619  0  5 1.00
616 620  0  5 1.00
616 621  0  5 1.00
617 618  0  5 1.00
617 619  0  5 1.00
617 620  0  5 1.00
617 621  0  5 1.00
618 619  0  5 1.00
618 620  0  5 1.00
618 621  0  5 1.00
618 622  0  5 1.00
618 656  0  5 1.00
619 620  0  5 1.00
619 621  0  5 1.00
619 622  0  5 1.00
619 623  0  5 1.00
619 624  0  5 1.00
620 621  0  5 1.00
620 622  0  5 1.00
620 623  0  5 1.00
620 624  0  5 1.00
620 625  0  5 1.00
621 622  0  5 1.00
621 623  0  5 1.00
621 624  0  5 1.00
621 625  0  5 1.00
622 623  0  5 1.00
622 624  0  5 1.00
622 625  0  5 1.00
622 626  0  5 1.00
623 624  0  5 1.00
623 625  0  5 1.00
623 626  0  5 1.00
624 625  0  5 1.00
624 626  0  5 1.00
625 626  0  5 1.00
625 627  0  5 1.00
625 628  0  5 1.00
625 629  0  5 1.00
626 627  0  5 1.00
626 628  0  5 1.00
626 629  0  5 1.00
626 630  0  5 1.00
626 631  0  5 1.00
627 628  0  5 1.00
627 629  0  5 1.00
627 630  0  5 1.00
627 631  0  5 1.00
628 629  0  5 1.00
628 630  0  5 1.00
628 631  0  5 1.00
628 632  0  5 1.00
628 633  0  5 1.00
629 630  0  5 1.00
629 631  0  5 1.00
629 632  0  5 1.00
629 633  0  5 1.00
630 631  0  5 1.00
630 632  0  5 1.00
630 633  0  5 1.00
630 634  0  5 1.00
631 632  0  5 1.00
631 633  0  5 1.00
631 634  0  5 1.00
631 635  0  5 1.00
632 633  0  5 1.00
632 634  0  5 1.00
632 635  0  5 1.00
632 636  0  5 1.00
633 634  0  5 1.00
633 635  0  5 1.00
633 636  0  5 1.00
634 635  0  5 1.00
634 636  0  5 1.00
635 636  0  5 1.00
635 637  0  5 1.00
636 637  0  5 1.00
636 638  0  5 1.00
636 642  0  5 1.00
637 638  0  5 1.00
637 639  0  5 1.00
638 639  0  5 1.00
638 640  0  5 1.00
638 641  0  5 1.00
638 642  0  5 1.00
638 643  0  5 1.00
639 640  0  5 1.00
639 641  0  5 1.00
639 642  0  5 1.00
639 643  0  5 1.00
640 641  0  5 1.00
640 642  0  5 1.00
640 643  0  5 1.00
640 644  0  5 1.00
640 645  0  5 1.00
641 642  0  5 1.00
641 643  0  5 1.00
641 644  0  5 1.00
641 645  0  5 1.00
641 646  0  5 1.00
642 643  0  5 1.00
642 644  0  5 1.00
642 645  0  5 1.00
642 646  0  5 1.00
643 644  0  5 1.00
643 645  0  5 1.00
643 646  0  5 1.00
643 647  0  5 1.00
644 645  0  5 1.00
644 646  0  5 1.00
644 647  0  5 1.00
644 648  0  5 1.00
644 649  0  5 1.00
645 646  0  5 1.00
645 647  0  5 1.00
645 648  0  5 1.00
645 649  0  5 1.00
646 647  0  5 1.00
646 648  0  5 1.00
646 649  0  5 1.00
646 650  0  5 1.00
646 651  0  5 1.00
646 652  0  5 1.00
647 648  0  5 1.00
647 649  0  5 1.00
647 650  0  5 1.00
647 651  0  5 1.00
647 652  0  5 1.00
648 649  0  5 1.00
648 650  0  5 1.00
648 651  0  5 1.00
649 650  0  5 1.00
649 651  0  5 1.00
650 651  0  5 1.00
650 652  0  5 1.00
651 652  0  5 1.00
651 653  0  5 1.00
652 653  0  5 1.00
652 654  0  5 1.00
653 654  0  5 1.00
653 655  0  5 1.00
653 656  0  5 1.00
653 657  0  5 1.00
653 658  0  5 1.00
654 655  0  5 1.00
654 656  0  5 1.00
654 657  0  5 1.00
654 658  0  5 1.00
655 656  0  5 1.00
655 657  0  5 1.00
655 658  0  5 1.00
655 659  0  5 1.00
655 660  0  5 1.00
656 657  0  5 1.00
656 658  0  5 1.00
656 659  0  5 1.00
656 660  0  5 1.00
657 658  0  5 1.00
657 659  0  5 1.00
657 660  0  5 1.00
657 661  0  5 1.00
658 659  0  5 1.00
658 660  0  5 1.00
658 661  0  5 1.00
658 662  0  5 1.00
658 663  0  5 1.00
659 660  0  5 1.00
659 661  0  5 1.00
659 662  0  5 1.00
659 663  0  5 1.00
660 661  0  5 1.00
660 662  0  5 1.00
660 663  0  5 1.00
661 662  0  5 1.00
661 663  0  5 1.00
662 663  0  5 1.00
662 664  0  5 1.00
663 664  0  5 1.00
663 665  0  5 1.00
664 665  0  5 1.00
664 666  0  5 1.00
664 667  0  5 1.00
664 668  0  5 1.00
665 666  0  5 1.00
665 667  0  5 1.00
665 668  0  5 1.00
665 669  0  5 1.00
666 667  0  5 1.00
666 668  0  5 1.00
666 669  0  5 1.00
667 668  0  5 1.00
667 669  0  5 1.00
667 672  0  5 1.00
667 673  0  5 1.00
668 669  0  5 1.00
668 670  0  5 1.00
669 670  0  5 1.00
669 671  0  5 1.00
669 672  0  5 1.00
669 673  0  5 1.00
670 671  0  5 1.00
670 672  0  5 1.00
670 673  0  5 1.00
670 674  0  5 1.00
671 672  0  5 1.00
671 673  0  5 1.00
671 674  0  5 1.00
671 675  0  5 1.00
672 673  0  5 1.00
672 674  0  5 1.00
672 675  0  5 1.00
672 676  0  5 1.00
673 674  0  5 1.00
673 675  0  5 1.00
673 676  0  5 1.00
673 677  0  5 1.00
674 675  0  5 1.00
674 676  0  5 1.00
674 677  0  5 1.00
674 678  0  5 1.00
674 679  0  5 1.00
675 676  0  5 1.00
675 677  0  5 1.00
675 678  0  5 1.00
675 679  0  5 1.00
676 677  0  5 1.00
676 678  0  5 1.00
676 679  0  5 1.00
676 680  0  5 1.00
676 681  0  5 1.00
677 678  0  5 1.00
677 679  0  5 1.00
677 680  0  5 1.00
677 681  0  5 1.00
678 679  0  5 1.00
678 680  0  5 1.00
678 681  0  5 1.00
678 682  0  5 1.00
678 683  0  5 1.00
679 680  0  5 1.00
679 681  0  5 1.00
679 682  0  5 1.00
679 683  0  5 1.00
679 684  0  5 1.00
680 681  0  5 1.00
680 682  0  5 1.00
680 683  0  5 1.00
680 684  0  5 1.00
681 682  0  5 1.00
681 683  0  5 1.00
681 684  0  5 1.00
681 685  0  5 1.00
682 683  0  5 1.00
682 684  0  5 1.00
682 685  0  5 1.00
682 686  0  5 1.00
683 684  0  5 1.00
683 685  0  5 1.00
683 686  0  5 1.00
683 687  0  5 1.00
684 685  0  5 1.00
684 686  0  5 1.00
684 687  0  5 1.00
684 688  0  5 1.00
685 686  0  5 1.00
685 687  0  5 1.00
685 688  0  5 1.00
685 689  0  5 1.00
686 687  0  5 1.00
686 688  0  5 1.00
686 689  0  5 1.00
686 690  0  5 1.00
687 688  0  5 1.00
687 689  0  5 1.00
687 690  0  5 1.00
687 691  0  5 1.00
688 689  0  5 1.00
688 690  0  5 1.00
688 691  0  5 1.00
688 692  0  5 1.00
689 690  0  5 1.00
689 691  0  5 1.00
689 692  0  5 1.00
689 693  0  5 1.00
690 691  0  5 1.00
690 692  0  5 1.00
690 693  0  5 1.00
690 694  0  5 1.00
691 692  0  5 1.00
691 693  0  5 1.00
691 694  0  5 1.00
691 695  0  5 1.00
692 693  0  5 1.00
692 694  0  5 1.00
692 695  0  5 1.00
692 696  0  5 1.00
693 694  0  5 1.00
693 695  0  5 1.00
693 696  0  5 1.00
693 697  0  5 1.00
693 700  0  5 1.00
694 695  0  5 1.00
694 696  0  5 1.00
695 696  0  5 1.00
695 697  0  5 1.00
696 697  0  5 1.00
696 698  0  5 1.00
696 699  0  5 1.00
696 700  0  5 1.00
697 698  0  5 1.00
697 699  0  5 1.00
697 700  0  5 1.00
697 701  0  5 1.00
698 699  0  5 1.00
698 700  0  5 1.00
698 701  0  5 1.00
698 702  0  5 1.00
698 703  0  5 1.00
699 700  0  5 1.00
699 701  0  5 1.00
699 702  0  5 1.00
699 703  0  5 1.00
700 701  0  5 1.00
700 702  0  5 1.00
700 703  0  5 1.00
700 704  0  5 1.00
701 702  0  5 1.00
701 703  0  5 1.00
701 704  0  5 1.00
701 705  0  5 1.00
702 703  0  5 1.00
702 704  0  5 1.00
702 705  0  5 1.00
702 706  0  5 1.00
702 707  0  5 1.00
703 704  0  5 1.00
703 705  0  5 1.00
703 706  0  5 1.00
703 707  0  5 1.00
703 708  0  5 1.00
704 705  0  5 1.00
704 706  0  5 1.00
704 707  0  5 1.00
704 708  0  5 1.00
704 709  0  5 1.00
705 706  0  5 1.00
705 707  0  5 1.00
705 708  0  5 1.00
705 709  0  5 1.00
705 710  0  5 1.00
706 707  0  5 1.00
706 708  0  5 1.00
706 709  0  5 1.00
706 710  0  5 1.00
707 708  0  5 1.00
707 709  0  5 1.00
707 710  0  5 1.00
707 711  0  5 1.00
708 709  0  5 1.00
708 710  0  5 1.00
708 711  0  5 1.00
708 712  0  5 1.00
709 710  0  5 1.00
709 711  0  5 1.00
709 712  0  5 1.00
709 713  0  5 1.00
710 711  0  5 1.00
710 712  0  5 1.00
710 713  0  5 1.00
710 714  0  5 1.00
710 715  0  5 1.00
711 712  0  5 1.00
711 713  0  5 1.00
711 714  0  5 1.00
711 715  0  5 1.00
711 716  0  5 1.00
712 713  0  5 1.00
712 714  0  5 1.00
712 715  0  5 1.00
712 716  0  5 1.00
713 714  0  5 1.00
713 715  0  5 1.00
713 716  0  5 1.00
714 715  0  5 1.00
714 716  0  5 1.00
715 716  0  5 1.00
715 717  0  5 1.00
716 717  0  5 1.00
716 718  0  5 1.00
717 718  0  5 1.00
717 719  0  5 1.00
718 719  0  5 1.00
718 720  0  5 1.00
719 720  0  5 1.00
719 721  0  5 1.00
720 721  0  5 1.00
720 722  0  5 1.00
721 722  0  5 1.00
721 723  0  5 1.00
722 723  0  5 1.00
722 724  0  5 1.00
723 724  0  5 1.00
723 725  0  5 1.00
724 725  0  5 1.00
724 726  0  5 1.00
725 726  0  5 1.00
END
HELX_P HELX_P1  1  SER A 17  ? GLU A 20  ? SER A 425  GLU A 428  5 ? 4  
HELX_P HELX_P2  2  GLY A 28  ? ARG A 39  ? GLY A 436  ARG A 447  1 ? 12 
HELX_P HELX_P3  3  ASN A 67  ? GLY A 78  ? ASN A 475  GLY A 486  1 ? 12 
HELX_P HELX_P4  4  ASP A 102 ? MET A 120 ? ASP A 510  MET A 528  1 ? 19 
HELX_P HELX_P5  5  MET A 120 ? ALA A 126 ? MET A 528  ALA A 534  1 ? 7  
HELX_P HELX_P6  6  ASN A 150 ? SER A 159 ? ASN A 558  SER A 567  1 ? 10 
HELX_P HELX_P7  7  GLY A 174 ? MET A 178 ? GLY A 582  MET A 586  5 ? 5  
HELX_P HELX_P8  8  ASN A 179 ? MET A 188 ? ASN A 587  MET A 596  1 ? 10 
HELX_P HELX_P9  9  SER A 263 ? ARG A 268 ? SER A 1028 ARG A 1033 1 ? 6  
HELX_P HELX_P10 10 LYS A 278 ? GLN A 291 ? LYS A 1043 GLN A 1056 1 ? 14 
HELX_P HELX_P11 11 SER A 302 ? TYR A 313 ? SER A 1067 TYR A 1078 1 ? 12 
HELX_P HELX_P12 12 GLY A 317 ? MET A 328 ? GLY A 1082 MET A 1093 1 ? 12 
HELX_P HELX_P13 13 THR A 364 ? ARG A 372 ? THR A 1129 ARG A 1137 1 ? 9  
HELX_P HELX_P14 14 PRO A 400 ? GLY A 406 ? PRO A 1165 GLY A 1171 1 ? 7  
HELX_P HELX_P15 15 ASN A 422 ? SER A 434 ? ASN A 1187 SER A 1199 1 ? 13 
HELX_P HELX_P16 16 SER A 440 ? ILE A 448 ? SER A 1205 ILE A 1213 1 ? 9  
HELX_P HELX_P17 17 GLY A 461 ? THR A 471 ? GLY A 1226 THR A 1236 1 ? 11 
HELX_P HELX_P18 18 ASN A 504 ? LYS A 519 ? ASN A 1269 LYS A 1284 1 ? 16 
HELX_P HELX_P19 19 LEU A 533 ? THR A 535 ? LEU A 1298 THR A 1300 5 ? 3  
HELX_P HELX_P20 20 ASN A 548 ? THR A 560 ? ASN A 1313 THR A 1325 1 ? 13 
HELX_P HELX_P21 21 ASN A 582 ? HIS A 625 ? ASN A 1347 HIS A 1390 1 ? 44 
HELX_P HELX_P22 22 HIS A 625 ? SER A 636 ? HIS A 1390 SER A 1401 1 ? 12 
HELX_P HELX_P23 23 THR A 638 ? PHE A 650 ? THR A 1403 PHE A 1415 1 ? 13 
HELX_P HELX_P24 24 SER A 653 ? ASP A 662 ? SER A 1418 ASP A 1427 1 ? 10 
HELX_P HELX_P25 25 ARG A 664 ? LEU A 668 ? ARG A 1429 LEU A 1433 5 ? 5  
HELX_P HELX_P26 26 THR A 669 ? ALA A 695 ? THR A 1434 ALA A 1460 1 ? 27 
HELX_P HELX_P27 27 ASP A 696 ? GLY A 716 ? ASP A 1461 GLY A 1481 1 ? 21 