3alw 559
  8   9  0  5 1.00
  8  10  0  5 1.00
  9  10  0  5 1.00
  9  11  0  5 1.00
  9 426  0  5 1.00
 10  11  0  5 1.00
 10  12  0  5 1.00
 10 426  0  5 1.00
 11  12  0  5 1.00
 11  13  0  5 1.00
 11 425  0  5 1.00
 11 426  0  5 1.00
 11 540  0  5 1.00
 12  13  0  5 1.00
 12  14  0  5 1.00
 12 425  0  5 1.00
 12 538  0  5 1.00
 12 539  0  5 1.00
 12 540  0  5 1.00
 13  14  0  5 1.00
 13  15  0  5 1.00
 13 423  0  5 1.00
 13 424  0  5 1.00
 13 425  0  5 1.00
 13 538  0  5 1.00
 13 539  0  5 1.00
 13 540  0  5 1.00
 14  15  0  5 1.00
 14  16  0  5 1.00
 14 423  0  5 1.00
 14 424  0  5 1.00
 14 536  0  5 1.00
 14 537  0  5 1.00
 14 538  0  5 1.00
 15  16  0  5 1.00
 15  17  0  5 1.00
 15 421  0  5 1.00
 15 422  0  5 1.00
 15 423  0  5 1.00
 15 536  0  5 1.00
 15 537  0  5 1.00
 15 538  0  5 1.00
 16  17  0  5 1.00
 16  18  0  5 1.00
 16 421  0  5 1.00
 16 422  0  5 1.00
 16 423  0  5 1.00
 16 536  0  5 1.00
 16 537  0  5 1.00
 17  18  0  5 1.00
 17  19  0  5 1.00
 17 419  0  5 1.00
 17 420  0  5 1.00
 17 421  0  5 1.00
 17 422  0  5 1.00
 18  19  0  5 1.00
 18  20  0  5 1.00
 18 419  0  5 1.00
 18 420  0  5 1.00
 18 421  0  5 1.00
 19  20  0  5 1.00
 19  21  0  5 1.00
 19 418  0  5 1.00
 19 419  0  5 1.00
 20  21  0  5 1.00
 20  22  0  5 1.00
 21  22  0  5 1.00
 21  23  0  5 1.00
 21  88  0  5 1.00
 21  89  0  5 1.00
 21  90  0  5 1.00
 22  23  0  5 1.00
 22  24  0  5 1.00
 22  90  0  5 1.00
 23  24  0  5 1.00
 23  25  0  5 1.00
 23  89  0  5 1.00
 23  90  0  5 1.00
 23  91  0  5 1.00
 23  92  0  5 1.00
 24  25  0  5 1.00
 24  26  0  5 1.00
 24  27  0  5 1.00
 24  28  0  5 1.00
 24  90  0  5 1.00
 24  91  0  5 1.00
 24  92  0  5 1.00
 25  26  0  5 1.00
 25  27  0  5 1.00
 25  28  0  5 1.00
 25  29  0  5 1.00
 25  30  0  5 1.00
 26  27  0  5 1.00
 26  28  0  5 1.00
 26  29  0  5 1.00
 26  30  0  5 1.00
 27  28  0  5 1.00
 27  29  0  5 1.00
 27  30  0  5 1.00
 27  31  0  5 1.00
 28  29  0  5 1.00
 28  30  0  5 1.00
 28  31  0  5 1.00
 28  32  0  5 1.00
 29  30  0  5 1.00
 29  31  0  5 1.00
 29  32  0  5 1.00
 29  33  0  5 1.00
 29  34  0  5 1.00
 30  31  0  5 1.00
 30  32  0  5 1.00
 30  33  0  5 1.00
 30  34  0  5 1.00
 31  32  0  5 1.00
 31  33  0  5 1.00
 32  33  0  5 1.00
 32  34  0  5 1.00
 33  34  0  5 1.00
 33  35  0  5 1.00
 34  35  0  5 1.00
 34  36  0  5 1.00
 35  36  0  5 1.00
 35  37  0  5 1.00
 35  53  0  5 1.00
 35  54  0  5 1.00
 35  55  0  5 1.00
 36  37  0  5 1.00
 36  38  0  5 1.00
 36  53  0  5 1.00
 36  54  0  5 1.00
 36  55  0  5 1.00
 37  38  0  5 1.00
 37  39  0  5 1.00
 37  52  0  5 1.00
 37  53  0  5 1.00
 37  54  0  5 1.00
 38  39  0  5 1.00
 38  40  0  5 1.00
 38  51  0  5 1.00
 38  52  0  5 1.00
 38  53  0  5 1.00
 39  40  0  5 1.00
 39  41  0  5 1.00
 39  51  0  5 1.00
 39  52  0  5 1.00
 40  41  0  5 1.00
 40  42  0  5 1.00
 40  49  0  5 1.00
 40  50  0  5 1.00
 40  51  0  5 1.00
 41  42  0  5 1.00
 41  43  0  5 1.00
 41  49  0  5 1.00
 41  50  0  5 1.00
 41  51  0  5 1.00
 42  43  0  5 1.00
 42  44  0  5 1.00
 42  47  0  5 1.00
 42  48  0  5 1.00
 42  49  0  5 1.00
 42  50  0  5 1.00
 43  44  0  5 1.00
 43  45  0  5 1.00
 43  47  0  5 1.00
 43  48  0  5 1.00
 44  45  0  5 1.00
 44  46  0  5 1.00
 44  47  0  5 1.00
 44  48  0  5 1.00
 45  46  0  5 1.00
 45  47  0  5 1.00
 46  47  0  5 1.00
 46  48  0  5 1.00
 46  78  0  5 1.00
 46  79  0  5 1.00
 46  80  0  5 1.00
 47  48  0  5 1.00
 47  49  0  5 1.00
 47  78  0  5 1.00
 47  79  0  5 1.00
 47  80  0  5 1.00
 48  49  0  5 1.00
 48  50  0  5 1.00
 48  76  0  5 1.00
 48  77  0  5 1.00
 48  78  0  5 1.00
 48  79  0  5 1.00
 48  80  0  5 1.00
 49  50  0  5 1.00
 49  51  0  5 1.00
 49  76  0  5 1.00
 49  77  0  5 1.00
 49  78  0  5 1.00
 50  51  0  5 1.00
 50  52  0  5 1.00
 50  74  0  5 1.00
 50  75  0  5 1.00
 50  76  0  5 1.00
 50  77  0  5 1.00
 51  52  0  5 1.00
 51  53  0  5 1.00
 51  74  0  5 1.00
 51  75  0  5 1.00
 52  53  0  5 1.00
 52  54  0  5 1.00
 52  72  0  5 1.00
 52  73  0  5 1.00
 52  74  0  5 1.00
 53  54  0  5 1.00
 53  55  0  5 1.00
 53  72  0  5 1.00
 53  73  0  5 1.00
 53  74  0  5 1.00
 54  55  0  5 1.00
 54  56  0  5 1.00
 54  70  0  5 1.00
 54  71  0  5 1.00
 54  72  0  5 1.00
 55  56  0  5 1.00
 55  57  0  5 1.00
 55  70  0  5 1.00
 55  71  0  5 1.00
 55  72  0  5 1.00
 56  57  0  5 1.00
 56  70  0  5 1.00
 56  71  0  5 1.00
 56  72  0  5 1.00
 57  70  0  5 1.00
 70  71  0  5 1.00
 70  72  0  5 1.00
 71  72  0  5 1.00
 71  73  0  5 1.00
 71  98  0  5 1.00
 71  99  0  5 1.00
 71 100  0  5 1.00
 72  73  0  5 1.00
 72  74  0  5 1.00
 72  98  0  5 1.00
 72  99  0  5 1.00
 73  74  0  5 1.00
 73  75  0  5 1.00
 73  96  0  5 1.00
 73  97  0  5 1.00
 73  98  0  5 1.00
 73  99  0  5 1.00
 74  75  0  5 1.00
 74  76  0  5 1.00
 74  96  0  5 1.00
 74  97  0  5 1.00
 75  76  0  5 1.00
 75  77  0  5 1.00
 75  94  0  5 1.00
 75  95  0  5 1.00
 75  96  0  5 1.00
 76  77  0  5 1.00
 76  78  0  5 1.00
 76  94  0  5 1.00
 76  95  0  5 1.00
 77  78  0  5 1.00
 77  79  0  5 1.00
 77  91  0  5 1.00
 77  92  0  5 1.00
 77  93  0  5 1.00
 77  94  0  5 1.00
 77 146  0  5 1.00
 78  79  0  5 1.00
 78  80  0  5 1.00
 78  91  0  5 1.00
 78  92  0  5 1.00
 78  93  0  5 1.00
 78 146  0  5 1.00
 79  80  0  5 1.00
 79  81  0  5 1.00
 79  89  0  5 1.00
 79  90  0  5 1.00
 79  91  0  5 1.00
 79  92  0  5 1.00
 80  81  0  5 1.00
 80  82  0  5 1.00
 80  89  0  5 1.00
 80  90  0  5 1.00
 80  91  0  5 1.00
 81  82  0  5 1.00
 81  83  0  5 1.00
 81  87  0  5 1.00
 81  88  0  5 1.00
 81  89  0  5 1.00
 81  90  0  5 1.00
 81  91  0  5 1.00
 82  83  0  5 1.00
 82  84  0  5 1.00
 82  87  0  5 1.00
 82  89  0  5 1.00
 83  84  0  5 1.00
 83  85  0  5 1.00
 84  85  0  5 1.00
 84  86  0  5 1.00
 85  86  0  5 1.00
 85  87  0  5 1.00
 86  87  0  5 1.00
 86  88  0  5 1.00
 87  88  0  5 1.00
 87  89  0  5 1.00
 88  89  0  5 1.00
 88  90  0  5 1.00
 89  90  0  5 1.00
 89  91  0  5 1.00
 90  91  0  5 1.00
 90  92  0  5 1.00
 91  92  0  5 1.00
 91  93  0  5 1.00
 92  93  0  5 1.00
 92  94  0  5 1.00
 93  94  0  5 1.00
 93  95  0  5 1.00
 93 146  0  5 1.00
 93 147  0  5 1.00
 93 148  0  5 1.00
 94  95  0  5 1.00
 94  96  0  5 1.00
 94 145  0  5 1.00
 94 146  0  5 1.00
 95  96  0  5 1.00
 95  97  0  5 1.00
 96  97  0  5 1.00
 96  98  0  5 1.00
 97  98  0  5 1.00
 97  99  0  5 1.00
 98  99  0  5 1.00
 98 100  0  5 1.00
 99 100  0  5 1.00
 99 101  0  5 1.00
100 101  0  5 1.00
105 106  0  5 1.00
105 107  0  5 1.00
105 121  0  5 1.00
105 122  0  5 1.00
106 107  0  5 1.00
106 108  0  5 1.00
106 119  0  5 1.00
106 120  0  5 1.00
106 121  0  5 1.00
106 122  0  5 1.00
107 108  0  5 1.00
107 109  0  5 1.00
107 119  0  5 1.00
107 120  0  5 1.00
107 121  0  5 1.00
107 174  0  5 1.00
108 109  0  5 1.00
108 110  0  5 1.00
108 117  0  5 1.00
108 118  0  5 1.00
108 119  0  5 1.00
108 174  0  5 1.00
109 110  0  5 1.00
109 111  0  5 1.00
109 117  0  5 1.00
109 118  0  5 1.00
109 174  0  5 1.00
109 175  0  5 1.00
109 176  0  5 1.00
110 111  0  5 1.00
110 112  0  5 1.00
110 115  0  5 1.00
110 116  0  5 1.00
110 117  0  5 1.00
110 118  0  5 1.00
110 176  0  5 1.00
110 177  0  5 1.00
111 112  0  5 1.00
111 113  0  5 1.00
111 115  0  5 1.00
111 116  0  5 1.00
111 176  0  5 1.00
111 177  0  5 1.00
111 178  0  5 1.00
112 113  0  5 1.00
112 114  0  5 1.00
112 115  0  5 1.00
112 116  0  5 1.00
112 178  0  5 1.00
113 114  0  5 1.00
113 115  0  5 1.00
113 178  0  5 1.00
114 115  0  5 1.00
114 116  0  5 1.00
114 144  0  5 1.00
114 145  0  5 1.00
114 146  0  5 1.00
114 147  0  5 1.00
115 116  0  5 1.00
115 117  0  5 1.00
115 144  0  5 1.00
115 145  0  5 1.00
115 146  0  5 1.00
116 117  0  5 1.00
116 118  0  5 1.00
116 142  0  5 1.00
116 143  0  5 1.00
116 144  0  5 1.00
116 145  0  5 1.00
117 118  0  5 1.00
117 119  0  5 1.00
117 142  0  5 1.00
117 143  0  5 1.00
118 119  0  5 1.00
118 120  0  5 1.00
118 140  0  5 1.00
118 141  0  5 1.00
118 142  0  5 1.00
118 143  0  5 1.00
119 120  0  5 1.00
119 121  0  5 1.00
119 140  0  5 1.00
119 141  0  5 1.00
119 142  0  5 1.00
120 121  0  5 1.00
120 122  0  5 1.00
120 139  0  5 1.00
120 140  0  5 1.00
121 122  0  5 1.00
121 123  0  5 1.00
122 123  0  5 1.00
122 124  0  5 1.00
123 124  0  5 1.00
123 125  0  5 1.00
124 125  0  5 1.00
124 126  0  5 1.00
124 169  0  5 1.00
124 170  0  5 1.00
124 171  0  5 1.00
125 126  0  5 1.00
125 127  0  5 1.00
125 169  0  5 1.00
125 170  0  5 1.00
126 127  0  5 1.00
126 128  0  5 1.00
126 167  0  5 1.00
126 168  0  5 1.00
126 169  0  5 1.00
127 128  0  5 1.00
127 129  0  5 1.00
127 167  0  5 1.00
127 168  0  5 1.00
128 129  0  5 1.00
128 130  0  5 1.00
128 166  0  5 1.00
128 167  0  5 1.00
128 168  0  5 1.00
129 130  0  5 1.00
129 131  0  5 1.00
129 133  0  5 1.00
129 161  0  5 1.00
129 166  0  5 1.00
129 167  0  5 1.00
130 131  0  5 1.00
130 132  0  5 1.00
130 161  0  5 1.00
130 162  0  5 1.00
130 164  0  5 1.00
131 132  0  5 1.00
131 133  0  5 1.00
131 134  0  5 1.00
132 133  0  5 1.00
132 134  0  5 1.00
133 134  0  5 1.00
133 135  0  5 1.00
134 135  0  5 1.00
134 136  0  5 1.00
135 136  0  5 1.00
135 137  0  5 1.00
136 137  0  5 1.00
136 138  0  5 1.00
137 138  0  5 1.00
137 139  0  5 1.00
137 158  0  5 1.00
137 159  0  5 1.00
138 139  0  5 1.00
138 140  0  5 1.00
138 157  0  5 1.00
138 158  0  5 1.00
138 159  0  5 1.00
139 140  0  5 1.00
139 141  0  5 1.00
139 155  0  5 1.00
139 156  0  5 1.00
139 157  0  5 1.00
140 141  0  5 1.00
140 142  0  5 1.00
140 155  0  5 1.00
140 156  0  5 1.00
140 157  0  5 1.00
141 142  0  5 1.00
141 143  0  5 1.00
141 153  0  5 1.00
141 154  0  5 1.00
141 155  0  5 1.00
141 157  0  5 1.00
142 143  0  5 1.00
142 144  0  5 1.00
142 153  0  5 1.00
142 154  0  5 1.00
143 144  0  5 1.00
143 145  0  5 1.00
143 151  0  5 1.00
143 152  0  5 1.00
143 153  0  5 1.00
143 154  0  5 1.00
144 145  0  5 1.00
144 146  0  5 1.00
144 152  0  5 1.00
145 146  0  5 1.00
145 147  0  5 1.00
145 148  0  5 1.00
146 147  0  5 1.00
146 148  0  5 1.00
147 148  0  5 1.00
147 149  0  5 1.00
148 149  0  5 1.00
148 150  0  5 1.00
149 150  0  5 1.00
149 151  0  5 1.00
149 152  0  5 1.00
150 151  0  5 1.00
150 152  0  5 1.00
151 152  0  5 1.00
151 153  0  5 1.00
152 153  0  5 1.00
152 154  0  5 1.00
153 154  0  5 1.00
153 155  0  5 1.00
154 155  0  5 1.00
154 156  0  5 1.00
155 156  0  5 1.00
155 157  0  5 1.00
156 157  0  5 1.00
156 158  0  5 1.00
157 158  0  5 1.00
157 159  0  5 1.00
158 159  0  5 1.00
158 160  0  5 1.00
158 243  0  5 1.00
158 244  0  5 1.00
158 245  0  5 1.00
159 160  0  5 1.00
159 161  0  5 1.00
159 244  0  5 1.00
159 245  0  5 1.00
160 161  0  5 1.00
160 162  0  5 1.00
160 163  0  5 1.00
160 244  0  5 1.00
160 245  0  5 1.00
160 246  0  5 1.00
160 247  0  5 1.00
161 162  0  5 1.00
161 163  0  5 1.00
162 163  0  5 1.00
162 164  0  5 1.00
163 164  0  5 1.00
163 165  0  5 1.00
163 166  0  5 1.00
164 165  0  5 1.00
164 166  0  5 1.00
165 166  0  5 1.00
165 167  0  5 1.00
165 190  0  5 1.00
165 191  0  5 1.00
165 192  0  5 1.00
165 193  0  5 1.00
166 167  0  5 1.00
166 168  0  5 1.00
166 190  0  5 1.00
166 191  0  5 1.00
166 192  0  5 1.00
167 168  0  5 1.00
167 169  0  5 1.00
167 190  0  5 1.00
167 191  0  5 1.00
167 192  0  5 1.00
168 169  0  5 1.00
168 170  0  5 1.00
168 188  0  5 1.00
168 189  0  5 1.00
168 190  0  5 1.00
169 170  0  5 1.00
169 171  0  5 1.00
169 188  0  5 1.00
169 189  0  5 1.00
169 190  0  5 1.00
170 171  0  5 1.00
170 172  0  5 1.00
170 187  0  5 1.00
170 188  0  5 1.00
170 189  0  5 1.00
171 172  0  5 1.00
171 173  0  5 1.00
172 173  0  5 1.00
172 174  0  5 1.00
173 174  0  5 1.00
173 175  0  5 1.00
173 260  0  5 1.00
173 261  0  5 1.00
174 175  0  5 1.00
174 176  0  5 1.00
174 261  0  5 1.00
174 262  0  5 1.00
175 176  0  5 1.00
175 177  0  5 1.00
175 184  0  5 1.00
175 185  0  5 1.00
175 261  0  5 1.00
175 262  0  5 1.00
175 263  0  5 1.00
176 177  0  5 1.00
176 178  0  5 1.00
176 184  0  5 1.00
176 185  0  5 1.00
176 263  0  5 1.00
177 178  0  5 1.00
177 179  0  5 1.00
177 182  0  5 1.00
177 183  0  5 1.00
177 184  0  5 1.00
177 263  0  5 1.00
178 179  0  5 1.00
178 180  0  5 1.00
178 182  0  5 1.00
178 183  0  5 1.00
179 180  0  5 1.00
179 181  0  5 1.00
179 182  0  5 1.00
180 181  0  5 1.00
180 182  0  5 1.00
181 182  0  5 1.00
181 183  0  5 1.00
181 235  0  5 1.00
181 236  0  5 1.00
181 237  0  5 1.00
181 238  0  5 1.00
182 183  0  5 1.00
182 184  0  5 1.00
182 235  0  5 1.00
182 236  0  5 1.00
182 237  0  5 1.00
183 184  0  5 1.00
183 185  0  5 1.00
183 233  0  5 1.00
183 234  0  5 1.00
183 235  0  5 1.00
184 185  0  5 1.00
184 186  0  5 1.00
184 233  0  5 1.00
184 234  0  5 1.00
185 186  0  5 1.00
185 187  0  5 1.00
185 231  0  5 1.00
185 232  0  5 1.00
185 233  0  5 1.00
186 187  0  5 1.00
186 188  0  5 1.00
186 231  0  5 1.00
186 232  0  5 1.00
186 233  0  5 1.00
186 261  0  5 1.00
187 188  0  5 1.00
187 189  0  5 1.00
187 229  0  5 1.00
187 230  0  5 1.00
187 231  0  5 1.00
187 232  0  5 1.00
188 189  0  5 1.00
188 190  0  5 1.00
188 229  0  5 1.00
188 231  0  5 1.00
189 190  0  5 1.00
189 191  0  5 1.00
189 228  0  5 1.00
189 229  0  5 1.00
189 230  0  5 1.00
189 231  0  5 1.00
190 191  0  5 1.00
190 192  0  5 1.00
190 228  0  5 1.00
190 229  0  5 1.00
191 192  0  5 1.00
191 193  0  5 1.00
191 194  0  5 1.00
192 193  0  5 1.00
192 194  0  5 1.00
193 194  0  5 1.00
193 195  0  5 1.00
193 196  0  5 1.00
193 197  0  5 1.00
194 195  0  5 1.00
194 196  0  5 1.00
194 197  0  5 1.00
194 198  0  5 1.00
194 199  0  5 1.00
195 196  0  5 1.00
195 197  0  5 1.00
195 198  0  5 1.00
195 199  0  5 1.00
195 200  0  5 1.00
196 197  0  5 1.00
196 198  0  5 1.00
197 198  0  5 1.00
197 199  0  5 1.00
198 199  0  5 1.00
198 200  0  5 1.00
198 201  0  5 1.00
198 202  0  5 1.00
199 200  0  5 1.00
199 201  0  5 1.00
199 202  0  5 1.00
199 203  0  5 1.00
200 201  0  5 1.00
200 202  0  5 1.00
200 203  0  5 1.00
200 204  0  5 1.00
200 310  0  5 1.00
201 202  0  5 1.00
201 203  0  5 1.00
201 204  0  5 1.00
201 205  0  5 1.00
201 310  0  5 1.00
202 203  0  5 1.00
202 204  0  5 1.00
202 205  0  5 1.00
202 206  0  5 1.00
203 204  0  5 1.00
203 205  0  5 1.00
203 206  0  5 1.00
203 207  0  5 1.00
204 205  0  5 1.00
204 206  0  5 1.00
204 207  0  5 1.00
205 206  0  5 1.00
205 207  0  5 1.00
205 208  0  5 1.00
205 209  0  5 1.00
205 210  0  5 1.00
205 211  0  5 1.00
206 207  0  5 1.00
206 208  0  5 1.00
206 210  0  5 1.00
206 211  0  5 1.00
207 208  0  5 1.00
207 209  0  5 1.00
208 209  0  5 1.00
208 210  0  5 1.00
208 211  0  5 1.00
208 212  0  5 1.00
209 210  0  5 1.00
209 211  0  5 1.00
209 212  0  5 1.00
210 211  0  5 1.00
210 212  0  5 1.00
210 213  0  5 1.00
210 214  0  5 1.00
211 212  0  5 1.00
211 213  0  5 1.00
211 214  0  5 1.00
211 215  0  5 1.00
212 213  0  5 1.00
212 214  0  5 1.00
212 215  0  5 1.00
212 216  0  5 1.00
213 214  0  5 1.00
213 215  0  5 1.00
213 216  0  5 1.00
213 217  0  5 1.00
214 215  0  5 1.00
214 216  0  5 1.00
214 217  0  5 1.00
215 216  0  5 1.00
215 217  0  5 1.00
216 217  0  5 1.00
216 218  0  5 1.00
217 218  0  5 1.00
217 219  0  5 1.00
218 219  0  5 1.00
218 220  0  5 1.00
219 220  0  5 1.00
219 221  0  5 1.00
219 222  0  5 1.00
219 223  0  5 1.00
220 221  0  5 1.00
220 222  0  5 1.00
220 223  0  5 1.00
220 224  0  5 1.00
221 222  0  5 1.00
221 223  0  5 1.00
221 224  0  5 1.00
221 225  0  5 1.00
221 226  0  5 1.00
222 223  0  5 1.00
222 224  0  5 1.00
222 225  0  5 1.00
222 226  0  5 1.00
223 224  0  5 1.00
223 225  0  5 1.00
224 225  0  5 1.00
224 226  0  5 1.00
225 226  0  5 1.00
225 227  0  5 1.00
226 227  0  5 1.00
226 228  0  5 1.00
227 228  0  5 1.00
227 229  0  5 1.00
228 229  0  5 1.00
228 230  0  5 1.00
228 255  0  5 1.00
229 230  0  5 1.00
229 231  0  5 1.00
229 250  0  5 1.00
229 251  0  5 1.00
230 231  0  5 1.00
230 232  0  5 1.00
230 248  0  5 1.00
230 249  0  5 1.00
230 250  0  5 1.00
230 251  0  5 1.00
231 232  0  5 1.00
231 233  0  5 1.00
231 248  0  5 1.00
231 249  0  5 1.00
232 233  0  5 1.00
232 234  0  5 1.00
232 246  0  5 1.00
232 247  0  5 1.00
232 248  0  5 1.00
232 249  0  5 1.00
233 234  0  5 1.00
233 235  0  5 1.00
233 246  0  5 1.00
233 247  0  5 1.00
234 235  0  5 1.00
234 236  0  5 1.00
234 244  0  5 1.00
234 245  0  5 1.00
234 246  0  5 1.00
234 247  0  5 1.00
235 236  0  5 1.00
235 237  0  5 1.00
235 244  0  5 1.00
235 245  0  5 1.00
236 237  0  5 1.00
236 238  0  5 1.00
236 239  0  5 1.00
237 238  0  5 1.00
237 239  0  5 1.00
238 239  0  5 1.00
238 240  0  5 1.00
239 240  0  5 1.00
239 241  0  5 1.00
239 242  0  5 1.00
239 243  0  5 1.00
240 241  0  5 1.00
240 242  0  5 1.00
241 242  0  5 1.00
241 243  0  5 1.00
242 243  0  5 1.00
242 244  0  5 1.00
243 244  0  5 1.00
243 245  0  5 1.00
244 245  0  5 1.00
244 246  0  5 1.00
245 246  0  5 1.00
245 247  0  5 1.00
246 247  0  5 1.00
246 248  0  5 1.00
247 248  0  5 1.00
247 249  0  5 1.00
248 249  0  5 1.00
248 250  0  5 1.00
249 250  0  5 1.00
249 251  0  5 1.00
250 251  0  5 1.00
250 252  0  5 1.00
251 252  0  5 1.00
251 253  0  5 1.00
251 298  0  5 1.00
252 253  0  5 1.00
252 254  0  5 1.00
252 298  0  5 1.00
253 254  0  5 1.00
253 255  0  5 1.00
253 298  0  5 1.00
253 315  0  5 1.00
254 255  0  5 1.00
254 256  0  5 1.00
254 315  0  5 1.00
254 316  0  5 1.00
254 317  0  5 1.00
255 256  0  5 1.00
255 257  0  5 1.00
256 257  0  5 1.00
256 258  0  5 1.00
257 258  0  5 1.00
257 259  0  5 1.00
258 259  0  5 1.00
258 260  0  5 1.00
258 261  0  5 1.00
259 260  0  5 1.00
259 261  0  5 1.00
260 261  0  5 1.00
260 262  0  5 1.00
260 275  0  5 1.00
260 276  0  5 1.00
260 277  0  5 1.00
261 262  0  5 1.00
261 263  0  5 1.00
261 275  0  5 1.00
261 276  0  5 1.00
262 263  0  5 1.00
262 264  0  5 1.00
262 273  0  5 1.00
262 274  0  5 1.00
262 275  0  5 1.00
263 264  0  5 1.00
263 265  0  5 1.00
263 273  0  5 1.00
263 274  0  5 1.00
264 265  0  5 1.00
264 266  0  5 1.00
264 271  0  5 1.00
264 272  0  5 1.00
264 273  0  5 1.00
265 266  0  5 1.00
265 267  0  5 1.00
265 271  0  5 1.00
265 272  0  5 1.00
265 273  0  5 1.00
266 267  0  5 1.00
266 268  0  5 1.00
266 269  0  5 1.00
266 271  0  5 1.00
266 272  0  5 1.00
266 273  0  5 1.00
267 268  0  5 1.00
267 269  0  5 1.00
267 271  0  5 1.00
268 269  0  5 1.00
268 270  0  5 1.00
268 271  0  5 1.00
269 270  0  5 1.00
269 271  0  5 1.00
270 271  0  5 1.00
270 272  0  5 1.00
270 290  0  5 1.00
270 291  0  5 1.00
270 292  0  5 1.00
271 272  0  5 1.00
271 273  0  5 1.00
271 290  0  5 1.00
272 273  0  5 1.00
272 274  0  5 1.00
272 288  0  5 1.00
272 289  0  5 1.00
272 290  0  5 1.00
273 274  0  5 1.00
273 275  0  5 1.00
273 288  0  5 1.00
273 289  0  5 1.00
273 290  0  5 1.00
274 275  0  5 1.00
274 276  0  5 1.00
274 286  0  5 1.00
274 287  0  5 1.00
274 288  0  5 1.00
274 289  0  5 1.00
275 276  0  5 1.00
275 277  0  5 1.00
275 286  0  5 1.00
275 287  0  5 1.00
275 288  0  5 1.00
276 277  0  5 1.00
276 278  0  5 1.00
276 284  0  5 1.00
276 285  0  5 1.00
276 286  0  5 1.00
277 278  0  5 1.00
277 279  0  5 1.00
277 284  0  5 1.00
277 285  0  5 1.00
277 332  0  5 1.00
277 333  0  5 1.00
277 334  0  5 1.00
278 279  0  5 1.00
278 280  0  5 1.00
278 283  0  5 1.00
278 284  0  5 1.00
278 285  0  5 1.00
278 331  0  5 1.00
278 332  0  5 1.00
279 280  0  5 1.00
279 281  0  5 1.00
279 282  0  5 1.00
279 283  0  5 1.00
279 284  0  5 1.00
280 281  0  5 1.00
280 282  0  5 1.00
280 283  0  5 1.00
280 328  0  5 1.00
280 329  0  5 1.00
280 330  0  5 1.00
280 331  0  5 1.00
281 282  0  5 1.00
281 283  0  5 1.00
281 319  0  5 1.00
281 320  0  5 1.00
281 323  0  5 1.00
281 328  0  5 1.00
282 283  0  5 1.00
282 284  0  5 1.00
282 319  0  5 1.00
282 320  0  5 1.00
283 284  0  5 1.00
283 285  0  5 1.00
283 318  0  5 1.00
283 319  0  5 1.00
284 285  0  5 1.00
284 286  0  5 1.00
284 318  0  5 1.00
284 319  0  5 1.00
285 286  0  5 1.00
285 287  0  5 1.00
285 303  0  5 1.00
286 287  0  5 1.00
286 288  0  5 1.00
286 302  0  5 1.00
287 288  0  5 1.00
287 289  0  5 1.00
287 300  0  5 1.00
287 301  0  5 1.00
287 302  0  5 1.00
288 289  0  5 1.00
288 290  0  5 1.00
288 299  0  5 1.00
288 300  0  5 1.00
288 301  0  5 1.00
289 290  0  5 1.00
289 291  0  5 1.00
289 297  0  5 1.00
289 298  0  5 1.00
289 299  0  5 1.00
289 300  0  5 1.00
290 291  0  5 1.00
290 292  0  5 1.00
290 297  0  5 1.00
290 298  0  5 1.00
291 292  0  5 1.00
291 293  0  5 1.00
291 295  0  5 1.00
291 296  0  5 1.00
291 297  0  5 1.00
292 293  0  5 1.00
292 294  0  5 1.00
292 295  0  5 1.00
292 296  0  5 1.00
293 294  0  5 1.00
293 295  0  5 1.00
294 295  0  5 1.00
294 296  0  5 1.00
295 296  0  5 1.00
295 297  0  5 1.00
296 297  0  5 1.00
296 298  0  5 1.00
297 298  0  5 1.00
297 299  0  5 1.00
298 299  0  5 1.00
298 300  0  5 1.00
299 300  0  5 1.00
299 301  0  5 1.00
300 301  0  5 1.00
300 302  0  5 1.00
301 302  0  5 1.00
301 303  0  5 1.00
302 303  0  5 1.00
302 304  0  5 1.00
303 304  0  5 1.00
303 305  0  5 1.00
303 316  0  5 1.00
303 317  0  5 1.00
303 318  0  5 1.00
304 305  0  5 1.00
304 306  0  5 1.00
304 316  0  5 1.00
304 317  0  5 1.00
304 318  0  5 1.00
305 306  0  5 1.00
305 307  0  5 1.00
305 314  0  5 1.00
305 315  0  5 1.00
305 316  0  5 1.00
305 318  0  5 1.00
306 307  0  5 1.00
306 308  0  5 1.00
306 314  0  5 1.00
306 315  0  5 1.00
306 316  0  5 1.00
307 308  0  5 1.00
307 309  0  5 1.00
307 310  0  5 1.00
307 312  0  5 1.00
307 314  0  5 1.00
307 315  0  5 1.00
308 309  0  5 1.00
308 310  0  5 1.00
309 310  0  5 1.00
309 311  0  5 1.00
309 312  0  5 1.00
309 313  0  5 1.00
309 314  0  5 1.00
310 311  0  5 1.00
310 312  0  5 1.00
311 312  0  5 1.00
311 313  0  5 1.00
312 313  0  5 1.00
312 314  0  5 1.00
313 314  0  5 1.00
313 315  0  5 1.00
314 315  0  5 1.00
314 316  0  5 1.00
315 316  0  5 1.00
315 317  0  5 1.00
316 317  0  5 1.00
316 318  0  5 1.00
317 318  0  5 1.00
317 319  0  5 1.00
318 319  0  5 1.00
318 320  0  5 1.00
319 320  0  5 1.00
319 321  0  5 1.00
320 321  0  5 1.00
320 322  0  5 1.00
320 323  0  5 1.00
321 322  0  5 1.00
321 323  0  5 1.00
321 324  0  5 1.00
322 323  0  5 1.00
322 324  0  5 1.00
323 324  0  5 1.00
323 325  0  5 1.00
324 325  0  5 1.00
324 326  0  5 1.00
325 326  0  5 1.00
325 327  0  5 1.00
325 328  0  5 1.00
326 327  0  5 1.00
326 328  0  5 1.00
326 329  0  5 1.00
327 328  0  5 1.00
327 329  0  5 1.00
327 349  0  5 1.00
327 350  0  5 1.00
327 351  0  5 1.00
327 352  0  5 1.00
328 329  0  5 1.00
328 330  0  5 1.00
328 349  0  5 1.00
329 330  0  5 1.00
329 331  0  5 1.00
329 349  0  5 1.00
330 331  0  5 1.00
330 332  0  5 1.00
330 347  0  5 1.00
330 348  0  5 1.00
330 349  0  5 1.00
331 332  0  5 1.00
331 333  0  5 1.00
331 347  0  5 1.00
331 348  0  5 1.00
331 386  0  5 1.00
332 333  0  5 1.00
332 334  0  5 1.00
332 347  0  5 1.00
332 348  0  5 1.00
332 386  0  5 1.00
333 334  0  5 1.00
333 335  0  5 1.00
333 345  0  5 1.00
333 346  0  5 1.00
333 347  0  5 1.00
333 386  0  5 1.00
334 335  0  5 1.00
334 336  0  5 1.00
334 345  0  5 1.00
335 336  0  5 1.00
335 337  0  5 1.00
335 343  0  5 1.00
335 344  0  5 1.00
335 345  0  5 1.00
336 337  0  5 1.00
336 338  0  5 1.00
336 343  0  5 1.00
336 344  0  5 1.00
337 338  0  5 1.00
337 339  0  5 1.00
337 341  0  5 1.00
337 343  0  5 1.00
337 344  0  5 1.00
338 339  0  5 1.00
338 340  0  5 1.00
339 340  0  5 1.00
339 341  0  5 1.00
340 341  0  5 1.00
340 342  0  5 1.00
341 342  0  5 1.00
341 343  0  5 1.00
342 343  0  5 1.00
342 344  0  5 1.00
342 364  0  5 1.00
342 365  0  5 1.00
342 366  0  5 1.00
343 344  0  5 1.00
343 345  0  5 1.00
343 363  0  5 1.00
343 364  0  5 1.00
344 345  0  5 1.00
344 346  0  5 1.00
344 361  0  5 1.00
344 362  0  5 1.00
344 363  0  5 1.00
345 346  0  5 1.00
345 347  0  5 1.00
345 361  0  5 1.00
345 362  0  5 1.00
346 347  0  5 1.00
346 348  0  5 1.00
346 359  0  5 1.00
346 360  0  5 1.00
346 361  0  5 1.00
346 362  0  5 1.00
347 348  0  5 1.00
347 349  0  5 1.00
347 359  0  5 1.00
347 360  0  5 1.00
347 361  0  5 1.00
348 349  0  5 1.00
348 350  0  5 1.00
348 357  0  5 1.00
348 358  0  5 1.00
348 359  0  5 1.00
349 350  0  5 1.00
349 351  0  5 1.00
349 357  0  5 1.00
349 358  0  5 1.00
349 359  0  5 1.00
350 351  0  5 1.00
350 352  0  5 1.00
350 353  0  5 1.00
350 355  0  5 1.00
350 356  0  5 1.00
350 357  0  5 1.00
350 358  0  5 1.00
351 352  0  5 1.00
351 353  0  5 1.00
351 356  0  5 1.00
352 353  0  5 1.00
352 354  0  5 1.00
353 354  0  5 1.00
353 355  0  5 1.00
353 356  0  5 1.00
354 355  0  5 1.00
354 356  0  5 1.00
355 356  0  5 1.00
355 357  0  5 1.00
355 377  0  5 1.00
356 357  0  5 1.00
356 358  0  5 1.00
356 375  0  5 1.00
356 376  0  5 1.00
356 377  0  5 1.00
356 379  0  5 1.00
357 358  0  5 1.00
357 359  0  5 1.00
357 375  0  5 1.00
357 376  0  5 1.00
357 377  0  5 1.00
358 359  0  5 1.00
358 360  0  5 1.00
358 373  0  5 1.00
358 374  0  5 1.00
358 375  0  5 1.00
358 376  0  5 1.00
359 360  0  5 1.00
359 361  0  5 1.00
359 373  0  5 1.00
359 374  0  5 1.00
359 375  0  5 1.00
360 361  0  5 1.00
360 362  0  5 1.00
360 371  0  5 1.00
360 372  0  5 1.00
360 373  0  5 1.00
360 374  0  5 1.00
361 362  0  5 1.00
361 363  0  5 1.00
361 371  0  5 1.00
361 372  0  5 1.00
362 363  0  5 1.00
362 364  0  5 1.00
362 369  0  5 1.00
362 370  0  5 1.00
362 371  0  5 1.00
362 372  0  5 1.00
363 364  0  5 1.00
363 365  0  5 1.00
363 370  0  5 1.00
363 371  0  5 1.00
364 365  0  5 1.00
364 366  0  5 1.00
364 367  0  5 1.00
364 368  0  5 1.00
364 369  0  5 1.00
364 370  0  5 1.00
365 366  0  5 1.00
365 367  0  5 1.00
365 368  0  5 1.00
365 481  0  5 1.00
365 482  0  5 1.00
366 367  0  5 1.00
366 368  0  5 1.00
367 368  0  5 1.00
367 369  0  5 1.00
368 369  0  5 1.00
368 370  0  5 1.00
368 480  0  5 1.00
369 370  0  5 1.00
369 371  0  5 1.00
370 371  0  5 1.00
370 372  0  5 1.00
371 372  0  5 1.00
371 373  0  5 1.00
372 373  0  5 1.00
372 374  0  5 1.00
373 374  0  5 1.00
373 375  0  5 1.00
374 375  0  5 1.00
374 376  0  5 1.00
375 376  0  5 1.00
375 377  0  5 1.00
376 377  0  5 1.00
376 378  0  5 1.00
377 378  0  5 1.00
377 379  0  5 1.00
378 379  0  5 1.00
378 380  0  5 1.00
379 380  0  5 1.00
379 381  0  5 1.00
380 381  0  5 1.00
380 382  0  5 1.00
380 406  0  5 1.00
380 407  0  5 1.00
380 408  0  5 1.00
381 382  0  5 1.00
381 383  0  5 1.00
381 406  0  5 1.00
381 407  0  5 1.00
382 383  0  5 1.00
382 384  0  5 1.00
382 404  0  5 1.00
382 405  0  5 1.00
382 406  0  5 1.00
383 384  0  5 1.00
383 385  0  5 1.00
383 404  0  5 1.00
383 405  0  5 1.00
384 385  0  5 1.00
384 386  0  5 1.00
384 404  0  5 1.00
384 405  0  5 1.00
384 406  0  5 1.00
385 386  0  5 1.00
385 387  0  5 1.00
385 402  0  5 1.00
385 403  0  5 1.00
385 404  0  5 1.00
386 387  0  5 1.00
386 388  0  5 1.00
386 402  0  5 1.00
386 403  0  5 1.00
387 388  0  5 1.00
387 389  0  5 1.00
387 400  0  5 1.00
387 401  0  5 1.00
387 402  0  5 1.00
388 389  0  5 1.00
388 390  0  5 1.00
388 400  0  5 1.00
388 401  0  5 1.00
388 402  0  5 1.00
389 390  0  5 1.00
389 391  0  5 1.00
389 398  0  5 1.00
389 399  0  5 1.00
389 400  0  5 1.00
390 391  0  5 1.00
390 392  0  5 1.00
390 398  0  5 1.00
390 399  0  5 1.00
391 392  0  5 1.00
391 393  0  5 1.00
391 396  0  5 1.00
391 397  0  5 1.00
391 398  0  5 1.00
392 393  0  5 1.00
392 394  0  5 1.00
392 396  0  5 1.00
392 397  0  5 1.00
392 398  0  5 1.00
393 394  0  5 1.00
393 395  0  5 1.00
393 396  0  5 1.00
393 397  0  5 1.00
393 398  0  5 1.00
394 395  0  5 1.00
394 396  0  5 1.00
395 396  0  5 1.00
395 397  0  5 1.00
396 397  0  5 1.00
396 398  0  5 1.00
396 422  0  5 1.00
397 398  0  5 1.00
397 399  0  5 1.00
397 420  0  5 1.00
397 421  0  5 1.00
397 422  0  5 1.00
398 399  0  5 1.00
398 400  0  5 1.00
398 420  0  5 1.00
398 421  0  5 1.00
398 422  0  5 1.00
399 400  0  5 1.00
399 401  0  5 1.00
399 418  0  5 1.00
399 419  0  5 1.00
399 420  0  5 1.00
399 421  0  5 1.00
400 401  0  5 1.00
400 402  0  5 1.00
400 418  0  5 1.00
400 419  0  5 1.00
401 402  0  5 1.00
401 403  0  5 1.00
401 416  0  5 1.00
401 417  0  5 1.00
401 418  0  5 1.00
402 403  0  5 1.00
402 404  0  5 1.00
402 416  0  5 1.00
402 417  0  5 1.00
403 404  0  5 1.00
403 405  0  5 1.00
403 414  0  5 1.00
403 415  0  5 1.00
403 416  0  5 1.00
403 417  0  5 1.00
404 405  0  5 1.00
404 406  0  5 1.00
404 414  0  5 1.00
404 415  0  5 1.00
404 416  0  5 1.00
405 406  0  5 1.00
405 407  0  5 1.00
405 412  0  5 1.00
405 413  0  5 1.00
405 414  0  5 1.00
405 415  0  5 1.00
406 407  0  5 1.00
406 408  0  5 1.00
406 411  0  5 1.00
406 412  0  5 1.00
406 413  0  5 1.00
406 414  0  5 1.00
407 408  0  5 1.00
407 409  0  5 1.00
407 410  0  5 1.00
407 411  0  5 1.00
407 412  0  5 1.00
407 413  0  5 1.00
407 414  0  5 1.00
408 409  0  5 1.00
408 410  0  5 1.00
408 411  0  5 1.00
409 410  0  5 1.00
409 411  0  5 1.00
409 412  0  5 1.00
410 411  0  5 1.00
410 412  0  5 1.00
411 412  0  5 1.00
411 413  0  5 1.00
412 413  0  5 1.00
412 414  0  5 1.00
413 414  0  5 1.00
413 415  0  5 1.00
414 415  0  5 1.00
414 416  0  5 1.00
415 416  0  5 1.00
415 417  0  5 1.00
416 417  0  5 1.00
416 418  0  5 1.00
417 418  0  5 1.00
417 419  0  5 1.00
418 419  0  5 1.00
418 420  0  5 1.00
419 420  0  5 1.00
419 421  0  5 1.00
420 421  0  5 1.00
420 422  0  5 1.00
421 422  0  5 1.00
421 423  0  5 1.00
422 423  0  5 1.00
422 424  0  5 1.00
423 424  0  5 1.00
423 425  0  5 1.00
424 425  0  5 1.00
424 426  0  5 1.00
425 426  0  5 1.00
442 443  0  5 1.00
442 444  0  5 1.00
442 542  0  5 1.00
443 444  0  5 1.00
443 445  0  5 1.00
443 542  0  5 1.00
443 543  0  5 1.00
443 544  0  5 1.00
444 445  0  5 1.00
444 446  0  5 1.00
444 544  0  5 1.00
445 446  0  5 1.00
445 447  0  5 1.00
445 544  0  5 1.00
445 545  0  5 1.00
445 546  0  5 1.00
446 447  0  5 1.00
446 448  0  5 1.00
446 546  0  5 1.00
447 448  0  5 1.00
447 449  0  5 1.00
447 546  0  5 1.00
447 547  0  5 1.00
448 449  0  5 1.00
448 450  0  5 1.00
448 451  0  5 1.00
449 450  0  5 1.00
449 451  0  5 1.00
449 520  0  5 1.00
449 521  0  5 1.00
449 547  0  5 1.00
450 451  0  5 1.00
450 452  0  5 1.00
450 519  0  5 1.00
450 520  0  5 1.00
451 452  0  5 1.00
451 453  0  5 1.00
451 517  0  5 1.00
451 519  0  5 1.00
451 520  0  5 1.00
452 453  0  5 1.00
452 454  0  5 1.00
452 517  0  5 1.00
452 518  0  5 1.00
452 519  0  5 1.00
452 520  0  5 1.00
453 454  0  5 1.00
453 455  0  5 1.00
453 515  0  5 1.00
453 516  0  5 1.00
453 517  0  5 1.00
453 520  0  5 1.00
454 455  0  5 1.00
454 456  0  5 1.00
454 515  0  5 1.00
454 516  0  5 1.00
455 456  0  5 1.00
455 457  0  5 1.00
455 513  0  5 1.00
455 514  0  5 1.00
455 515  0  5 1.00
456 457  0  5 1.00
456 458  0  5 1.00
456 459  0  5 1.00
456 512  0  5 1.00
456 513  0  5 1.00
456 514  0  5 1.00
457 458  0  5 1.00
457 459  0  5 1.00
457 513  0  5 1.00
457 514  0  5 1.00
457 515  0  5 1.00
458 459  0  5 1.00
458 460  0  5 1.00
458 461  0  5 1.00
458 462  0  5 1.00
458 513  0  5 1.00
459 460  0  5 1.00
459 461  0  5 1.00
460 461  0  5 1.00
460 462  0  5 1.00
460 463  0  5 1.00
461 462  0  5 1.00
461 463  0  5 1.00
461 465  0  5 1.00
461 466  0  5 1.00
462 463  0  5 1.00
462 464  0  5 1.00
462 511  0  5 1.00
463 464  0  5 1.00
463 465  0  5 1.00
463 466  0  5 1.00
464 465  0  5 1.00
464 466  0  5 1.00
464 467  0  5 1.00
465 466  0  5 1.00
465 467  0  5 1.00
466 467  0  5 1.00
466 468  0  5 1.00
467 468  0  5 1.00
467 469  0  5 1.00
468 469  0  5 1.00
468 470  0  5 1.00
469 470  0  5 1.00
469 471  0  5 1.00
469 533  0  5 1.00
469 534  0  5 1.00
470 471  0  5 1.00
470 472  0  5 1.00
470 533  0  5 1.00
470 534  0  5 1.00
471 472  0  5 1.00
471 473  0  5 1.00
471 491  0  5 1.00
471 492  0  5 1.00
471 531  0  5 1.00
471 532  0  5 1.00
471 533  0  5 1.00
472 473  0  5 1.00
472 474  0  5 1.00
472 489  0  5 1.00
472 490  0  5 1.00
472 491  0  5 1.00
472 531  0  5 1.00
472 532  0  5 1.00
473 474  0  5 1.00
473 475  0  5 1.00
473 489  0  5 1.00
473 490  0  5 1.00
473 529  0  5 1.00
473 530  0  5 1.00
473 531  0  5 1.00
474 475  0  5 1.00
474 476  0  5 1.00
474 486  0  5 1.00
474 487  0  5 1.00
474 488  0  5 1.00
474 489  0  5 1.00
474 529  0  5 1.00
474 530  0  5 1.00
474 531  0  5 1.00
475 476  0  5 1.00
475 477  0  5 1.00
475 486  0  5 1.00
475 487  0  5 1.00
475 488  0  5 1.00
475 527  0  5 1.00
475 528  0  5 1.00
475 529  0  5 1.00
475 530  0  5 1.00
476 477  0  5 1.00
476 478  0  5 1.00
476 485  0  5 1.00
476 486  0  5 1.00
476 527  0  5 1.00
476 528  0  5 1.00
476 529  0  5 1.00
477 478  0  5 1.00
477 479  0  5 1.00
477 485  0  5 1.00
477 525  0  5 1.00
477 526  0  5 1.00
477 527  0  5 1.00
477 528  0  5 1.00
478 479  0  5 1.00
478 480  0  5 1.00
478 526  0  5 1.00
479 480  0  5 1.00
479 481  0  5 1.00
479 483  0  5 1.00
480 481  0  5 1.00
480 482  0  5 1.00
480 483  0  5 1.00
481 482  0  5 1.00
481 483  0  5 1.00
482 483  0  5 1.00
482 484  0  5 1.00
483 484  0  5 1.00
483 485  0  5 1.00
484 485  0  5 1.00
484 486  0  5 1.00
485 486  0  5 1.00
485 487  0  5 1.00
486 487  0  5 1.00
486 488  0  5 1.00
487 488  0  5 1.00
487 489  0  5 1.00
487 502  0  5 1.00
487 503  0  5 1.00
488 489  0  5 1.00
488 490  0  5 1.00
488 500  0  5 1.00
488 501  0  5 1.00
488 502  0  5 1.00
488 503  0  5 1.00
489 490  0  5 1.00
489 491  0  5 1.00
489 500  0  5 1.00
489 501  0  5 1.00
489 502  0  5 1.00
490 491  0  5 1.00
490 492  0  5 1.00
490 499  0  5 1.00
490 500  0  5 1.00
491 492  0  5 1.00
491 493  0  5 1.00
491 499  0  5 1.00
492 493  0  5 1.00
492 494  0  5 1.00
492 495  0  5 1.00
493 494  0  5 1.00
493 495  0  5 1.00
494 495  0  5 1.00
494 496  0  5 1.00
495 496  0  5 1.00
495 497  0  5 1.00
496 497  0  5 1.00
496 498  0  5 1.00
497 498  0  5 1.00
497 499  0  5 1.00
498 499  0  5 1.00
498 500  0  5 1.00
499 500  0  5 1.00
499 501  0  5 1.00
500 501  0  5 1.00
500 502  0  5 1.00
501 502  0  5 1.00
501 503  0  5 1.00
502 503  0  5 1.00
502 504  0  5 1.00
503 504  0  5 1.00
503 505  0  5 1.00
504 505  0  5 1.00
504 506  0  5 1.00
505 506  0  5 1.00
505 507  0  5 1.00
505 516  0  5 1.00
505 517  0  5 1.00
505 518  0  5 1.00
506 507  0  5 1.00
506 508  0  5 1.00
506 516  0  5 1.00
506 517  0  5 1.00
507 508  0  5 1.00
507 509  0  5 1.00
507 514  0  5 1.00
507 515  0  5 1.00
507 516  0  5 1.00
507 517  0  5 1.00
508 509  0  5 1.00
508 510  0  5 1.00
508 514  0  5 1.00
508 515  0  5 1.00
508 516  0  5 1.00
509 510  0  5 1.00
509 511  0  5 1.00
509 512  0  5 1.00
509 513  0  5 1.00
509 514  0  5 1.00
510 511  0  5 1.00
510 512  0  5 1.00
510 513  0  5 1.00
511 512  0  5 1.00
511 513  0  5 1.00
512 513  0  5 1.00
512 514  0  5 1.00
513 514  0  5 1.00
513 515  0  5 1.00
514 515  0  5 1.00
514 516  0  5 1.00
515 516  0  5 1.00
515 517  0  5 1.00
516 517  0  5 1.00
516 518  0  5 1.00
517 518  0  5 1.00
517 519  0  5 1.00
517 520  0  5 1.00
518 519  0  5 1.00
518 520  0  5 1.00
519 520  0  5 1.00
519 521  0  5 1.00
520 521  0  5 1.00
520 522  0  5 1.00
521 522  0  5 1.00
521 523  0  5 1.00
521 524  0  5 1.00
521 525  0  5 1.00
522 523  0  5 1.00
522 524  0  5 1.00
522 525  0  5 1.00
523 524  0  5 1.00
523 525  0  5 1.00
524 525  0  5 1.00
524 526  0  5 1.00
525 526  0  5 1.00
525 527  0  5 1.00
525 545  0  5 1.00
526 527  0  5 1.00
526 528  0  5 1.00
526 543  0  5 1.00
526 544  0  5 1.00
526 545  0  5 1.00
527 528  0  5 1.00
527 529  0  5 1.00
527 543  0  5 1.00
527 544  0  5 1.00
527 545  0  5 1.00
528 529  0  5 1.00
528 530  0  5 1.00
528 541  0  5 1.00
528 542  0  5 1.00
528 543  0  5 1.00
528 544  0  5 1.00
529 530  0  5 1.00
529 531  0  5 1.00
529 541  0  5 1.00
529 542  0  5 1.00
530 531  0  5 1.00
530 532  0  5 1.00
530 539  0  5 1.00
530 540  0  5 1.00
530 541  0  5 1.00
531 532  0  5 1.00
531 533  0  5 1.00
531 539  0  5 1.00
531 540  0  5 1.00
531 541  0  5 1.00
532 533  0  5 1.00
532 534  0  5 1.00
532 538  0  5 1.00
532 539  0  5 1.00
532 540  0  5 1.00
533 534  0  5 1.00
533 535  0  5 1.00
533 537  0  5 1.00
533 538  0  5 1.00
533 539  0  5 1.00
534 535  0  5 1.00
534 536  0  5 1.00
534 537  0  5 1.00
534 538  0  5 1.00
535 536  0  5 1.00
535 537  0  5 1.00
536 537  0  5 1.00
536 538  0  5 1.00
537 538  0  5 1.00
537 539  0  5 1.00
538 539  0  5 1.00
538 540  0  5 1.00
539 540  0  5 1.00
539 541  0  5 1.00
540 541  0  5 1.00
540 542  0  5 1.00
541 542  0  5 1.00
541 543  0  5 1.00
542 543  0  5 1.00
542 544  0  5 1.00
543 544  0  5 1.00
543 545  0  5 1.00
544 545  0  5 1.00
544 546  0  5 1.00
545 546  0  5 1.00
545 547  0  5 1.00
546 547  0  5 1.00
END
HELX_P HELX_P1 1 SER A 24  ? GLY A 31  ? SER A 204 GLY A 211 1 ? 8 
HELX_P HELX_P2 2 ASP A 194 ? ARG A 197 ? ASP A 374 ARG A 377 5 ? 4 
HELX_P HELX_P3 3 MET A 198 ? CYS A 206 ? MET A 378 CYS A 386 1 ? 9 
HELX_P HELX_P4 4 ILE A 210 ? GLU A 215 ? ILE A 390 GLU A 395 1 ? 6 
HELX_P HELX_P5 5 PRO A 221 ? ASN A 225 ? PRO A 401 ASN A 405 5 ? 5 
HELX_P HELX_P6 6 LEU A 510 ? LEU A 513 ? LEU A 100 LEU A 103 5 ? 4 