3kqu 437
  1   2  0  5 1.00
  1   3  0  5 1.00
  2   3  0  5 1.00
  2   4  0  5 1.00
  3   4  0  5 1.00
  3   5  0  5 1.00
  4   5  0  5 1.00
  4   6  0  5 1.00
  5   6  0  5 1.00
  5   7  0  5 1.00
  6   7  0  5 1.00
  6   8  0  5 1.00
  6 128  0  5 1.00
  7   8  0  5 1.00
  7   9  0  5 1.00
  8   9  0  5 1.00
  8  10  0  5 1.00
  8 128  0  5 1.00
  9  10  0  5 1.00
  9  11  0  5 1.00
  9 127  0  5 1.00
  9 128  0  5 1.00
 10  11  0  5 1.00
 10  12  0  5 1.00
 10 128  0  5 1.00
 10 129  0  5 1.00
 10 130  0  5 1.00
 11  12  0  5 1.00
 11  13  0  5 1.00
 11 130  0  5 1.00
 12  13  0  5 1.00
 12  14  0  5 1.00
 12 130  0  5 1.00
 12 131  0  5 1.00
 12 132  0  5 1.00
 13  14  0  5 1.00
 13  15  0  5 1.00
 13 132  0  5 1.00
 14  15  0  5 1.00
 14  16  0  5 1.00
 14 132  0  5 1.00
 14 133  0  5 1.00
 14 134  0  5 1.00
 15  16  0  5 1.00
 15  17  0  5 1.00
 15 134  0  5 1.00
 16  17  0  5 1.00
 16  18  0  5 1.00
 16 134  0  5 1.00
 16 135  0  5 1.00
 17  18  0  5 1.00
 17  19  0  5 1.00
 17  20  0  5 1.00
 17 135  0  5 1.00
 18  19  0  5 1.00
 18  20  0  5 1.00
 18 135  0  5 1.00
 18 278  0  5 1.00
 19  20  0  5 1.00
 19  21  0  5 1.00
 19 279  0  5 1.00
 20  21  0  5 1.00
 20  22  0  5 1.00
 21  22  0  5 1.00
 21  23  0  5 1.00
 21  24  0  5 1.00
 21  25  0  5 1.00
 21  26  0  5 1.00
 22  23  0  5 1.00
 22  24  0  5 1.00
 22  26  0  5 1.00
 22  27  0  5 1.00
 23  24  0  5 1.00
 23  25  0  5 1.00
 24  25  0  5 1.00
 24  26  0  5 1.00
 24  27  0  5 1.00
 24  28  0  5 1.00
 25  26  0  5 1.00
 25  27  0  5 1.00
 25  28  0  5 1.00
 25  29  0  5 1.00
 26  27  0  5 1.00
 26  28  0  5 1.00
 26  29  0  5 1.00
 26  30  0  5 1.00
 27  28  0  5 1.00
 27  29  0  5 1.00
 27  30  0  5 1.00
 27  31  0  5 1.00
 28  29  0  5 1.00
 28  30  0  5 1.00
 28  31  0  5 1.00
 28  32  0  5 1.00
 29  30  0  5 1.00
 29  31  0  5 1.00
 29  32  0  5 1.00
 29  33  0  5 1.00
 30  31  0  5 1.00
 30  32  0  5 1.00
 30  33  0  5 1.00
 30  34  0  5 1.00
 30  35  0  5 1.00
 31  32  0  5 1.00
 31  33  0  5 1.00
 31  34  0  5 1.00
 31  35  0  5 1.00
 32  33  0  5 1.00
 32  34  0  5 1.00
 33  34  0  5 1.00
 33  35  0  5 1.00
 34  35  0  5 1.00
 34  36  0  5 1.00
 35  36  0  5 1.00
 35  37  0  5 1.00
 35  76  0  5 1.00
 36  37  0  5 1.00
 36  38  0  5 1.00
 36  76  0  5 1.00
 36  96  0  5 1.00
 36  97  0  5 1.00
 36  98  0  5 1.00
 37  38  0  5 1.00
 37  39  0  5 1.00
 37  76  0  5 1.00
 37  77  0  5 1.00
 37  78  0  5 1.00
 37  98  0  5 1.00
 38  39  0  5 1.00
 38  40  0  5 1.00
 38  78  0  5 1.00
 38  98  0  5 1.00
 38  99  0  5 1.00
 38 100  0  5 1.00
 39  40  0  5 1.00
 39  41  0  5 1.00
 39  78  0  5 1.00
 39  79  0  5 1.00
 39  80  0  5 1.00
 39 100  0  5 1.00
 40  41  0  5 1.00
 40  42  0  5 1.00
 40  80  0  5 1.00
 40 100  0  5 1.00
 40 101  0  5 1.00
 40 102  0  5 1.00
 41  42  0  5 1.00
 41  43  0  5 1.00
 41  80  0  5 1.00
 41  81  0  5 1.00
 41  82  0  5 1.00
 41 102  0  5 1.00
 42  43  0  5 1.00
 42  44  0  5 1.00
 42  82  0  5 1.00
 42 102  0  5 1.00
 43  44  0  5 1.00
 43  45  0  5 1.00
 43  46  0  5 1.00
 43  47  0  5 1.00
 43 228  0  5 1.00
 44  45  0  5 1.00
 44  46  0  5 1.00
 44  47  0  5 1.00
 44  48  0  5 1.00
 44  49  0  5 1.00
 45  46  0  5 1.00
 45  47  0  5 1.00
 45  48  0  5 1.00
 45  49  0  5 1.00
 46  47  0  5 1.00
 46  48  0  5 1.00
 46  49  0  5 1.00
 46  50  0  5 1.00
 46 229  0  5 1.00
 46 230  0  5 1.00
 47  48  0  5 1.00
 47  49  0  5 1.00
 47  50  0  5 1.00
 47  51  0  5 1.00
 48  49  0  5 1.00
 48  50  0  5 1.00
 48  51  0  5 1.00
 48  52  0  5 1.00
 49  50  0  5 1.00
 49  51  0  5 1.00
 49  52  0  5 1.00
 49  53  0  5 1.00
 49  54  0  5 1.00
 50  51  0  5 1.00
 50  52  0  5 1.00
 50  53  0  5 1.00
 50  54  0  5 1.00
 50  55  0  5 1.00
 51  52  0  5 1.00
 51  53  0  5 1.00
 51  54  0  5 1.00
 51  55  0  5 1.00
 52  53  0  5 1.00
 52  54  0  5 1.00
 52  55  0  5 1.00
 52  56  0  5 1.00
 53  54  0  5 1.00
 53  55  0  5 1.00
 53  56  0  5 1.00
 53  57  0  5 1.00
 53  58  0  5 1.00
 54  55  0  5 1.00
 54  56  0  5 1.00
 54  57  0  5 1.00
 54  58  0  5 1.00
 54  59  0  5 1.00
 54  60  0  5 1.00
 55  56  0  5 1.00
 55  57  0  5 1.00
 55  58  0  5 1.00
 55  59  0  5 1.00
 55  60  0  5 1.00
 55  61  0  5 1.00
 56  57  0  5 1.00
 56  58  0  5 1.00
 56  59  0  5 1.00
 57  58  0  5 1.00
 57  59  0  5 1.00
 58  59  0  5 1.00
 58  60  0  5 1.00
 59  60  0  5 1.00
 59  61  0  5 1.00
 60  61  0  5 1.00
 60  62  0  5 1.00
 61  62  0  5 1.00
 61  63  0  5 1.00
 61  73  0  5 1.00
 61  75  0  5 1.00
 62  63  0  5 1.00
 62  64  0  5 1.00
 62  71  0  5 1.00
 62  77  0  5 1.00
 63  64  0  5 1.00
 63  65  0  5 1.00
 63  71  0  5 1.00
 63  72  0  5 1.00
 63  73  0  5 1.00
 63  77  0  5 1.00
 63  78  0  5 1.00
 63  79  0  5 1.00
 64  65  0  5 1.00
 64  66  0  5 1.00
 64  69  0  5 1.00
 64  70  0  5 1.00
 64  71  0  5 1.00
 64  79  0  5 1.00
 65  66  0  5 1.00
 65  67  0  5 1.00
 65  69  0  5 1.00
 65  70  0  5 1.00
 65  79  0  5 1.00
 65  80  0  5 1.00
 65  81  0  5 1.00
 66  67  0  5 1.00
 66  68  0  5 1.00
 66  69  0  5 1.00
 66  70  0  5 1.00
 67  68  0  5 1.00
 67  69  0  5 1.00
 68  69  0  5 1.00
 68  70  0  5 1.00
 69  70  0  5 1.00
 69  71  0  5 1.00
 70  71  0  5 1.00
 70  72  0  5 1.00
 71  72  0  5 1.00
 71  73  0  5 1.00
 72  73  0  5 1.00
 72  74  0  5 1.00
 73  74  0  5 1.00
 73  75  0  5 1.00
 74  75  0  5 1.00
 74  76  0  5 1.00
 75  76  0  5 1.00
 75  77  0  5 1.00
 76  77  0  5 1.00
 76  78  0  5 1.00
 77  78  0  5 1.00
 77  79  0  5 1.00
 78  79  0  5 1.00
 78  80  0  5 1.00
 79  80  0  5 1.00
 79  81  0  5 1.00
 80  81  0  5 1.00
 80  82  0  5 1.00
 81  82  0  5 1.00
 81  83  0  5 1.00
 81  84  0  5 1.00
 81  85  0  5 1.00
 82  83  0  5 1.00
 82  84  0  5 1.00
 82  85  0  5 1.00
 82  86  0  5 1.00
 82  87  0  5 1.00
 82 110  0  5 1.00
 83  84  0  5 1.00
 83  85  0  5 1.00
 83  86  0  5 1.00
 83  87  0  5 1.00
 84  85  0  5 1.00
 84  86  0  5 1.00
 84  87  0  5 1.00
 84  88  0  5 1.00
 85  86  0  5 1.00
 85  87  0  5 1.00
 85  88  0  5 1.00
 85  89  0  5 1.00
 85  90  0  5 1.00
 86  87  0  5 1.00
 86  88  0  5 1.00
 86  89  0  5 1.00
 86  90  0  5 1.00
 87  88  0  5 1.00
 87  89  0  5 1.00
 88  89  0  5 1.00
 88  90  0  5 1.00
 89  90  0  5 1.00
 89  91  0  5 1.00
 90  91  0  5 1.00
 90  92  0  5 1.00
 91  92  0  5 1.00
 91  93  0  5 1.00
 92  93  0  5 1.00
 92  94  0  5 1.00
 92  95  0  5 1.00
 92  96  0  5 1.00
 92 125  0  5 1.00
 93  94  0  5 1.00
 93  95  0  5 1.00
 93 125  0  5 1.00
 94  95  0  5 1.00
 94  96  0  5 1.00
 94 125  0  5 1.00
 94 126  0  5 1.00
 95  96  0  5 1.00
 95  97  0  5 1.00
 95 125  0  5 1.00
 96  97  0  5 1.00
 96  98  0  5 1.00
 96 126  0  5 1.00
 96 127  0  5 1.00
 97  98  0  5 1.00
 97  99  0  5 1.00
 97 126  0  5 1.00
 97 127  0  5 1.00
 97 128  0  5 1.00
 97 129  0  5 1.00
 98  99  0  5 1.00
 98 100  0  5 1.00
 98 128  0  5 1.00
 98 129  0  5 1.00
 99 100  0  5 1.00
 99 101  0  5 1.00
 99 129  0  5 1.00
 99 130  0  5 1.00
 99 131  0  5 1.00
100 101  0  5 1.00
100 102  0  5 1.00
100 131  0  5 1.00
101 102  0  5 1.00
101 103  0  5 1.00
101 104  0  5 1.00
101 131  0  5 1.00
101 132  0  5 1.00
101 133  0  5 1.00
102 103  0  5 1.00
102 104  0  5 1.00
102 131  0  5 1.00
102 133  0  5 1.00
103 104  0  5 1.00
103 105  0  5 1.00
103 106  0  5 1.00
103 133  0  5 1.00
103 134  0  5 1.00
104 105  0  5 1.00
104 106  0  5 1.00
104 133  0  5 1.00
104 134  0  5 1.00
105 106  0  5 1.00
105 107  0  5 1.00
105 136  0  5 1.00
106 107  0  5 1.00
106 108  0  5 1.00
106 111  0  5 1.00
106 112  0  5 1.00
107 108  0  5 1.00
107 109  0  5 1.00
108 109  0  5 1.00
108 110  0  5 1.00
108 111  0  5 1.00
108 112  0  5 1.00
108 113  0  5 1.00
109 110  0  5 1.00
109 111  0  5 1.00
109 112  0  5 1.00
109 113  0  5 1.00
109 114  0  5 1.00
109 302  0  5 1.00
109 306  0  5 1.00
110 111  0  5 1.00
110 112  0  5 1.00
110 113  0  5 1.00
110 114  0  5 1.00
110 115  0  5 1.00
111 112  0  5 1.00
111 113  0  5 1.00
111 114  0  5 1.00
111 115  0  5 1.00
111 116  0  5 1.00
112 113  0  5 1.00
112 114  0  5 1.00
112 115  0  5 1.00
112 116  0  5 1.00
112 117  0  5 1.00
113 114  0  5 1.00
113 115  0  5 1.00
113 116  0  5 1.00
113 117  0  5 1.00
114 115  0  5 1.00
114 116  0  5 1.00
114 117  0  5 1.00
114 118  0  5 1.00
115 116  0  5 1.00
115 117  0  5 1.00
115 118  0  5 1.00
115 119  0  5 1.00
115 120  0  5 1.00
116 117  0  5 1.00
116 118  0  5 1.00
116 119  0  5 1.00
116 120  0  5 1.00
116 324  0  5 1.00
116 327  0  5 1.00
116 328  0  5 1.00
117 118  0  5 1.00
117 119  0  5 1.00
117 120  0  5 1.00
117 121  0  5 1.00
117 122  0  5 1.00
117 324  0  5 1.00
118 119  0  5 1.00
118 120  0  5 1.00
118 121  0  5 1.00
118 122  0  5 1.00
119 120  0  5 1.00
119 121  0  5 1.00
119 122  0  5 1.00
120 121  0  5 1.00
120 122  0  5 1.00
121 122  0  5 1.00
121 123  0  5 1.00
121 124  0  5 1.00
121 125  0  5 1.00
121 126  0  5 1.00
122 123  0  5 1.00
122 124  0  5 1.00
122 125  0  5 1.00
122 126  0  5 1.00
122 127  0  5 1.00
123 124  0  5 1.00
123 125  0  5 1.00
123 126  0  5 1.00
123 127  0  5 1.00
124 125  0  5 1.00
124 126  0  5 1.00
125 126  0  5 1.00
125 127  0  5 1.00
126 127  0  5 1.00
126 128  0  5 1.00
127 128  0  5 1.00
127 129  0  5 1.00
128 129  0  5 1.00
128 130  0  5 1.00
129 130  0  5 1.00
129 131  0  5 1.00
130 131  0  5 1.00
130 132  0  5 1.00
131 132  0  5 1.00
131 133  0  5 1.00
132 133  0  5 1.00
132 134  0  5 1.00
133 134  0  5 1.00
133 135  0  5 1.00
134 135  0  5 1.00
134 136  0  5 1.00
135 136  0  5 1.00
135 137  0  5 1.00
136 137  0  5 1.00
136 138  0  5 1.00
137 138  0  5 1.00
137 139  0  5 1.00
137 140  0  5 1.00
138 139  0  5 1.00
138 140  0  5 1.00
138 295  0  5 1.00
138 296  0  5 1.00
138 333  0  5 1.00
139 140  0  5 1.00
139 141  0  5 1.00
139 295  0  5 1.00
139 296  0  5 1.00
140 141  0  5 1.00
140 142  0  5 1.00
141 142  0  5 1.00
141 143  0  5 1.00
142 143  0  5 1.00
142 144  0  5 1.00
143 144  0  5 1.00
143 145  0  5 1.00
144 145  0  5 1.00
144 146  0  5 1.00
145 146  0  5 1.00
145 147  0  5 1.00
145 148  0  5 1.00
146 147  0  5 1.00
146 148  0  5 1.00
147 148  0  5 1.00
147 149  0  5 1.00
147 278  0  5 1.00
147 281  0  5 1.00
147 282  0  5 1.00
147 283  0  5 1.00
148 149  0  5 1.00
148 150  0  5 1.00
148 283  0  5 1.00
149 150  0  5 1.00
149 151  0  5 1.00
149 283  0  5 1.00
149 284  0  5 1.00
149 285  0  5 1.00
150 151  0  5 1.00
150 152  0  5 1.00
150 285  0  5 1.00
151 152  0  5 1.00
151 153  0  5 1.00
151 285  0  5 1.00
151 286  0  5 1.00
151 287  0  5 1.00
152 153  0  5 1.00
152 154  0  5 1.00
152 285  0  5 1.00
152 287  0  5 1.00
153 154  0  5 1.00
153 155  0  5 1.00
153 165  0  5 1.00
153 287  0  5 1.00
154 155  0  5 1.00
154 156  0  5 1.00
154 164  0  5 1.00
154 165  0  5 1.00
155 156  0  5 1.00
155 157  0  5 1.00
155 164  0  5 1.00
155 165  0  5 1.00
156 157  0  5 1.00
156 158  0  5 1.00
156 165  0  5 1.00
156 166  0  5 1.00
156 167  0  5 1.00
157 158  0  5 1.00
157 159  0  5 1.00
157 165  0  5 1.00
157 166  0  5 1.00
157 167  0  5 1.00
158 159  0  5 1.00
158 160  0  5 1.00
158 166  0  5 1.00
158 167  0  5 1.00
159 160  0  5 1.00
159 161  0  5 1.00
159 164  0  5 1.00
159 165  0  5 1.00
159 166  0  5 1.00
160 161  0  5 1.00
160 162  0  5 1.00
160 164  0  5 1.00
160 165  0  5 1.00
161 162  0  5 1.00
161 163  0  5 1.00
161 164  0  5 1.00
161 165  0  5 1.00
162 163  0  5 1.00
162 164  0  5 1.00
163 164  0  5 1.00
163 165  0  5 1.00
164 165  0  5 1.00
164 166  0  5 1.00
165 166  0  5 1.00
165 167  0  5 1.00
166 167  0  5 1.00
166 168  0  5 1.00
167 168  0  5 1.00
167 169  0  5 1.00
167 170  0  5 1.00
167 171  0  5 1.00
168 169  0  5 1.00
168 170  0  5 1.00
168 171  0  5 1.00
168 172  0  5 1.00
169 170  0  5 1.00
169 171  0  5 1.00
169 172  0  5 1.00
170 171  0  5 1.00
170 172  0  5 1.00
171 172  0  5 1.00
171 173  0  5 1.00
172 173  0  5 1.00
172 174  0  5 1.00
173 174  0  5 1.00
173 175  0  5 1.00
174 175  0  5 1.00
174 176  0  5 1.00
174 216  0  5 1.00
174 217  0  5 1.00
174 218  0  5 1.00
175 176  0  5 1.00
175 177  0  5 1.00
175 216  0  5 1.00
175 217  0  5 1.00
175 218  0  5 1.00
175 233  0  5 1.00
175 234  0  5 1.00
175 235  0  5 1.00
175 236  0  5 1.00
176 177  0  5 1.00
176 178  0  5 1.00
176 218  0  5 1.00
176 219  0  5 1.00
176 220  0  5 1.00
176 234  0  5 1.00
176 235  0  5 1.00
176 236  0  5 1.00
177 178  0  5 1.00
177 179  0  5 1.00
177 220  0  5 1.00
177 236  0  5 1.00
177 237  0  5 1.00
177 238  0  5 1.00
178 179  0  5 1.00
178 180  0  5 1.00
178 220  0  5 1.00
178 221  0  5 1.00
178 222  0  5 1.00
178 238  0  5 1.00
179 180  0  5 1.00
179 181  0  5 1.00
179 222  0  5 1.00
179 238  0  5 1.00
179 239  0  5 1.00
179 240  0  5 1.00
180 181  0  5 1.00
180 182  0  5 1.00
180 222  0  5 1.00
180 223  0  5 1.00
180 224  0  5 1.00
181 182  0  5 1.00
181 183  0  5 1.00
181 242  0  5 1.00
181 244  0  5 1.00
182 183  0  5 1.00
182 184  0  5 1.00
182 185  0  5 1.00
182 186  0  5 1.00
183 184  0  5 1.00
183 185  0  5 1.00
183 186  0  5 1.00
183 187  0  5 1.00
184 185  0  5 1.00
184 186  0  5 1.00
184 187  0  5 1.00
184 188  0  5 1.00
185 186  0  5 1.00
185 187  0  5 1.00
185 188  0  5 1.00
185 189  0  5 1.00
185 190  0  5 1.00
186 187  0  5 1.00
186 188  0  5 1.00
186 189  0  5 1.00
186 190  0  5 1.00
186 191  0  5 1.00
186 202  0  5 1.00
186 221  0  5 1.00
187 188  0  5 1.00
187 189  0  5 1.00
187 190  0  5 1.00
187 191  0  5 1.00
187 192  0  5 1.00
188 189  0  5 1.00
188 190  0  5 1.00
188 191  0  5 1.00
188 192  0  5 1.00
188 193  0  5 1.00
189 190  0  5 1.00
189 191  0  5 1.00
189 192  0  5 1.00
189 193  0  5 1.00
189 194  0  5 1.00
190 191  0  5 1.00
190 192  0  5 1.00
190 193  0  5 1.00
190 194  0  5 1.00
190 195  0  5 1.00
190 200  0  5 1.00
191 192  0  5 1.00
191 193  0  5 1.00
191 194  0  5 1.00
191 195  0  5 1.00
192 193  0  5 1.00
192 194  0  5 1.00
192 195  0  5 1.00
192 196  0  5 1.00
193 194  0  5 1.00
193 195  0  5 1.00
193 196  0  5 1.00
193 197  0  5 1.00
193 198  0  5 1.00
194 195  0  5 1.00
194 196  0  5 1.00
194 197  0  5 1.00
194 198  0  5 1.00
194 200  0  5 1.00
195 196  0  5 1.00
195 197  0  5 1.00
196 197  0  5 1.00
196 198  0  5 1.00
197 198  0  5 1.00
197 199  0  5 1.00
198 199  0  5 1.00
198 200  0  5 1.00
199 200  0  5 1.00
199 201  0  5 1.00
199 217  0  5 1.00
199 218  0  5 1.00
199 219  0  5 1.00
200 201  0  5 1.00
200 202  0  5 1.00
200 219  0  5 1.00
201 202  0  5 1.00
201 203  0  5 1.00
201 219  0  5 1.00
201 220  0  5 1.00
201 221  0  5 1.00
202 203  0  5 1.00
202 204  0  5 1.00
202 221  0  5 1.00
203 204  0  5 1.00
203 205  0  5 1.00
203 221  0  5 1.00
203 222  0  5 1.00
203 223  0  5 1.00
204 205  0  5 1.00
204 206  0  5 1.00
204 207  0  5 1.00
204 223  0  5 1.00
205 206  0  5 1.00
205 207  0  5 1.00
206 207  0  5 1.00
206 208  0  5 1.00
207 208  0  5 1.00
207 209  0  5 1.00
208 209  0  5 1.00
208 210  0  5 1.00
208 211  0  5 1.00
208 212  0  5 1.00
209 210  0  5 1.00
209 211  0  5 1.00
209 212  0  5 1.00
210 211  0  5 1.00
210 212  0  5 1.00
210 213  0  5 1.00
211 212  0  5 1.00
211 213  0  5 1.00
212 213  0  5 1.00
212 214  0  5 1.00
213 214  0  5 1.00
213 215  0  5 1.00
214 215  0  5 1.00
214 216  0  5 1.00
215 216  0  5 1.00
215 217  0  5 1.00
216 217  0  5 1.00
216 218  0  5 1.00
217 218  0  5 1.00
217 219  0  5 1.00
218 219  0  5 1.00
218 220  0  5 1.00
219 220  0  5 1.00
219 221  0  5 1.00
220 221  0  5 1.00
220 222  0  5 1.00
221 222  0  5 1.00
221 223  0  5 1.00
222 223  0  5 1.00
222 224  0  5 1.00
223 224  0  5 1.00
223 225  0  5 1.00
223 226  0  5 1.00
223 227  0  5 1.00
224 225  0  5 1.00
224 226  0  5 1.00
224 227  0  5 1.00
224 228  0  5 1.00
225 226  0  5 1.00
225 227  0  5 1.00
226 227  0  5 1.00
226 228  0  5 1.00
227 228  0  5 1.00
227 229  0  5 1.00
227 272  0  5 1.00
227 273  0  5 1.00
228 229  0  5 1.00
228 230  0  5 1.00
229 230  0  5 1.00
229 231  0  5 1.00
230 231  0  5 1.00
230 232  0  5 1.00
230 276  0  5 1.00
231 232  0  5 1.00
231 233  0  5 1.00
232 233  0  5 1.00
232 234  0  5 1.00
232 276  0  5 1.00
233 234  0  5 1.00
233 235  0  5 1.00
234 235  0  5 1.00
234 236  0  5 1.00
234 276  0  5 1.00
234 277  0  5 1.00
234 278  0  5 1.00
235 236  0  5 1.00
235 237  0  5 1.00
235 282  0  5 1.00
235 283  0  5 1.00
235 284  0  5 1.00
236 237  0  5 1.00
236 238  0  5 1.00
236 284  0  5 1.00
237 238  0  5 1.00
237 239  0  5 1.00
237 284  0  5 1.00
237 285  0  5 1.00
237 286  0  5 1.00
238 239  0  5 1.00
238 240  0  5 1.00
238 286  0  5 1.00
239 240  0  5 1.00
239 241  0  5 1.00
239 286  0  5 1.00
239 287  0  5 1.00
239 288  0  5 1.00
240 241  0  5 1.00
240 242  0  5 1.00
241 242  0  5 1.00
241 243  0  5 1.00
241 263  0  5 1.00
241 264  0  5 1.00
241 265  0  5 1.00
242 243  0  5 1.00
242 244  0  5 1.00
242 263  0  5 1.00
242 264  0  5 1.00
242 265  0  5 1.00
243 244  0  5 1.00
243 245  0  5 1.00
243 261  0  5 1.00
243 262  0  5 1.00
243 263  0  5 1.00
243 264  0  5 1.00
243 265  0  5 1.00
244 245  0  5 1.00
244 246  0  5 1.00
244 261  0  5 1.00
244 262  0  5 1.00
245 246  0  5 1.00
245 247  0  5 1.00
245 259  0  5 1.00
245 260  0  5 1.00
245 261  0  5 1.00
246 247  0  5 1.00
246 248  0  5 1.00
246 259  0  5 1.00
246 260  0  5 1.00
246 261  0  5 1.00
247 248  0  5 1.00
247 249  0  5 1.00
247 257  0  5 1.00
247 258  0  5 1.00
247 259  0  5 1.00
248 249  0  5 1.00
248 250  0  5 1.00
248 257  0  5 1.00
248 258  0  5 1.00
248 301  0  5 1.00
249 250  0  5 1.00
249 251  0  5 1.00
249 255  0  5 1.00
249 256  0  5 1.00
249 257  0  5 1.00
249 258  0  5 1.00
250 251  0  5 1.00
250 252  0  5 1.00
250 255  0  5 1.00
250 256  0  5 1.00
250 257  0  5 1.00
251 252  0  5 1.00
251 253  0  5 1.00
251 255  0  5 1.00
251 256  0  5 1.00
251 257  0  5 1.00
252 253  0  5 1.00
252 254  0  5 1.00
252 255  0  5 1.00
252 256  0  5 1.00
253 254  0  5 1.00
253 255  0  5 1.00
254 255  0  5 1.00
254 256  0  5 1.00
255 256  0  5 1.00
255 257  0  5 1.00
255 411  0  5 1.00
256 257  0  5 1.00
256 258  0  5 1.00
256 412  0  5 1.00
256 413  0  5 1.00
257 258  0  5 1.00
257 259  0  5 1.00
257 413  0  5 1.00
258 259  0  5 1.00
258 260  0  5 1.00
258 413  0  5 1.00
258 414  0  5 1.00
258 415  0  5 1.00
259 260  0  5 1.00
259 261  0  5 1.00
260 261  0  5 1.00
260 262  0  5 1.00
261 262  0  5 1.00
261 263  0  5 1.00
262 263  0  5 1.00
262 264  0  5 1.00
263 264  0  5 1.00
263 265  0  5 1.00
264 265  0  5 1.00
264 266  0  5 1.00
265 266  0  5 1.00
265 267  0  5 1.00
265 292  0  5 1.00
265 293  0  5 1.00
266 267  0  5 1.00
266 268  0  5 1.00
266 269  0  5 1.00
266 270  0  5 1.00
266 292  0  5 1.00
266 293  0  5 1.00
267 268  0  5 1.00
267 269  0  5 1.00
267 270  0  5 1.00
267 271  0  5 1.00
267 272  0  5 1.00
267 292  0  5 1.00
267 293  0  5 1.00
267 294  0  5 1.00
268 269  0  5 1.00
268 270  0  5 1.00
268 271  0  5 1.00
268 272  0  5 1.00
268 273  0  5 1.00
269 270  0  5 1.00
269 271  0  5 1.00
269 272  0  5 1.00
269 273  0  5 1.00
269 274  0  5 1.00
270 271  0  5 1.00
270 272  0  5 1.00
270 273  0  5 1.00
270 274  0  5 1.00
270 275  0  5 1.00
271 272  0  5 1.00
271 273  0  5 1.00
271 274  0  5 1.00
271 275  0  5 1.00
272 273  0  5 1.00
272 274  0  5 1.00
272 275  0  5 1.00
272 276  0  5 1.00
273 274  0  5 1.00
273 275  0  5 1.00
273 276  0  5 1.00
273 277  0  5 1.00
274 275  0  5 1.00
274 276  0  5 1.00
274 277  0  5 1.00
275 276  0  5 1.00
275 277  0  5 1.00
276 277  0  5 1.00
276 278  0  5 1.00
277 278  0  5 1.00
277 279  0  5 1.00
278 279  0  5 1.00
278 280  0  5 1.00
278 281  0  5 1.00
278 282  0  5 1.00
278 283  0  5 1.00
279 280  0  5 1.00
279 281  0  5 1.00
280 281  0  5 1.00
280 282  0  5 1.00
281 282  0  5 1.00
281 283  0  5 1.00
282 283  0  5 1.00
282 284  0  5 1.00
283 284  0  5 1.00
283 285  0  5 1.00
284 285  0  5 1.00
284 286  0  5 1.00
285 286  0  5 1.00
285 287  0  5 1.00
286 287  0  5 1.00
286 288  0  5 1.00
287 288  0  5 1.00
287 289  0  5 1.00
288 289  0  5 1.00
288 290  0  5 1.00
289 290  0  5 1.00
289 291  0  5 1.00
290 291  0  5 1.00
290 292  0  5 1.00
291 292  0  5 1.00
291 293  0  5 1.00
292 293  0  5 1.00
292 294  0  5 1.00
293 294  0  5 1.00
293 295  0  5 1.00
294 295  0  5 1.00
294 296  0  5 1.00
295 296  0  5 1.00
295 297  0  5 1.00
296 297  0  5 1.00
296 298  0  5 1.00
296 334  0  5 1.00
296 335  0  5 1.00
296 336  0  5 1.00
297 298  0  5 1.00
297 299  0  5 1.00
297 336  0  5 1.00
298 299  0  5 1.00
298 300  0  5 1.00
298 336  0  5 1.00
298 337  0  5 1.00
298 338  0  5 1.00
299 300  0  5 1.00
299 301  0  5 1.00
299 302  0  5 1.00
299 303  0  5 1.00
300 301  0  5 1.00
300 302  0  5 1.00
300 303  0  5 1.00
300 304  0  5 1.00
301 302  0  5 1.00
301 303  0  5 1.00
301 304  0  5 1.00
301 305  0  5 1.00
302 303  0  5 1.00
302 304  0  5 1.00
302 305  0  5 1.00
302 306  0  5 1.00
303 304  0  5 1.00
303 305  0  5 1.00
303 306  0  5 1.00
303 307  0  5 1.00
304 305  0  5 1.00
304 306  0  5 1.00
304 307  0  5 1.00
304 308  0  5 1.00
305 306  0  5 1.00
305 307  0  5 1.00
305 308  0  5 1.00
305 309  0  5 1.00
305 310  0  5 1.00
306 307  0  5 1.00
306 308  0  5 1.00
306 309  0  5 1.00
306 310  0  5 1.00
306 311  0  5 1.00
307 308  0  5 1.00
307 309  0  5 1.00
307 310  0  5 1.00
307 311  0  5 1.00
307 312  0  5 1.00
308 309  0  5 1.00
308 310  0  5 1.00
308 311  0  5 1.00
308 312  0  5 1.00
308 313  0  5 1.00
309 310  0  5 1.00
309 311  0  5 1.00
309 312  0  5 1.00
309 313  0  5 1.00
309 314  0  5 1.00
310 311  0  5 1.00
310 312  0  5 1.00
310 313  0  5 1.00
310 314  0  5 1.00
310 315  0  5 1.00
310 316  0  5 1.00
311 312  0  5 1.00
311 313  0  5 1.00
311 315  0  5 1.00
311 316  0  5 1.00
312 313  0  5 1.00
312 314  0  5 1.00
313 314  0  5 1.00
313 315  0  5 1.00
314 315  0  5 1.00
314 316  0  5 1.00
315 316  0  5 1.00
315 317  0  5 1.00
316 317  0  5 1.00
316 318  0  5 1.00
317 318  0  5 1.00
317 319  0  5 1.00
317 320  0  5 1.00
317 321  0  5 1.00
317 322  0  5 1.00
318 319  0  5 1.00
318 320  0  5 1.00
318 321  0  5 1.00
318 322  0  5 1.00
319 320  0  5 1.00
319 321  0  5 1.00
319 322  0  5 1.00
319 323  0  5 1.00
320 321  0  5 1.00
320 322  0  5 1.00
320 323  0  5 1.00
320 324  0  5 1.00
321 322  0  5 1.00
321 323  0  5 1.00
321 324  0  5 1.00
321 325  0  5 1.00
321 326  0  5 1.00
322 323  0  5 1.00
322 324  0  5 1.00
322 325  0  5 1.00
322 326  0  5 1.00
322 327  0  5 1.00
323 324  0  5 1.00
323 325  0  5 1.00
323 326  0  5 1.00
323 327  0  5 1.00
324 325  0  5 1.00
324 326  0  5 1.00
324 327  0  5 1.00
324 328  0  5 1.00
325 326  0  5 1.00
325 327  0  5 1.00
325 328  0  5 1.00
325 329  0  5 1.00
325 330  0  5 1.00
326 327  0  5 1.00
326 328  0  5 1.00
326 329  0  5 1.00
326 330  0  5 1.00
326 331  0  5 1.00
327 328  0  5 1.00
327 329  0  5 1.00
327 330  0  5 1.00
327 331  0  5 1.00
328 329  0  5 1.00
328 330  0  5 1.00
328 331  0  5 1.00
329 330  0  5 1.00
329 331  0  5 1.00
330 331  0  5 1.00
330 332  0  5 1.00
331 332  0  5 1.00
331 333  0  5 1.00
331 334  0  5 1.00
332 333  0  5 1.00
332 334  0  5 1.00
333 334  0  5 1.00
333 335  0  5 1.00
334 335  0  5 1.00
334 336  0  5 1.00
335 336  0  5 1.00
335 337  0  5 1.00
336 337  0  5 1.00
336 338  0  5 1.00
337 338  0  5 1.00
337 339  0  5 1.00
338 339  0  5 1.00
338 340  0  5 1.00
339 340  0  5 1.00
339 341  0  5 1.00
340 341  0  5 1.00
340 342  0  5 1.00
340 343  0  5 1.00
340 344  0  5 1.00
340 345  0  5 1.00
341 342  0  5 1.00
341 343  0  5 1.00
341 344  0  5 1.00
341 345  0  5 1.00
341 346  0  5 1.00
342 343  0  5 1.00
342 344  0  5 1.00
342 345  0  5 1.00
342 346  0  5 1.00
342 347  0  5 1.00
343 344  0  5 1.00
343 345  0  5 1.00
343 346  0  5 1.00
343 347  0  5 1.00
344 345  0  5 1.00
344 346  0  5 1.00
344 347  0  5 1.00
344 348  0  5 1.00
344 349  0  5 1.00
345 346  0  5 1.00
345 347  0  5 1.00
345 348  0  5 1.00
345 349  0  5 1.00
346 347  0  5 1.00
346 348  0  5 1.00
346 349  0  5 1.00
346 350  0  5 1.00
347 348  0  5 1.00
347 349  0  5 1.00
347 350  0  5 1.00
347 351  0  5 1.00
348 349  0  5 1.00
348 350  0  5 1.00
348 351  0  5 1.00
349 350  0  5 1.00
349 351  0  5 1.00
349 352  0  5 1.00
350 351  0  5 1.00
350 352  0  5 1.00
351 352  0  5 1.00
351 353  0  5 1.00
352 353  0  5 1.00
352 354  0  5 1.00
353 354  0  5 1.00
353 355  0  5 1.00
354 355  0  5 1.00
354 356  0  5 1.00
355 356  0  5 1.00
355 357  0  5 1.00
355 358  0  5 1.00
355 359  0  5 1.00
355 360  0  5 1.00
356 357  0  5 1.00
356 358  0  5 1.00
356 359  0  5 1.00
356 360  0  5 1.00
356 361  0  5 1.00
357 358  0  5 1.00
357 359  0  5 1.00
357 360  0  5 1.00
357 361  0  5 1.00
358 359  0  5 1.00
358 360  0  5 1.00
358 361  0  5 1.00
358 362  0  5 1.00
358 374  0  5 1.00
359 360  0  5 1.00
359 361  0  5 1.00
359 362  0  5 1.00
359 363  0  5 1.00
359 374  0  5 1.00
360 361  0  5 1.00
360 362  0  5 1.00
360 363  0  5 1.00
360 364  0  5 1.00
361 362  0  5 1.00
361 363  0  5 1.00
361 364  0  5 1.00
361 365  0  5 1.00
362 363  0  5 1.00
362 364  0  5 1.00
362 365  0  5 1.00
362 366  0  5 1.00
362 367  0  5 1.00
362 370  0  5 1.00
363 364  0  5 1.00
363 365  0  5 1.00
363 366  0  5 1.00
363 367  0  5 1.00
364 365  0  5 1.00
364 366  0  5 1.00
365 366  0  5 1.00
365 367  0  5 1.00
366 367  0  5 1.00
366 368  0  5 1.00
367 368  0  5 1.00
367 369  0  5 1.00
367 370  0  5 1.00
368 369  0  5 1.00
368 370  0  5 1.00
369 370  0  5 1.00
369 371  0  5 1.00
369 372  0  5 1.00
369 373  0  5 1.00
369 374  0  5 1.00
370 371  0  5 1.00
370 372  0  5 1.00
370 373  0  5 1.00
370 374  0  5 1.00
370 375  0  5 1.00
371 372  0  5 1.00
371 373  0  5 1.00
371 374  0  5 1.00
371 375  0  5 1.00
371 376  0  5 1.00
372 373  0  5 1.00
372 374  0  5 1.00
372 375  0  5 1.00
372 376  0  5 1.00
372 377  0  5 1.00
373 374  0  5 1.00
373 375  0  5 1.00
373 376  0  5 1.00
373 377  0  5 1.00
374 375  0  5 1.00
374 376  0  5 1.00
374 377  0  5 1.00
374 378  0  5 1.00
375 376  0  5 1.00
375 377  0  5 1.00
375 378  0  5 1.00
375 379  0  5 1.00
376 377  0  5 1.00
376 378  0  5 1.00
376 379  0  5 1.00
376 380  0  5 1.00
377 378  0  5 1.00
377 379  0  5 1.00
377 380  0  5 1.00
377 381  0  5 1.00
377 382  0  5 1.00
378 379  0  5 1.00
378 380  0  5 1.00
378 381  0  5 1.00
378 382  0  5 1.00
379 380  0  5 1.00
379 381  0  5 1.00
379 382  0  5 1.00
379 383  0  5 1.00
380 381  0  5 1.00
380 382  0  5 1.00
380 383  0  5 1.00
380 384  0  5 1.00
380 385  0  5 1.00
381 382  0  5 1.00
381 383  0  5 1.00
381 384  0  5 1.00
381 385  0  5 1.00
382 383  0  5 1.00
382 384  0  5 1.00
383 384  0  5 1.00
383 385  0  5 1.00
383 405  0  5 1.00
384 385  0  5 1.00
384 386  0  5 1.00
384 403  0  5 1.00
384 404  0  5 1.00
384 405  0  5 1.00
385 386  0  5 1.00
385 387  0  5 1.00
385 404  0  5 1.00
385 405  0  5 1.00
385 407  0  5 1.00
386 387  0  5 1.00
386 388  0  5 1.00
386 404  0  5 1.00
386 405  0  5 1.00
386 406  0  5 1.00
386 407  0  5 1.00
386 408  0  5 1.00
387 388  0  5 1.00
387 389  0  5 1.00
388 389  0  5 1.00
388 390  0  5 1.00
388 416  0  5 1.00
388 417  0  5 1.00
388 418  0  5 1.00
388 419  0  5 1.00
389 390  0  5 1.00
389 391  0  5 1.00
389 416  0  5 1.00
389 418  0  5 1.00
389 419  0  5 1.00
390 391  0  5 1.00
390 392  0  5 1.00
391 392  0  5 1.00
391 393  0  5 1.00
391 394  0  5 1.00
391 395  0  5 1.00
392 393  0  5 1.00
392 394  0  5 1.00
392 395  0  5 1.00
393 394  0  5 1.00
393 395  0  5 1.00
394 395  0  5 1.00
394 396  0  5 1.00
394 397  0  5 1.00
394 398  0  5 1.00
395 396  0  5 1.00
395 397  0  5 1.00
395 398  0  5 1.00
395 399  0  5 1.00
396 397  0  5 1.00
396 398  0  5 1.00
396 399  0  5 1.00
397 398  0  5 1.00
397 399  0  5 1.00
397 400  0  5 1.00
397 401  0  5 1.00
398 399  0  5 1.00
398 400  0  5 1.00
398 401  0  5 1.00
399 400  0  5 1.00
399 401  0  5 1.00
400 401  0  5 1.00
400 402  0  5 1.00
400 403  0  5 1.00
400 404  0  5 1.00
401 402  0  5 1.00
401 403  0  5 1.00
401 404  0  5 1.00
402 403  0  5 1.00
402 404  0  5 1.00
403 404  0  5 1.00
403 405  0  5 1.00
404 405  0  5 1.00
404 406  0  5 1.00
405 406  0  5 1.00
405 407  0  5 1.00
406 407  0  5 1.00
406 408  0  5 1.00
406 420  0  5 1.00
407 408  0  5 1.00
407 409  0  5 1.00
407 420  0  5 1.00
407 421  0  5 1.00
407 422  0  5 1.00
408 409  0  5 1.00
408 410  0  5 1.00
408 420  0  5 1.00
408 421  0  5 1.00
408 422  0  5 1.00
409 410  0  5 1.00
409 411  0  5 1.00
409 422  0  5 1.00
410 411  0  5 1.00
410 412  0  5 1.00
410 422  0  5 1.00
410 423  0  5 1.00
410 428  0  5 1.00
411 412  0  5 1.00
411 413  0  5 1.00
411 428  0  5 1.00
412 413  0  5 1.00
412 414  0  5 1.00
413 414  0  5 1.00
413 415  0  5 1.00
414 415  0  5 1.00
414 416  0  5 1.00
415 416  0  5 1.00
415 417  0  5 1.00
416 417  0  5 1.00
416 418  0  5 1.00
417 418  0  5 1.00
417 419  0  5 1.00
418 419  0  5 1.00
418 420  0  5 1.00
419 420  0  5 1.00
419 421  0  5 1.00
420 421  0  5 1.00
420 422  0  5 1.00
421 422  0  5 1.00
421 423  0  5 1.00
422 423  0  5 1.00
422 424  0  5 1.00
423 424  0  5 1.00
423 425  0  5 1.00
423 429  0  5 1.00
424 425  0  5 1.00
424 426  0  5 1.00
425 426  0  5 1.00
425 427  0  5 1.00
425 428  0  5 1.00
425 429  0  5 1.00
425 430  0  5 1.00
426 427  0  5 1.00
426 428  0  5 1.00
426 429  0  5 1.00
426 430  0  5 1.00
426 431  0  5 1.00
427 428  0  5 1.00
427 429  0  5 1.00
427 430  0  5 1.00
427 431  0  5 1.00
427 432  0  5 1.00
428 429  0  5 1.00
428 430  0  5 1.00
428 431  0  5 1.00
428 432  0  5 1.00
428 433  0  5 1.00
429 430  0  5 1.00
429 431  0  5 1.00
429 432  0  5 1.00
429 433  0  5 1.00
430 431  0  5 1.00
430 432  0  5 1.00
430 433  0  5 1.00
430 434  0  5 1.00
431 432  0  5 1.00
431 433  0  5 1.00
431 434  0  5 1.00
431 435  0  5 1.00
432 433  0  5 1.00
432 434  0  5 1.00
432 435  0  5 1.00
432 436  0  5 1.00
433 434  0  5 1.00
433 435  0  5 1.00
433 436  0  5 1.00
433 437  0  5 1.00
434 435  0  5 1.00
434 436  0  5 1.00
434 437  0  5 1.00
435 436  0  5 1.00
435 437  0  5 1.00
436 437  0  5 1.00
END
HELX_P HELX_P1  1  THR A 24  ? GLN A 33  ? THR A 212 GLN A 221 1 ? 10 
HELX_P HELX_P2  2  SER A 43  ? GLY A 59  ? SER A 231 GLY A 247 1 ? 17 
HELX_P HELX_P3  3  TYR A 82  ? ASP A 88  ? TYR A 270 ASP A 276 1 ? 7  
HELX_P HELX_P4  4  ASP A 108 ? ALA A 122 ? ASP A 296 ALA A 310 1 ? 15 
HELX_P HELX_P5  5  PRO A 167 ? ILE A 171 ? PRO A 355 ILE A 359 5 ? 5  
HELX_P HELX_P6  6  SER A 182 ? GLY A 195 ? SER A 370 GLY A 383 1 ? 14 
HELX_P HELX_P7  7  ASP A 208 ? ILE A 212 ? ASP A 396 ILE A 400 5 ? 5  
HELX_P HELX_P8  8  ASP A 224 ? MET A 227 ? ASP A 412 MET A 415 5 ? 4  
HELX_P HELX_P9  9  ASP A 266 ? GLY A 275 ? ASP A 454 GLY A 463 1 ? 10 
HELX_P HELX_P10 10 ASP A 299 ? TRP A 313 ? ASP A 487 TRP A 501 1 ? 15 
HELX_P HELX_P11 11 THR A 317 ? ASN A 330 ? THR A 505 ASN A 518 1 ? 14 
HELX_P HELX_P12 12 HIS A 340 ? LEU A 351 ? HIS A 528 LEU A 539 1 ? 12 
HELX_P HELX_P13 13 ASP A 355 ? ALA A 365 ? ASP A 543 ALA A 553 1 ? 11 
HELX_P HELX_P14 14 PHE A 369 ? ALA A 383 ? PHE A 557 ALA A 571 1 ? 15 
HELX_P HELX_P15 15 ASP A 391 ? LYS A 401 ? ASP A 579 LYS A 589 5 ? 11 
HELX_P HELX_P16 16 HIS A 425 ? ALA A 437 ? HIS A 613 ALA A 625 1 ? 13 