3mxa 362
  3   4  0  5 1.00
  3   5  0  5 1.00
  4   5  0  5 1.00
  4   6  0  5 1.00
  5   6  0  5 1.00
  5   7  0  5 1.00
  6   7  0  5 1.00
  6   8  0  5 1.00
  7   8  0  5 1.00
  7   9  0  5 1.00
  7  10  0  5 1.00
  7  11  0  5 1.00
  8   9  0  5 1.00
  8  10  0  5 1.00
  8  11  0  5 1.00
  8  12  0  5 1.00
  8  13  0  5 1.00
  9  10  0  5 1.00
  9  11  0  5 1.00
  9  12  0  5 1.00
  9  13  0  5 1.00
  9  14  0  5 1.00
 10  11  0  5 1.00
 10  12  0  5 1.00
 10  13  0  5 1.00
 10  14  0  5 1.00
 10  15  0  5 1.00
 11  12  0  5 1.00
 11  13  0  5 1.00
 11  14  0  5 1.00
 11  15  0  5 1.00
 11  16  0  5 1.00
 12  13  0  5 1.00
 12  14  0  5 1.00
 12  15  0  5 1.00
 12  16  0  5 1.00
 12 202  0  5 1.00
 12 203  0  5 1.00
 13  14  0  5 1.00
 13  15  0  5 1.00
 13  16  0  5 1.00
 13  17  0  5 1.00
 13 202  0  5 1.00
 13 203  0  5 1.00
 13 206  0  5 1.00
 13 207  0  5 1.00
 14  15  0  5 1.00
 14  16  0  5 1.00
 14  17  0  5 1.00
 14  18  0  5 1.00
 14  19  0  5 1.00
 15  16  0  5 1.00
 15  17  0  5 1.00
 15  18  0  5 1.00
 15  19  0  5 1.00
 15  95  0  5 1.00
 16  17  0  5 1.00
 16  18  0  5 1.00
 16  19  0  5 1.00
 16  20  0  5 1.00
 16 203  0  5 1.00
 16 206  0  5 1.00
 16 207  0  5 1.00
 17  18  0  5 1.00
 17  19  0  5 1.00
 17  20  0  5 1.00
 17  21  0  5 1.00
 17  22  0  5 1.00
 17 203  0  5 1.00
 17 206  0  5 1.00
 17 207  0  5 1.00
 18  19  0  5 1.00
 18  20  0  5 1.00
 18  21  0  5 1.00
 18  22  0  5 1.00
 18  23  0  5 1.00
 19  20  0  5 1.00
 19  21  0  5 1.00
 19  22  0  5 1.00
 20  21  0  5 1.00
 20  22  0  5 1.00
 20 211  0  5 1.00
 21  22  0  5 1.00
 21  23  0  5 1.00
 21  45  0  5 1.00
 21  46  0  5 1.00
 21  47  0  5 1.00
 22  23  0  5 1.00
 22  24  0  5 1.00
 22  45  0  5 1.00
 22  46  0  5 1.00
 22  47  0  5 1.00
 23  24  0  5 1.00
 23  25  0  5 1.00
 23  43  0  5 1.00
 23  44  0  5 1.00
 23  45  0  5 1.00
 23  46  0  5 1.00
 24  25  0  5 1.00
 24  26  0  5 1.00
 24  43  0  5 1.00
 24  44  0  5 1.00
 25  26  0  5 1.00
 25  27  0  5 1.00
 25  41  0  5 1.00
 25  42  0  5 1.00
 25  43  0  5 1.00
 26  27  0  5 1.00
 26  28  0  5 1.00
 26  41  0  5 1.00
 26  42  0  5 1.00
 26 130  0  5 1.00
 27  28  0  5 1.00
 27  29  0  5 1.00
 27  39  0  5 1.00
 27  40  0  5 1.00
 27  41  0  5 1.00
 28  29  0  5 1.00
 28  30  0  5 1.00
 28  39  0  5 1.00
 28  40  0  5 1.00
 28  41  0  5 1.00
 28 144  0  5 1.00
 29  30  0  5 1.00
 29  31  0  5 1.00
 29  37  0  5 1.00
 29  38  0  5 1.00
 29  39  0  5 1.00
 29  40  0  5 1.00
 30  31  0  5 1.00
 30  32  0  5 1.00
 30  37  0  5 1.00
 30  38  0  5 1.00
 31  32  0  5 1.00
 31  33  0  5 1.00
 31  34  0  5 1.00
 31  37  0  5 1.00
 31  38  0  5 1.00
 31  39  0  5 1.00
 32  33  0  5 1.00
 32  34  0  5 1.00
 32  37  0  5 1.00
 33  34  0  5 1.00
 33  35  0  5 1.00
 34  35  0  5 1.00
 34  36  0  5 1.00
 34  37  0  5 1.00
 34  38  0  5 1.00
 35  36  0  5 1.00
 35  37  0  5 1.00
 36  37  0  5 1.00
 36  38  0  5 1.00
 37  38  0  5 1.00
 37  39  0  5 1.00
 38  39  0  5 1.00
 38  40  0  5 1.00
 39  40  0  5 1.00
 39  41  0  5 1.00
 40  41  0  5 1.00
 40  42  0  5 1.00
 41  42  0  5 1.00
 41  43  0  5 1.00
 42  43  0  5 1.00
 42  44  0  5 1.00
 42  79  0  5 1.00
 42  80  0  5 1.00
 43  44  0  5 1.00
 43  45  0  5 1.00
 43  79  0  5 1.00
 43  80  0  5 1.00
 44  45  0  5 1.00
 44  46  0  5 1.00
 44  77  0  5 1.00
 44  78  0  5 1.00
 44  79  0  5 1.00
 45  46  0  5 1.00
 45  47  0  5 1.00
 45  77  0  5 1.00
 45  78  0  5 1.00
 46  47  0  5 1.00
 46  48  0  5 1.00
 46  75  0  5 1.00
 46  76  0  5 1.00
 46  77  0  5 1.00
 47  48  0  5 1.00
 47  49  0  5 1.00
 47  75  0  5 1.00
 47  76  0  5 1.00
 48  49  0  5 1.00
 48  50  0  5 1.00
 48  74  0  5 1.00
 48  75  0  5 1.00
 48  76  0  5 1.00
 49  50  0  5 1.00
 49  51  0  5 1.00
 49  52  0  5 1.00
 49  53  0  5 1.00
 49  73  0  5 1.00
 49  74  0  5 1.00
 49  75  0  5 1.00
 50  51  0  5 1.00
 50  52  0  5 1.00
 50  53  0  5 1.00
 50  73  0  5 1.00
 50  74  0  5 1.00
 50  75  0  5 1.00
 51  52  0  5 1.00
 51  53  0  5 1.00
 51  73  0  5 1.00
 52  53  0  5 1.00
 52  54  0  5 1.00
 52  55  0  5 1.00
 52  56  0  5 1.00
 53  54  0  5 1.00
 53  55  0  5 1.00
 53  56  0  5 1.00
 53  57  0  5 1.00
 53  58  0  5 1.00
 54  55  0  5 1.00
 54  56  0  5 1.00
 54  57  0  5 1.00
 54  58  0  5 1.00
 55  56  0  5 1.00
 55  57  0  5 1.00
 55  58  0  5 1.00
 55  59  0  5 1.00
 56  57  0  5 1.00
 56  58  0  5 1.00
 56  59  0  5 1.00
 56  60  0  5 1.00
 57  58  0  5 1.00
 57  59  0  5 1.00
 57  60  0  5 1.00
 57  61  0  5 1.00
 58  59  0  5 1.00
 58  60  0  5 1.00
 58  61  0  5 1.00
 58  62  0  5 1.00
 58  63  0  5 1.00
 59  60  0  5 1.00
 59  61  0  5 1.00
 59  62  0  5 1.00
 59  63  0  5 1.00
 59  64  0  5 1.00
 60  61  0  5 1.00
 60  62  0  5 1.00
 60  63  0  5 1.00
 60  64  0  5 1.00
 60  65  0  5 1.00
 61  62  0  5 1.00
 61  63  0  5 1.00
 61  64  0  5 1.00
 62  63  0  5 1.00
 62  64  0  5 1.00
 63  64  0  5 1.00
 63  65  0  5 1.00
 64  65  0  5 1.00
 64  66  0  5 1.00
 65  66  0  5 1.00
 65  67  0  5 1.00
 66  67  0  5 1.00
 66  68  0  5 1.00
 66  78  0  5 1.00
 66  79  0  5 1.00
 67  68  0  5 1.00
 67  69  0  5 1.00
 67  76  0  5 1.00
 67  77  0  5 1.00
 67  78  0  5 1.00
 68  69  0  5 1.00
 68  70  0  5 1.00
 68  76  0  5 1.00
 68  77  0  5 1.00
 68  78  0  5 1.00
 69  70  0  5 1.00
 69  71  0  5 1.00
 69  74  0  5 1.00
 69  75  0  5 1.00
 69  76  0  5 1.00
 70  71  0  5 1.00
 70  72  0  5 1.00
 70  74  0  5 1.00
 70  75  0  5 1.00
 71  72  0  5 1.00
 71  73  0  5 1.00
 71  74  0  5 1.00
 71  75  0  5 1.00
 72  73  0  5 1.00
 72  74  0  5 1.00
 73  74  0  5 1.00
 73  75  0  5 1.00
 74  75  0  5 1.00
 74  76  0  5 1.00
 75  76  0  5 1.00
 75  77  0  5 1.00
 76  77  0  5 1.00
 76  78  0  5 1.00
 77  78  0  5 1.00
 77  79  0  5 1.00
 78  79  0  5 1.00
 78  80  0  5 1.00
 79  80  0  5 1.00
 79  81  0  5 1.00
 80  81  0  5 1.00
 80  82  0  5 1.00
 81  82  0  5 1.00
 81  83  0  5 1.00
 81  84  0  5 1.00
 81  85  0  5 1.00
 81  86  0  5 1.00
 82  83  0  5 1.00
 82  84  0  5 1.00
 82  85  0  5 1.00
 82  86  0  5 1.00
 83  84  0  5 1.00
 83  85  0  5 1.00
 83  86  0  5 1.00
 83  87  0  5 1.00
 84  85  0  5 1.00
 84  86  0  5 1.00
 84  87  0  5 1.00
 84  88  0  5 1.00
 84  89  0  5 1.00
 85  86  0  5 1.00
 85  87  0  5 1.00
 85  88  0  5 1.00
 85  89  0  5 1.00
 85  90  0  5 1.00
 86  87  0  5 1.00
 86  88  0  5 1.00
 86  89  0  5 1.00
 86  90  0  5 1.00
 86  91  0  5 1.00
 87  88  0  5 1.00
 87  89  0  5 1.00
 87  90  0  5 1.00
 87  91  0  5 1.00
 88  89  0  5 1.00
 88  90  0  5 1.00
 88  91  0  5 1.00
 88  92  0  5 1.00
 89  90  0  5 1.00
 89  91  0  5 1.00
 89  92  0  5 1.00
 89  93  0  5 1.00
 90  91  0  5 1.00
 90  92  0  5 1.00
 90  93  0  5 1.00
 90  94  0  5 1.00
 91  92  0  5 1.00
 91  93  0  5 1.00
 91  94  0  5 1.00
 92  93  0  5 1.00
 92  94  0  5 1.00
 92  95  0  5 1.00
 92  96  0  5 1.00
 93  94  0  5 1.00
 93  95  0  5 1.00
 93  96  0  5 1.00
 93 100  0  5 1.00
 94  95  0  5 1.00
 94  96  0  5 1.00
 95  96  0  5 1.00
 95  97  0  5 1.00
 96  97  0  5 1.00
 96  98  0  5 1.00
 96  99  0  5 1.00
 96 100  0  5 1.00
 97  98  0  5 1.00
 97  99  0  5 1.00
 97 100  0  5 1.00
 98  99  0  5 1.00
 98 100  0  5 1.00
 99 100  0  5 1.00
 99 101  0  5 1.00
 99 102  0  5 1.00
 99 103  0  5 1.00
100 101  0  5 1.00
100 102  0  5 1.00
100 103  0  5 1.00
100 104  0  5 1.00
101 102  0  5 1.00
101 103  0  5 1.00
101 104  0  5 1.00
101 105  0  5 1.00
101 106  0  5 1.00
102 103  0  5 1.00
102 104  0  5 1.00
102 105  0  5 1.00
102 106  0  5 1.00
102 107  0  5 1.00
103 104  0  5 1.00
103 105  0  5 1.00
103 106  0  5 1.00
103 107  0  5 1.00
104 105  0  5 1.00
104 106  0  5 1.00
104 107  0  5 1.00
104 108  0  5 1.00
105 106  0  5 1.00
105 107  0  5 1.00
105 108  0  5 1.00
105 109  0  5 1.00
105 110  0  5 1.00
106 107  0  5 1.00
106 108  0  5 1.00
106 109  0  5 1.00
106 110  0  5 1.00
107 108  0  5 1.00
107 109  0  5 1.00
107 110  0  5 1.00
107 111  0  5 1.00
108 109  0  5 1.00
108 110  0  5 1.00
108 111  0  5 1.00
108 112  0  5 1.00
109 110  0  5 1.00
109 111  0  5 1.00
109 112  0  5 1.00
109 113  0  5 1.00
110 111  0  5 1.00
110 112  0  5 1.00
110 113  0  5 1.00
110 114  0  5 1.00
111 112  0  5 1.00
111 113  0  5 1.00
111 114  0  5 1.00
112 113  0  5 1.00
112 114  0  5 1.00
112 115  0  5 1.00
112 116  0  5 1.00
112 117  0  5 1.00
113 114  0  5 1.00
113 115  0  5 1.00
113 116  0  5 1.00
113 117  0  5 1.00
114 115  0  5 1.00
114 116  0  5 1.00
114 117  0  5 1.00
114 118  0  5 1.00
115 116  0  5 1.00
115 117  0  5 1.00
115 118  0  5 1.00
115 119  0  5 1.00
116 117  0  5 1.00
116 118  0  5 1.00
116 119  0  5 1.00
116 122  0  5 1.00
116 123  0  5 1.00
117 118  0  5 1.00
117 119  0  5 1.00
118 119  0  5 1.00
118 120  0  5 1.00
119 120  0  5 1.00
119 121  0  5 1.00
119 122  0  5 1.00
119 123  0  5 1.00
120 121  0  5 1.00
120 122  0  5 1.00
120 123  0  5 1.00
120 124  0  5 1.00
121 122  0  5 1.00
121 123  0  5 1.00
121 124  0  5 1.00
121 125  0  5 1.00
122 123  0  5 1.00
122 124  0  5 1.00
122 125  0  5 1.00
122 126  0  5 1.00
123 124  0  5 1.00
123 125  0  5 1.00
123 126  0  5 1.00
123 127  0  5 1.00
124 125  0  5 1.00
124 126  0  5 1.00
124 127  0  5 1.00
124 128  0  5 1.00
125 126  0  5 1.00
125 127  0  5 1.00
125 128  0  5 1.00
125 129  0  5 1.00
126 127  0  5 1.00
126 128  0  5 1.00
126 129  0  5 1.00
126 130  0  5 1.00
127 128  0  5 1.00
127 129  0  5 1.00
127 130  0  5 1.00
127 131  0  5 1.00
127 146  0  5 1.00
128 129  0  5 1.00
128 130  0  5 1.00
128 131  0  5 1.00
128 132  0  5 1.00
129 130  0  5 1.00
129 131  0  5 1.00
129 132  0  5 1.00
129 133  0  5 1.00
130 131  0  5 1.00
130 132  0  5 1.00
130 133  0  5 1.00
130 134  0  5 1.00
131 132  0  5 1.00
131 133  0  5 1.00
131 134  0  5 1.00
131 135  0  5 1.00
132 133  0  5 1.00
132 134  0  5 1.00
132 135  0  5 1.00
132 136  0  5 1.00
133 134  0  5 1.00
133 135  0  5 1.00
133 136  0  5 1.00
133 137  0  5 1.00
134 135  0  5 1.00
134 136  0  5 1.00
134 137  0  5 1.00
134 138  0  5 1.00
134 139  0  5 1.00
135 136  0  5 1.00
135 137  0  5 1.00
136 137  0  5 1.00
136 138  0  5 1.00
137 138  0  5 1.00
137 139  0  5 1.00
138 139  0  5 1.00
138 140  0  5 1.00
139 140  0  5 1.00
139 141  0  5 1.00
140 141  0  5 1.00
140 142  0  5 1.00
141 142  0  5 1.00
141 143  0  5 1.00
142 143  0  5 1.00
142 144  0  5 1.00
143 144  0  5 1.00
143 145  0  5 1.00
144 145  0  5 1.00
144 146  0  5 1.00
145 146  0  5 1.00
145 147  0  5 1.00
145 148  0  5 1.00
145 149  0  5 1.00
146 147  0  5 1.00
146 148  0  5 1.00
146 149  0  5 1.00
146 150  0  5 1.00
147 148  0  5 1.00
147 149  0  5 1.00
147 150  0  5 1.00
147 151  0  5 1.00
148 149  0  5 1.00
148 150  0  5 1.00
148 151  0  5 1.00
149 150  0  5 1.00
149 151  0  5 1.00
149 152  0  5 1.00
150 151  0  5 1.00
150 152  0  5 1.00
151 152  0  5 1.00
151 153  0  5 1.00
152 153  0  5 1.00
196 197  0  5 1.00
196 198  0  5 1.00
196 199  0  5 1.00
196 200  0  5 1.00
197 198  0  5 1.00
197 199  0  5 1.00
197 200  0  5 1.00
197 201  0  5 1.00
198 199  0  5 1.00
198 200  0  5 1.00
198 201  0  5 1.00
198 202  0  5 1.00
199 200  0  5 1.00
199 201  0  5 1.00
199 202  0  5 1.00
199 203  0  5 1.00
199 204  0  5 1.00
200 201  0  5 1.00
200 202  0  5 1.00
200 203  0  5 1.00
200 204  0  5 1.00
200 205  0  5 1.00
201 202  0  5 1.00
201 203  0  5 1.00
201 204  0  5 1.00
201 205  0  5 1.00
202 203  0  5 1.00
202 204  0  5 1.00
202 205  0  5 1.00
202 206  0  5 1.00
203 204  0  5 1.00
203 205  0  5 1.00
203 206  0  5 1.00
203 207  0  5 1.00
204 205  0  5 1.00
204 206  0  5 1.00
204 207  0  5 1.00
204 208  0  5 1.00
204 209  0  5 1.00
205 206  0  5 1.00
205 207  0  5 1.00
205 208  0  5 1.00
205 209  0  5 1.00
205 210  0  5 1.00
205 285  0  5 1.00
206 207  0  5 1.00
206 208  0  5 1.00
206 209  0  5 1.00
206 210  0  5 1.00
206 211  0  5 1.00
207 208  0  5 1.00
207 209  0  5 1.00
207 210  0  5 1.00
207 211  0  5 1.00
207 212  0  5 1.00
208 209  0  5 1.00
208 210  0  5 1.00
208 211  0  5 1.00
208 212  0  5 1.00
208 213  0  5 1.00
209 210  0  5 1.00
209 211  0  5 1.00
209 212  0  5 1.00
210 211  0  5 1.00
210 212  0  5 1.00
211 212  0  5 1.00
211 213  0  5 1.00
211 235  0  5 1.00
211 236  0  5 1.00
211 237  0  5 1.00
212 213  0  5 1.00
212 214  0  5 1.00
212 235  0  5 1.00
212 236  0  5 1.00
212 237  0  5 1.00
213 214  0  5 1.00
213 215  0  5 1.00
213 233  0  5 1.00
213 234  0  5 1.00
213 235  0  5 1.00
213 236  0  5 1.00
214 215  0  5 1.00
214 216  0  5 1.00
214 233  0  5 1.00
214 234  0  5 1.00
215 216  0  5 1.00
215 217  0  5 1.00
215 231  0  5 1.00
215 232  0  5 1.00
215 233  0  5 1.00
216 217  0  5 1.00
216 218  0  5 1.00
216 231  0  5 1.00
216 232  0  5 1.00
216 320  0  5 1.00
217 218  0  5 1.00
217 219  0  5 1.00
217 229  0  5 1.00
217 230  0  5 1.00
217 231  0  5 1.00
217 232  0  5 1.00
218 219  0  5 1.00
218 220  0  5 1.00
218 229  0  5 1.00
218 230  0  5 1.00
218 231  0  5 1.00
218 334  0  5 1.00
219 220  0  5 1.00
219 221  0  5 1.00
219 227  0  5 1.00
219 228  0  5 1.00
219 229  0  5 1.00
219 230  0  5 1.00
220 221  0  5 1.00
220 222  0  5 1.00
220 227  0  5 1.00
220 228  0  5 1.00
220 229  0  5 1.00
221 222  0  5 1.00
221 223  0  5 1.00
221 224  0  5 1.00
221 227  0  5 1.00
221 228  0  5 1.00
221 229  0  5 1.00
222 223  0  5 1.00
222 224  0  5 1.00
222 227  0  5 1.00
223 224  0  5 1.00
223 225  0  5 1.00
224 225  0  5 1.00
224 226  0  5 1.00
224 227  0  5 1.00
224 228  0  5 1.00
225 226  0  5 1.00
225 227  0  5 1.00
226 227  0  5 1.00
226 228  0  5 1.00
227 228  0  5 1.00
227 229  0  5 1.00
228 229  0  5 1.00
228 230  0  5 1.00
229 230  0  5 1.00
229 231  0  5 1.00
230 231  0  5 1.00
230 232  0  5 1.00
231 232  0  5 1.00
231 233  0  5 1.00
232 233  0  5 1.00
232 234  0  5 1.00
232 269  0  5 1.00
232 270  0  5 1.00
233 234  0  5 1.00
233 235  0  5 1.00
233 269  0  5 1.00
233 270  0  5 1.00
234 235  0  5 1.00
234 236  0  5 1.00
234 267  0  5 1.00
234 268  0  5 1.00
234 269  0  5 1.00
235 236  0  5 1.00
235 237  0  5 1.00
235 267  0  5 1.00
235 268  0  5 1.00
236 237  0  5 1.00
236 238  0  5 1.00
236 265  0  5 1.00
236 266  0  5 1.00
236 267  0  5 1.00
237 238  0  5 1.00
237 239  0  5 1.00
237 265  0  5 1.00
237 266  0  5 1.00
237 267  0  5 1.00
238 239  0  5 1.00
238 240  0  5 1.00
238 263  0  5 1.00
238 264  0  5 1.00
238 265  0  5 1.00
239 240  0  5 1.00
239 241  0  5 1.00
239 242  0  5 1.00
239 243  0  5 1.00
239 263  0  5 1.00
239 264  0  5 1.00
239 265  0  5 1.00
240 241  0  5 1.00
240 242  0  5 1.00
240 243  0  5 1.00
240 263  0  5 1.00
240 264  0  5 1.00
240 265  0  5 1.00
241 242  0  5 1.00
241 243  0  5 1.00
241 263  0  5 1.00
242 243  0  5 1.00
242 244  0  5 1.00
242 245  0  5 1.00
242 246  0  5 1.00
243 244  0  5 1.00
243 245  0  5 1.00
243 246  0  5 1.00
243 247  0  5 1.00
243 248  0  5 1.00
244 245  0  5 1.00
244 246  0  5 1.00
244 247  0  5 1.00
244 248  0  5 1.00
245 246  0  5 1.00
245 247  0  5 1.00
245 248  0  5 1.00
245 249  0  5 1.00
246 247  0  5 1.00
246 248  0  5 1.00
246 249  0  5 1.00
246 250  0  5 1.00
247 248  0  5 1.00
247 249  0  5 1.00
247 250  0  5 1.00
247 251  0  5 1.00
248 249  0  5 1.00
248 250  0  5 1.00
248 251  0  5 1.00
248 252  0  5 1.00
248 253  0  5 1.00
249 250  0  5 1.00
249 251  0  5 1.00
249 252  0  5 1.00
249 253  0  5 1.00
249 254  0  5 1.00
250 251  0  5 1.00
250 252  0  5 1.00
250 253  0  5 1.00
250 254  0  5 1.00
250 255  0  5 1.00
251 252  0  5 1.00
251 253  0  5 1.00
251 254  0  5 1.00
252 253  0  5 1.00
252 254  0  5 1.00
253 254  0  5 1.00
253 255  0  5 1.00
254 255  0  5 1.00
254 256  0  5 1.00
255 256  0  5 1.00
255 257  0  5 1.00
256 257  0  5 1.00
256 258  0  5 1.00
256 268  0  5 1.00
256 269  0  5 1.00
257 258  0  5 1.00
257 259  0  5 1.00
257 266  0  5 1.00
257 267  0  5 1.00
257 268  0  5 1.00
258 259  0  5 1.00
258 260  0  5 1.00
258 266  0  5 1.00
258 267  0  5 1.00
259 260  0  5 1.00
259 261  0  5 1.00
259 264  0  5 1.00
259 265  0  5 1.00
259 266  0  5 1.00
260 261  0  5 1.00
260 262  0  5 1.00
260 264  0  5 1.00
260 265  0  5 1.00
261 262  0  5 1.00
261 263  0  5 1.00
261 264  0  5 1.00
262 263  0  5 1.00
262 264  0  5 1.00
263 264  0  5 1.00
263 265  0  5 1.00
264 265  0  5 1.00
264 266  0  5 1.00
265 266  0  5 1.00
265 267  0  5 1.00
266 267  0  5 1.00
266 268  0  5 1.00
267 268  0  5 1.00
267 269  0  5 1.00
268 269  0  5 1.00
268 270  0  5 1.00
269 270  0  5 1.00
269 271  0  5 1.00
270 271  0  5 1.00
270 272  0  5 1.00
271 272  0  5 1.00
271 273  0  5 1.00
271 274  0  5 1.00
271 275  0  5 1.00
271 276  0  5 1.00
272 273  0  5 1.00
272 274  0  5 1.00
272 275  0  5 1.00
272 276  0  5 1.00
273 274  0  5 1.00
273 275  0  5 1.00
273 276  0  5 1.00
273 277  0  5 1.00
274 275  0  5 1.00
274 276  0  5 1.00
274 277  0  5 1.00
274 278  0  5 1.00
274 279  0  5 1.00
275 276  0  5 1.00
275 277  0  5 1.00
275 278  0  5 1.00
275 279  0  5 1.00
275 280  0  5 1.00
276 277  0  5 1.00
276 278  0  5 1.00
276 279  0  5 1.00
276 280  0  5 1.00
277 278  0  5 1.00
277 279  0  5 1.00
277 280  0  5 1.00
277 281  0  5 1.00
278 279  0  5 1.00
278 280  0  5 1.00
278 281  0  5 1.00
278 282  0  5 1.00
279 280  0  5 1.00
279 281  0  5 1.00
279 282  0  5 1.00
279 283  0  5 1.00
280 281  0  5 1.00
280 282  0  5 1.00
280 283  0  5 1.00
280 284  0  5 1.00
281 282  0  5 1.00
281 283  0  5 1.00
281 284  0  5 1.00
282 283  0  5 1.00
282 284  0  5 1.00
282 285  0  5 1.00
282 286  0  5 1.00
283 284  0  5 1.00
283 285  0  5 1.00
283 286  0  5 1.00
283 290  0  5 1.00
284 285  0  5 1.00
284 286  0  5 1.00
285 286  0  5 1.00
285 287  0  5 1.00
286 287  0  5 1.00
286 288  0  5 1.00
286 289  0  5 1.00
286 290  0  5 1.00
287 288  0  5 1.00
287 289  0  5 1.00
287 290  0  5 1.00
288 289  0  5 1.00
288 290  0  5 1.00
289 290  0  5 1.00
289 291  0  5 1.00
289 292  0  5 1.00
289 293  0  5 1.00
290 291  0  5 1.00
290 292  0  5 1.00
290 293  0  5 1.00
290 294  0  5 1.00
291 292  0  5 1.00
291 293  0  5 1.00
291 294  0  5 1.00
291 295  0  5 1.00
292 293  0  5 1.00
292 294  0  5 1.00
292 295  0  5 1.00
292 296  0  5 1.00
293 294  0  5 1.00
293 295  0  5 1.00
293 296  0  5 1.00
293 297  0  5 1.00
294 295  0  5 1.00
294 296  0  5 1.00
294 297  0  5 1.00
294 298  0  5 1.00
294 299  0  5 1.00
295 296  0  5 1.00
295 297  0  5 1.00
295 298  0  5 1.00
295 299  0  5 1.00
296 297  0  5 1.00
296 298  0  5 1.00
296 299  0  5 1.00
296 300  0  5 1.00
297 298  0  5 1.00
297 299  0  5 1.00
297 300  0  5 1.00
297 301  0  5 1.00
298 299  0  5 1.00
298 300  0  5 1.00
298 301  0  5 1.00
298 302  0  5 1.00
299 300  0  5 1.00
299 301  0  5 1.00
299 302  0  5 1.00
299 303  0  5 1.00
300 301  0  5 1.00
300 302  0  5 1.00
300 303  0  5 1.00
300 304  0  5 1.00
301 302  0  5 1.00
301 303  0  5 1.00
301 304  0  5 1.00
302 303  0  5 1.00
302 304  0  5 1.00
302 305  0  5 1.00
302 306  0  5 1.00
302 307  0  5 1.00
303 304  0  5 1.00
303 305  0  5 1.00
303 306  0  5 1.00
303 307  0  5 1.00
304 305  0  5 1.00
304 306  0  5 1.00
304 307  0  5 1.00
304 308  0  5 1.00
305 306  0  5 1.00
305 307  0  5 1.00
305 308  0  5 1.00
305 309  0  5 1.00
306 307  0  5 1.00
306 308  0  5 1.00
306 309  0  5 1.00
306 312  0  5 1.00
306 313  0  5 1.00
307 308  0  5 1.00
307 309  0  5 1.00
308 309  0  5 1.00
308 310  0  5 1.00
309 310  0  5 1.00
309 311  0  5 1.00
309 312  0  5 1.00
309 313  0  5 1.00
310 311  0  5 1.00
310 312  0  5 1.00
310 313  0  5 1.00
310 314  0  5 1.00
311 312  0  5 1.00
311 313  0  5 1.00
311 314  0  5 1.00
311 315  0  5 1.00
312 313  0  5 1.00
312 314  0  5 1.00
312 315  0  5 1.00
312 316  0  5 1.00
313 314  0  5 1.00
313 315  0  5 1.00
313 316  0  5 1.00
313 317  0  5 1.00
314 315  0  5 1.00
314 316  0  5 1.00
314 317  0  5 1.00
314 318  0  5 1.00
315 316  0  5 1.00
315 317  0  5 1.00
315 318  0  5 1.00
315 319  0  5 1.00
316 317  0  5 1.00
316 318  0  5 1.00
316 319  0  5 1.00
316 320  0  5 1.00
317 318  0  5 1.00
317 319  0  5 1.00
317 320  0  5 1.00
317 321  0  5 1.00
317 336  0  5 1.00
318 319  0  5 1.00
318 320  0  5 1.00
318 321  0  5 1.00
318 322  0  5 1.00
319 320  0  5 1.00
319 321  0  5 1.00
319 322  0  5 1.00
319 323  0  5 1.00
320 321  0  5 1.00
320 322  0  5 1.00
320 323  0  5 1.00
320 324  0  5 1.00
321 322  0  5 1.00
321 323  0  5 1.00
321 324  0  5 1.00
321 325  0  5 1.00
322 323  0  5 1.00
322 324  0  5 1.00
322 325  0  5 1.00
322 326  0  5 1.00
323 324  0  5 1.00
323 325  0  5 1.00
323 326  0  5 1.00
323 327  0  5 1.00
324 325  0  5 1.00
324 326  0  5 1.00
324 327  0  5 1.00
324 328  0  5 1.00
324 329  0  5 1.00
325 326  0  5 1.00
325 327  0  5 1.00
326 327  0  5 1.00
326 328  0  5 1.00
327 328  0  5 1.00
327 329  0  5 1.00
328 329  0  5 1.00
328 330  0  5 1.00
329 330  0  5 1.00
329 331  0  5 1.00
330 331  0  5 1.00
330 332  0  5 1.00
331 332  0  5 1.00
331 333  0  5 1.00
332 333  0  5 1.00
332 334  0  5 1.00
333 334  0  5 1.00
333 335  0  5 1.00
334 335  0  5 1.00
334 336  0  5 1.00
335 336  0  5 1.00
335 337  0  5 1.00
335 338  0  5 1.00
335 339  0  5 1.00
336 337  0  5 1.00
336 338  0  5 1.00
336 339  0  5 1.00
336 340  0  5 1.00
337 338  0  5 1.00
337 339  0  5 1.00
337 340  0  5 1.00
337 341  0  5 1.00
338 339  0  5 1.00
338 340  0  5 1.00
338 341  0  5 1.00
338 342  0  5 1.00
339 340  0  5 1.00
339 341  0  5 1.00
339 342  0  5 1.00
339 343  0  5 1.00
340 341  0  5 1.00
340 342  0  5 1.00
340 343  0  5 1.00
341 342  0  5 1.00
341 343  0  5 1.00
341 344  0  5 1.00
342 343  0  5 1.00
342 344  0  5 1.00
342 345  0  5 1.00
343 344  0  5 1.00
343 345  0  5 1.00
344 345  0  5 1.00
END
HELX_P HELX_P1  1  ASN A 7   ? ASP A 21  ? ASN A 6   ASP A 20  1 ? 15 
HELX_P HELX_P2  2  ARG A 52  ? GLY A 64  ? ARG A 51  GLY A 63  1 ? 13 
HELX_P HELX_P3  3  GLU A 81  ? GLN A 93  ? GLU A 80  GLN A 92  1 ? 13 
HELX_P HELX_P4  4  PRO A 94  ? LEU A 96  ? PRO A 93  LEU A 95  5 ? 3  
HELX_P HELX_P5  5  LYS A 99  ? LYS A 117 ? LYS A 98  LYS A 116 1 ? 19 
HELX_P HELX_P6  6  SER A 119 ? ASN A 137 ? SER A 118 ASN A 136 1 ? 19 
HELX_P HELX_P7  7  THR A 145 ? ARG A 150 ? THR A 144 ARG A 149 1 ? 6  
HELX_P HELX_P8  8  SER A 196 ? ASP A 211 ? SER A 196 ASP A 211 1 ? 16 
HELX_P HELX_P9  9  ARG A 242 ? GLY A 254 ? ARG A 242 GLY A 254 1 ? 13 
HELX_P HELX_P10 10 GLU A 271 ? GLN A 283 ? GLU A 271 GLN A 283 1 ? 13 
HELX_P HELX_P11 11 PRO A 284 ? LEU A 286 ? PRO A 284 LEU A 286 5 ? 3  
HELX_P HELX_P12 12 LYS A 289 ? GLN A 302 ? LYS A 289 GLN A 302 1 ? 14 
HELX_P HELX_P13 13 GLN A 302 ? LYS A 307 ? GLN A 302 LYS A 307 1 ? 6  
HELX_P HELX_P14 14 SER A 309 ? ASN A 327 ? SER A 309 ASN A 327 1 ? 19 
HELX_P HELX_P15 15 THR A 335 ? ARG A 340 ? THR A 335 ARG A 340 1 ? 6  
HELX_P HELX_P16 16 ALA A 341 ? LEU A 343 ? ALA A 341 LEU A 343 5 ? 3 