3o44 594
 13  14  0  5 1.00
 13  15  0  5 1.00
 14  15  0  5 1.00
 14  16  0  5 1.00
 15  16  0  5 1.00
 15  17  0  5 1.00
 16  17  0  5 1.00
 16  18  0  5 1.00
 16 334  0  5 1.00
 17  18  0  5 1.00
 17  19  0  5 1.00
 17  65  0  5 1.00
 17  66  0  5 1.00
 17  67  0  5 1.00
 17 331  0  5 1.00
 18  19  0  5 1.00
 18  20  0  5 1.00
 18  65  0  5 1.00
 18  66  0  5 1.00
 18 458  0  5 1.00
 19  20  0  5 1.00
 19  21  0  5 1.00
 19  63  0  5 1.00
 19  64  0  5 1.00
 19  65  0  5 1.00
 19 458  0  5 1.00
 20  21  0  5 1.00
 20  22  0  5 1.00
 20  63  0  5 1.00
 20  64  0  5 1.00
 20 458  0  5 1.00
 21  22  0  5 1.00
 21  23  0  5 1.00
 21  61  0  5 1.00
 21  62  0  5 1.00
 21  63  0  5 1.00
 22  23  0  5 1.00
 22  24  0  5 1.00
 22  61  0  5 1.00
 22  62  0  5 1.00
 22  63  0  5 1.00
 23  24  0  5 1.00
 23  25  0  5 1.00
 23  59  0  5 1.00
 23  60  0  5 1.00
 23  61  0  5 1.00
 24  25  0  5 1.00
 24  26  0  5 1.00
 24  59  0  5 1.00
 24  60  0  5 1.00
 25  26  0  5 1.00
 25  27  0  5 1.00
 25  57  0  5 1.00
 25  58  0  5 1.00
 25  59  0  5 1.00
 25  60  0  5 1.00
 26  27  0  5 1.00
 26  28  0  5 1.00
 26  57  0  5 1.00
 26  58  0  5 1.00
 26  59  0  5 1.00
 27  28  0  5 1.00
 27  29  0  5 1.00
 27  55  0  5 1.00
 27  56  0  5 1.00
 27  57  0  5 1.00
 28  29  0  5 1.00
 28  30  0  5 1.00
 28  55  0  5 1.00
 28  56  0  5 1.00
 28  57  0  5 1.00
 29  30  0  5 1.00
 29  31  0  5 1.00
 29  54  0  5 1.00
 29  55  0  5 1.00
 29  56  0  5 1.00
 30  31  0  5 1.00
 30  32  0  5 1.00
 30  33  0  5 1.00
 30  34  0  5 1.00
 31  32  0  5 1.00
 31  33  0  5 1.00
 31  34  0  5 1.00
 31  35  0  5 1.00
 31  50  0  5 1.00
 32  33  0  5 1.00
 32  34  0  5 1.00
 32  35  0  5 1.00
 33  34  0  5 1.00
 33  35  0  5 1.00
 34  35  0  5 1.00
 34  36  0  5 1.00
 34  49  0  5 1.00
 34  50  0  5 1.00
 34  51  0  5 1.00
 34  52  0  5 1.00
 35  36  0  5 1.00
 35  37  0  5 1.00
 35  49  0  5 1.00
 35  50  0  5 1.00
 35  51  0  5 1.00
 36  37  0  5 1.00
 36  38  0  5 1.00
 36  47  0  5 1.00
 36  48  0  5 1.00
 36  49  0  5 1.00
 37  38  0  5 1.00
 37  39  0  5 1.00
 37  47  0  5 1.00
 37  48  0  5 1.00
 38  39  0  5 1.00
 38  40  0  5 1.00
 38  46  0  5 1.00
 38  47  0  5 1.00
 38  48  0  5 1.00
 38  49  0  5 1.00
 38 123  0  5 1.00
 39  40  0  5 1.00
 39  41  0  5 1.00
 39  42  0  5 1.00
 39  43  0  5 1.00
 39  47  0  5 1.00
 40  41  0  5 1.00
 40  42  0  5 1.00
 40  43  0  5 1.00
 41  42  0  5 1.00
 41  43  0  5 1.00
 42  43  0  5 1.00
 42  44  0  5 1.00
 42  45  0  5 1.00
 42  46  0  5 1.00
 43  44  0  5 1.00
 43  45  0  5 1.00
 43  46  0  5 1.00
 43  47  0  5 1.00
 44  45  0  5 1.00
 44  46  0  5 1.00
 44  47  0  5 1.00
 45  46  0  5 1.00
 45  47  0  5 1.00
 46  47  0  5 1.00
 46  48  0  5 1.00
 47  48  0  5 1.00
 47  49  0  5 1.00
 48  49  0  5 1.00
 48  50  0  5 1.00
 49  50  0  5 1.00
 49  51  0  5 1.00
 50  51  0  5 1.00
 50  52  0  5 1.00
 51  52  0  5 1.00
 51  53  0  5 1.00
 51 125  0  5 1.00
 51 126  0  5 1.00
 52  53  0  5 1.00
 52  54  0  5 1.00
 52  99  0  5 1.00
 53  54  0  5 1.00
 53  55  0  5 1.00
 53  99  0  5 1.00
 53 100  0  5 1.00
 54  55  0  5 1.00
 54  56  0  5 1.00
 54  98  0  5 1.00
 54  99  0  5 1.00
 55  56  0  5 1.00
 55  57  0  5 1.00
 55  98  0  5 1.00
 55  99  0  5 1.00
 56  57  0  5 1.00
 56  58  0  5 1.00
 56  96  0  5 1.00
 56  97  0  5 1.00
 56  98  0  5 1.00
 56  99  0  5 1.00
 57  58  0  5 1.00
 57  59  0  5 1.00
 57  96  0  5 1.00
 57  97  0  5 1.00
 58  59  0  5 1.00
 58  60  0  5 1.00
 58  93  0  5 1.00
 58  94  0  5 1.00
 58  95  0  5 1.00
 58  96  0  5 1.00
 58  97  0  5 1.00
 59  60  0  5 1.00
 59  61  0  5 1.00
 59  93  0  5 1.00
 59  94  0  5 1.00
 59  95  0  5 1.00
 59  96  0  5 1.00
 60  61  0  5 1.00
 60  62  0  5 1.00
 60  87  0  5 1.00
 60  88  0  5 1.00
 60  92  0  5 1.00
 60  93  0  5 1.00
 60  94  0  5 1.00
 61  62  0  5 1.00
 61  63  0  5 1.00
 61  87  0  5 1.00
 62  63  0  5 1.00
 62  64  0  5 1.00
 62  85  0  5 1.00
 62  86  0  5 1.00
 62  87  0  5 1.00
 63  64  0  5 1.00
 63  65  0  5 1.00
 63  85  0  5 1.00
 63  86  0  5 1.00
 64  65  0  5 1.00
 64  66  0  5 1.00
 64  83  0  5 1.00
 64  84  0  5 1.00
 64  85  0  5 1.00
 65  66  0  5 1.00
 65  67  0  5 1.00
 65  83  0  5 1.00
 65  84  0  5 1.00
 66  67  0  5 1.00
 66  68  0  5 1.00
 66  81  0  5 1.00
 66  82  0  5 1.00
 66  83  0  5 1.00
 66 331  0  5 1.00
 66 332  0  5 1.00
 67  68  0  5 1.00
 67  69  0  5 1.00
 67  81  0  5 1.00
 67  82  0  5 1.00
 67  83  0  5 1.00
 67 331  0  5 1.00
 67 332  0  5 1.00
 68  69  0  5 1.00
 68  70  0  5 1.00
 68  79  0  5 1.00
 68  81  0  5 1.00
 69  70  0  5 1.00
 69  71  0  5 1.00
 69 333  0  5 1.00
 69 334  0  5 1.00
 70  71  0  5 1.00
 70  72  0  5 1.00
 70  73  0  5 1.00
 70 333  0  5 1.00
 70 334  0  5 1.00
 71  72  0  5 1.00
 71  73  0  5 1.00
 71 333  0  5 1.00
 71 334  0  5 1.00
 71 335  0  5 1.00
 72  73  0  5 1.00
 72  74  0  5 1.00
 73  74  0  5 1.00
 73  75  0  5 1.00
 74  75  0  5 1.00
 74  76  0  5 1.00
 75  76  0  5 1.00
 75  77  0  5 1.00
 76  77  0  5 1.00
 76  78  0  5 1.00
 77  78  0  5 1.00
 77  79  0  5 1.00
 78  79  0  5 1.00
 78  80  0  5 1.00
 79  80  0  5 1.00
 79  81  0  5 1.00
 80  81  0  5 1.00
 80  82  0  5 1.00
 80 270  0  5 1.00
 81  82  0  5 1.00
 81  83  0  5 1.00
 81 268  0  5 1.00
 81 269  0  5 1.00
 81 270  0  5 1.00
 82  83  0  5 1.00
 82  84  0  5 1.00
 82 266  0  5 1.00
 82 267  0  5 1.00
 82 268  0  5 1.00
 82 269  0  5 1.00
 82 270  0  5 1.00
 83  84  0  5 1.00
 83  85  0  5 1.00
 83 266  0  5 1.00
 83 267  0  5 1.00
 83 268  0  5 1.00
 84  85  0  5 1.00
 84  86  0  5 1.00
 84 264  0  5 1.00
 84 265  0  5 1.00
 84 266  0  5 1.00
 84 267  0  5 1.00
 85  86  0  5 1.00
 85  87  0  5 1.00
 85 264  0  5 1.00
 85 265  0  5 1.00
 86  87  0  5 1.00
 86  88  0  5 1.00
 86 262  0  5 1.00
 86 263  0  5 1.00
 86 264  0  5 1.00
 87  88  0  5 1.00
 87  89  0  5 1.00
 87  92  0  5 1.00
 87 262  0  5 1.00
 87 263  0  5 1.00
 87 264  0  5 1.00
 88  89  0  5 1.00
 88  90  0  5 1.00
 88  92  0  5 1.00
 88 260  0  5 1.00
 88 261  0  5 1.00
 88 262  0  5 1.00
 89  90  0  5 1.00
 89  91  0  5 1.00
 89  92  0  5 1.00
 89  93  0  5 1.00
 89 261  0  5 1.00
 89 262  0  5 1.00
 90  91  0  5 1.00
 90  92  0  5 1.00
 91  92  0  5 1.00
 91  93  0  5 1.00
 92  93  0  5 1.00
 92  94  0  5 1.00
 93  94  0  5 1.00
 93  95  0  5 1.00
 94  95  0  5 1.00
 94  96  0  5 1.00
 95  96  0  5 1.00
 95  97  0  5 1.00
 95 258  0  5 1.00
 96  97  0  5 1.00
 96  98  0  5 1.00
 96 258  0  5 1.00
 96 259  0  5 1.00
 97  98  0  5 1.00
 97  99  0  5 1.00
 97 255  0  5 1.00
 97 256  0  5 1.00
 97 257  0  5 1.00
 97 258  0  5 1.00
 98  99  0  5 1.00
 98 100  0  5 1.00
 98 255  0  5 1.00
 98 256  0  5 1.00
 98 257  0  5 1.00
 99 100  0  5 1.00
 99 101  0  5 1.00
 99 255  0  5 1.00
 99 256  0  5 1.00
100 101  0  5 1.00
100 102  0  5 1.00
100 255  0  5 1.00
100 256  0  5 1.00
101 102  0  5 1.00
101 103  0  5 1.00
102 103  0  5 1.00
102 104  0  5 1.00
103 104  0  5 1.00
103 105  0  5 1.00
104 105  0  5 1.00
104 106  0  5 1.00
104 123  0  5 1.00
104 124  0  5 1.00
104 125  0  5 1.00
105 106  0  5 1.00
105 107  0  5 1.00
105 123  0  5 1.00
105 124  0  5 1.00
105 125  0  5 1.00
106 107  0  5 1.00
106 108  0  5 1.00
106 121  0  5 1.00
106 122  0  5 1.00
106 123  0  5 1.00
107 108  0  5 1.00
107 109  0  5 1.00
107 121  0  5 1.00
107 122  0  5 1.00
108 109  0  5 1.00
108 110  0  5 1.00
108 119  0  5 1.00
108 120  0  5 1.00
108 121  0  5 1.00
109 110  0  5 1.00
109 111  0  5 1.00
109 119  0  5 1.00
109 120  0  5 1.00
110 111  0  5 1.00
110 112  0  5 1.00
110 119  0  5 1.00
111 112  0  5 1.00
111 113  0  5 1.00
112 113  0  5 1.00
112 114  0  5 1.00
113 114  0  5 1.00
113 115  0  5 1.00
114 115  0  5 1.00
114 116  0  5 1.00
115 116  0  5 1.00
115 117  0  5 1.00
115 295  0  5 1.00
115 296  0  5 1.00
115 297  0  5 1.00
116 117  0  5 1.00
116 118  0  5 1.00
116 295  0  5 1.00
116 297  0  5 1.00
117 118  0  5 1.00
117 119  0  5 1.00
117 293  0  5 1.00
117 294  0  5 1.00
117 295  0  5 1.00
118 119  0  5 1.00
118 120  0  5 1.00
118 293  0  5 1.00
118 294  0  5 1.00
118 295  0  5 1.00
119 120  0  5 1.00
119 121  0  5 1.00
119 293  0  5 1.00
119 294  0  5 1.00
119 295  0  5 1.00
120 121  0  5 1.00
120 122  0  5 1.00
120 291  0  5 1.00
120 292  0  5 1.00
120 293  0  5 1.00
121 122  0  5 1.00
121 123  0  5 1.00
121 291  0  5 1.00
121 292  0  5 1.00
121 293  0  5 1.00
122 123  0  5 1.00
122 124  0  5 1.00
122 289  0  5 1.00
122 290  0  5 1.00
122 291  0  5 1.00
122 292  0  5 1.00
123 124  0  5 1.00
123 125  0  5 1.00
123 289  0  5 1.00
123 290  0  5 1.00
124 125  0  5 1.00
124 126  0  5 1.00
124 288  0  5 1.00
124 289  0  5 1.00
124 290  0  5 1.00
125 126  0  5 1.00
125 127  0  5 1.00
125 287  0  5 1.00
125 288  0  5 1.00
125 289  0  5 1.00
126 127  0  5 1.00
126 128  0  5 1.00
126 287  0  5 1.00
126 288  0  5 1.00
127 128  0  5 1.00
127 129  0  5 1.00
127 254  0  5 1.00
127 285  0  5 1.00
127 286  0  5 1.00
127 287  0  5 1.00
127 288  0  5 1.00
128 129  0  5 1.00
128 130  0  5 1.00
128 254  0  5 1.00
128 285  0  5 1.00
128 286  0  5 1.00
129 130  0  5 1.00
129 131  0  5 1.00
129 219  0  5 1.00
129 220  0  5 1.00
129 221  0  5 1.00
129 285  0  5 1.00
129 287  0  5 1.00
130 131  0  5 1.00
130 132  0  5 1.00
130 219  0  5 1.00
130 220  0  5 1.00
130 221  0  5 1.00
130 283  0  5 1.00
130 284  0  5 1.00
130 285  0  5 1.00
131 132  0  5 1.00
131 133  0  5 1.00
131 217  0  5 1.00
131 218  0  5 1.00
131 219  0  5 1.00
131 283  0  5 1.00
131 284  0  5 1.00
132 133  0  5 1.00
132 134  0  5 1.00
132 217  0  5 1.00
132 218  0  5 1.00
132 219  0  5 1.00
132 281  0  5 1.00
132 282  0  5 1.00
132 283  0  5 1.00
133 134  0  5 1.00
133 135  0  5 1.00
133 215  0  5 1.00
133 216  0  5 1.00
133 217  0  5 1.00
133 218  0  5 1.00
133 281  0  5 1.00
133 282  0  5 1.00
134 135  0  5 1.00
134 136  0  5 1.00
134 215  0  5 1.00
134 216  0  5 1.00
134 279  0  5 1.00
134 280  0  5 1.00
134 281  0  5 1.00
134 282  0  5 1.00
135 136  0  5 1.00
135 137  0  5 1.00
135 213  0  5 1.00
135 214  0  5 1.00
135 215  0  5 1.00
135 216  0  5 1.00
135 279  0  5 1.00
135 280  0  5 1.00
136 137  0  5 1.00
136 138  0  5 1.00
136 213  0  5 1.00
136 214  0  5 1.00
136 277  0  5 1.00
136 278  0  5 1.00
136 279  0  5 1.00
137 138  0  5 1.00
137 139  0  5 1.00
137 213  0  5 1.00
137 277  0  5 1.00
137 278  0  5 1.00
138 139  0  5 1.00
138 140  0  5 1.00
138 277  0  5 1.00
138 278  0  5 1.00
139 140  0  5 1.00
139 141  0  5 1.00
139 142  0  5 1.00
139 277  0  5 1.00
140 141  0  5 1.00
140 142  0  5 1.00
140 143  0  5 1.00
141 142  0  5 1.00
141 143  0  5 1.00
141 267  0  5 1.00
141 268  0  5 1.00
141 269  0  5 1.00
142 143  0  5 1.00
142 144  0  5 1.00
142 212  0  5 1.00
142 213  0  5 1.00
142 267  0  5 1.00
142 268  0  5 1.00
143 144  0  5 1.00
143 145  0  5 1.00
143 212  0  5 1.00
143 265  0  5 1.00
143 266  0  5 1.00
143 267  0  5 1.00
144 145  0  5 1.00
144 146  0  5 1.00
144 212  0  5 1.00
144 265  0  5 1.00
144 266  0  5 1.00
144 267  0  5 1.00
145 146  0  5 1.00
145 147  0  5 1.00
145 265  0  5 1.00
145 266  0  5 1.00
145 267  0  5 1.00
146 147  0  5 1.00
146 148  0  5 1.00
146 263  0  5 1.00
146 264  0  5 1.00
146 265  0  5 1.00
147 148  0  5 1.00
147 149  0  5 1.00
147 150  0  5 1.00
147 263  0  5 1.00
147 264  0  5 1.00
147 265  0  5 1.00
148 149  0  5 1.00
148 150  0  5 1.00
148 261  0  5 1.00
148 262  0  5 1.00
148 263  0  5 1.00
148 264  0  5 1.00
149 150  0  5 1.00
149 151  0  5 1.00
149 262  0  5 1.00
149 263  0  5 1.00
150 151  0  5 1.00
150 152  0  5 1.00
151 152  0  5 1.00
151 153  0  5 1.00
152 153  0  5 1.00
152 154  0  5 1.00
152 205  0  5 1.00
153 154  0  5 1.00
153 155  0  5 1.00
154 155  0  5 1.00
154 156  0  5 1.00
155 156  0  5 1.00
155 157  0  5 1.00
156 157  0  5 1.00
156 158  0  5 1.00
156 197  0  5 1.00
156 198  0  5 1.00
157 158  0  5 1.00
157 159  0  5 1.00
157 197  0  5 1.00
158 159  0  5 1.00
158 160  0  5 1.00
158 195  0  5 1.00
158 196  0  5 1.00
158 197  0  5 1.00
159 160  0  5 1.00
159 161  0  5 1.00
159 195  0  5 1.00
159 196  0  5 1.00
160 161  0  5 1.00
160 162  0  5 1.00
160 193  0  5 1.00
160 194  0  5 1.00
160 195  0  5 1.00
160 196  0  5 1.00
161 162  0  5 1.00
161 163  0  5 1.00
161 193  0  5 1.00
161 194  0  5 1.00
161 195  0  5 1.00
162 163  0  5 1.00
162 164  0  5 1.00
162 191  0  5 1.00
162 192  0  5 1.00
162 193  0  5 1.00
163 164  0  5 1.00
163 165  0  5 1.00
163 191  0  5 1.00
163 192  0  5 1.00
163 193  0  5 1.00
164 165  0  5 1.00
164 166  0  5 1.00
164 189  0  5 1.00
164 190  0  5 1.00
164 191  0  5 1.00
164 192  0  5 1.00
165 166  0  5 1.00
165 167  0  5 1.00
165 189  0  5 1.00
165 190  0  5 1.00
165 191  0  5 1.00
166 167  0  5 1.00
166 168  0  5 1.00
166 187  0  5 1.00
166 188  0  5 1.00
166 189  0  5 1.00
167 168  0  5 1.00
167 169  0  5 1.00
167 187  0  5 1.00
167 188  0  5 1.00
168 169  0  5 1.00
168 170  0  5 1.00
168 185  0  5 1.00
168 186  0  5 1.00
168 187  0  5 1.00
168 188  0  5 1.00
169 170  0  5 1.00
169 171  0  5 1.00
169 185  0  5 1.00
169 186  0  5 1.00
169 187  0  5 1.00
170 171  0  5 1.00
170 172  0  5 1.00
170 183  0  5 1.00
170 184  0  5 1.00
170 185  0  5 1.00
170 186  0  5 1.00
171 172  0  5 1.00
171 173  0  5 1.00
171 183  0  5 1.00
171 184  0  5 1.00
172 173  0  5 1.00
172 174  0  5 1.00
172 181  0  5 1.00
172 182  0  5 1.00
172 183  0  5 1.00
172 184  0  5 1.00
173 174  0  5 1.00
173 175  0  5 1.00
173 181  0  5 1.00
173 182  0  5 1.00
173 183  0  5 1.00
174 175  0  5 1.00
174 176  0  5 1.00
174 179  0  5 1.00
174 180  0  5 1.00
174 181  0  5 1.00
174 182  0  5 1.00
175 176  0  5 1.00
175 177  0  5 1.00
175 179  0  5 1.00
175 180  0  5 1.00
176 177  0  5 1.00
176 178  0  5 1.00
176 179  0  5 1.00
176 180  0  5 1.00
177 178  0  5 1.00
177 179  0  5 1.00
178 179  0  5 1.00
178 180  0  5 1.00
179 180  0  5 1.00
179 181  0  5 1.00
180 181  0  5 1.00
180 182  0  5 1.00
181 182  0  5 1.00
181 183  0  5 1.00
182 183  0  5 1.00
182 184  0  5 1.00
183 184  0  5 1.00
183 185  0  5 1.00
184 185  0  5 1.00
184 186  0  5 1.00
185 186  0  5 1.00
185 187  0  5 1.00
186 187  0  5 1.00
186 188  0  5 1.00
187 188  0  5 1.00
187 189  0  5 1.00
188 189  0  5 1.00
188 190  0  5 1.00
189 190  0  5 1.00
189 191  0  5 1.00
190 191  0  5 1.00
190 192  0  5 1.00
191 192  0  5 1.00
191 193  0  5 1.00
192 193  0  5 1.00
192 194  0  5 1.00
193 194  0  5 1.00
193 195  0  5 1.00
194 195  0  5 1.00
194 196  0  5 1.00
195 196  0  5 1.00
195 197  0  5 1.00
196 197  0  5 1.00
196 198  0  5 1.00
197 198  0  5 1.00
197 199  0  5 1.00
198 199  0  5 1.00
198 200  0  5 1.00
199 200  0  5 1.00
199 201  0  5 1.00
200 201  0  5 1.00
200 202  0  5 1.00
201 202  0  5 1.00
201 203  0  5 1.00
201 204  0  5 1.00
201 222  0  5 1.00
201 223  0  5 1.00
202 203  0  5 1.00
202 204  0  5 1.00
202 220  0  5 1.00
202 221  0  5 1.00
202 222  0  5 1.00
202 223  0  5 1.00
203 204  0  5 1.00
203 205  0  5 1.00
203 220  0  5 1.00
203 221  0  5 1.00
203 222  0  5 1.00
204 205  0  5 1.00
204 206  0  5 1.00
204 218  0  5 1.00
204 219  0  5 1.00
204 220  0  5 1.00
204 221  0  5 1.00
204 222  0  5 1.00
205 206  0  5 1.00
205 207  0  5 1.00
205 218  0  5 1.00
205 219  0  5 1.00
206 207  0  5 1.00
206 208  0  5 1.00
206 216  0  5 1.00
206 217  0  5 1.00
206 218  0  5 1.00
206 219  0  5 1.00
207 208  0  5 1.00
207 209  0  5 1.00
207 216  0  5 1.00
207 217  0  5 1.00
208 209  0  5 1.00
208 210  0  5 1.00
208 214  0  5 1.00
208 215  0  5 1.00
208 216  0  5 1.00
209 210  0  5 1.00
209 211  0  5 1.00
209 214  0  5 1.00
209 215  0  5 1.00
210 211  0  5 1.00
210 212  0  5 1.00
210 214  0  5 1.00
210 215  0  5 1.00
211 212  0  5 1.00
211 213  0  5 1.00
211 214  0  5 1.00
211 215  0  5 1.00
212 213  0  5 1.00
212 214  0  5 1.00
213 214  0  5 1.00
213 215  0  5 1.00
214 215  0  5 1.00
214 216  0  5 1.00
215 216  0  5 1.00
215 217  0  5 1.00
216 217  0  5 1.00
216 218  0  5 1.00
217 218  0  5 1.00
217 219  0  5 1.00
218 219  0  5 1.00
218 220  0  5 1.00
219 220  0  5 1.00
219 221  0  5 1.00
220 221  0  5 1.00
220 222  0  5 1.00
221 222  0  5 1.00
221 223  0  5 1.00
221 225  0  5 1.00
222 223  0  5 1.00
222 224  0  5 1.00
222 225  0  5 1.00
223 224  0  5 1.00
223 225  0  5 1.00
224 225  0  5 1.00
224 226  0  5 1.00
225 226  0  5 1.00
225 227  0  5 1.00
226 227  0  5 1.00
226 228  0  5 1.00
226 229  0  5 1.00
226 230  0  5 1.00
227 228  0  5 1.00
227 229  0  5 1.00
227 230  0  5 1.00
227 231  0  5 1.00
227 308  0  5 1.00
228 229  0  5 1.00
228 230  0  5 1.00
228 231  0  5 1.00
228 308  0  5 1.00
229 230  0  5 1.00
229 231  0  5 1.00
230 231  0  5 1.00
230 232  0  5 1.00
230 244  0  5 1.00
230 245  0  5 1.00
230 246  0  5 1.00
231 232  0  5 1.00
231 233  0  5 1.00
231 244  0  5 1.00
231 245  0  5 1.00
231 246  0  5 1.00
232 233  0  5 1.00
232 234  0  5 1.00
232 244  0  5 1.00
232 245  0  5 1.00
232 246  0  5 1.00
233 234  0  5 1.00
233 235  0  5 1.00
233 244  0  5 1.00
233 306  0  5 1.00
234 235  0  5 1.00
234 236  0  5 1.00
234 304  0  5 1.00
234 305  0  5 1.00
234 306  0  5 1.00
235 236  0  5 1.00
235 237  0  5 1.00
235 304  0  5 1.00
235 305  0  5 1.00
235 306  0  5 1.00
236 237  0  5 1.00
236 238  0  5 1.00
236 303  0  5 1.00
236 304  0  5 1.00
236 305  0  5 1.00
237 238  0  5 1.00
237 239  0  5 1.00
237 240  0  5 1.00
237 303  0  5 1.00
237 304  0  5 1.00
238 239  0  5 1.00
238 240  0  5 1.00
238 302  0  5 1.00
238 303  0  5 1.00
238 304  0  5 1.00
239 240  0  5 1.00
239 241  0  5 1.00
240 241  0  5 1.00
240 242  0  5 1.00
241 242  0  5 1.00
241 243  0  5 1.00
242 243  0  5 1.00
242 244  0  5 1.00
243 244  0  5 1.00
243 245  0  5 1.00
244 245  0  5 1.00
244 246  0  5 1.00
245 246  0  5 1.00
245 247  0  5 1.00
246 247  0  5 1.00
246 248  0  5 1.00
246 249  0  5 1.00
246 250  0  5 1.00
247 248  0  5 1.00
247 249  0  5 1.00
247 250  0  5 1.00
248 249  0  5 1.00
248 250  0  5 1.00
248 251  0  5 1.00
249 250  0  5 1.00
249 251  0  5 1.00
250 251  0  5 1.00
250 252  0  5 1.00
251 252  0  5 1.00
251 253  0  5 1.00
251 254  0  5 1.00
251 255  0  5 1.00
252 253  0  5 1.00
252 254  0  5 1.00
252 255  0  5 1.00
252 256  0  5 1.00
252 257  0  5 1.00
253 254  0  5 1.00
253 255  0  5 1.00
253 256  0  5 1.00
253 257  0  5 1.00
253 258  0  5 1.00
254 255  0  5 1.00
254 256  0  5 1.00
255 256  0  5 1.00
255 257  0  5 1.00
256 257  0  5 1.00
256 258  0  5 1.00
257 258  0  5 1.00
257 259  0  5 1.00
258 259  0  5 1.00
258 260  0  5 1.00
259 260  0  5 1.00
259 261  0  5 1.00
260 261  0  5 1.00
260 262  0  5 1.00
261 262  0  5 1.00
261 263  0  5 1.00
262 263  0  5 1.00
262 264  0  5 1.00
263 264  0  5 1.00
263 265  0  5 1.00
264 265  0  5 1.00
264 266  0  5 1.00
265 266  0  5 1.00
265 267  0  5 1.00
266 267  0  5 1.00
266 268  0  5 1.00
267 268  0  5 1.00
267 269  0  5 1.00
268 269  0  5 1.00
268 270  0  5 1.00
269 270  0  5 1.00
269 271  0  5 1.00
269 272  0  5 1.00
270 271  0  5 1.00
270 272  0  5 1.00
271 272  0  5 1.00
271 273  0  5 1.00
272 273  0  5 1.00
272 274  0  5 1.00
272 327  0  5 1.00
273 274  0  5 1.00
273 275  0  5 1.00
274 275  0  5 1.00
274 276  0  5 1.00
274 325  0  5 1.00
274 326  0  5 1.00
274 327  0  5 1.00
274 328  0  5 1.00
275 276  0  5 1.00
275 277  0  5 1.00
275 325  0  5 1.00
275 326  0  5 1.00
275 327  0  5 1.00
276 277  0  5 1.00
276 278  0  5 1.00
276 323  0  5 1.00
276 324  0  5 1.00
276 325  0  5 1.00
277 278  0  5 1.00
277 279  0  5 1.00
277 323  0  5 1.00
277 324  0  5 1.00
278 279  0  5 1.00
278 280  0  5 1.00
278 321  0  5 1.00
278 322  0  5 1.00
278 323  0  5 1.00
279 280  0  5 1.00
279 281  0  5 1.00
279 321  0  5 1.00
279 322  0  5 1.00
280 281  0  5 1.00
280 282  0  5 1.00
280 319  0  5 1.00
280 320  0  5 1.00
280 321  0  5 1.00
280 322  0  5 1.00
281 282  0  5 1.00
281 283  0  5 1.00
281 319  0  5 1.00
281 320  0  5 1.00
282 283  0  5 1.00
282 284  0  5 1.00
282 317  0  5 1.00
282 318  0  5 1.00
282 319  0  5 1.00
282 320  0  5 1.00
283 284  0  5 1.00
283 285  0  5 1.00
283 317  0  5 1.00
283 318  0  5 1.00
283 319  0  5 1.00
284 285  0  5 1.00
284 286  0  5 1.00
284 315  0  5 1.00
284 316  0  5 1.00
284 317  0  5 1.00
285 286  0  5 1.00
285 287  0  5 1.00
285 315  0  5 1.00
285 316  0  5 1.00
286 287  0  5 1.00
286 288  0  5 1.00
286 313  0  5 1.00
286 314  0  5 1.00
286 315  0  5 1.00
286 316  0  5 1.00
287 288  0  5 1.00
287 289  0  5 1.00
287 313  0  5 1.00
287 314  0  5 1.00
288 289  0  5 1.00
288 290  0  5 1.00
288 313  0  5 1.00
289 290  0  5 1.00
289 291  0  5 1.00
290 291  0  5 1.00
290 292  0  5 1.00
290 307  0  5 1.00
290 308  0  5 1.00
290 309  0  5 1.00
291 292  0  5 1.00
291 293  0  5 1.00
291 307  0  5 1.00
291 308  0  5 1.00
291 309  0  5 1.00
292 293  0  5 1.00
292 294  0  5 1.00
292 305  0  5 1.00
292 306  0  5 1.00
292 307  0  5 1.00
292 308  0  5 1.00
293 294  0  5 1.00
293 295  0  5 1.00
293 305  0  5 1.00
293 306  0  5 1.00
294 295  0  5 1.00
294 296  0  5 1.00
294 303  0  5 1.00
294 304  0  5 1.00
294 305  0  5 1.00
295 296  0  5 1.00
295 297  0  5 1.00
295 303  0  5 1.00
295 304  0  5 1.00
296 297  0  5 1.00
296 298  0  5 1.00
296 301  0  5 1.00
296 302  0  5 1.00
296 303  0  5 1.00
296 304  0  5 1.00
297 298  0  5 1.00
297 299  0  5 1.00
297 301  0  5 1.00
298 299  0  5 1.00
298 300  0  5 1.00
298 301  0  5 1.00
298 302  0  5 1.00
299 300  0  5 1.00
299 301  0  5 1.00
300 301  0  5 1.00
300 302  0  5 1.00
301 302  0  5 1.00
301 303  0  5 1.00
302 303  0  5 1.00
302 304  0  5 1.00
303 304  0  5 1.00
303 305  0  5 1.00
304 305  0  5 1.00
304 306  0  5 1.00
305 306  0  5 1.00
305 307  0  5 1.00
306 307  0  5 1.00
306 308  0  5 1.00
307 308  0  5 1.00
307 309  0  5 1.00
308 309  0  5 1.00
308 310  0  5 1.00
309 310  0  5 1.00
309 311  0  5 1.00
309 312  0  5 1.00
310 311  0  5 1.00
310 312  0  5 1.00
311 312  0  5 1.00
311 313  0  5 1.00
312 313  0  5 1.00
312 314  0  5 1.00
313 314  0  5 1.00
313 315  0  5 1.00
314 315  0  5 1.00
314 316  0  5 1.00
315 316  0  5 1.00
315 317  0  5 1.00
316 317  0  5 1.00
316 318  0  5 1.00
317 318  0  5 1.00
317 319  0  5 1.00
318 319  0  5 1.00
318 320  0  5 1.00
319 320  0  5 1.00
319 321  0  5 1.00
320 321  0  5 1.00
320 322  0  5 1.00
320 466  0  5 1.00
321 322  0  5 1.00
321 323  0  5 1.00
322 323  0  5 1.00
322 324  0  5 1.00
322 463  0  5 1.00
322 464  0  5 1.00
323 324  0  5 1.00
323 325  0  5 1.00
324 325  0  5 1.00
324 326  0  5 1.00
325 326  0  5 1.00
325 327  0  5 1.00
326 327  0  5 1.00
326 328  0  5 1.00
326 329  0  5 1.00
327 328  0  5 1.00
327 329  0  5 1.00
328 329  0  5 1.00
328 330  0  5 1.00
328 383  0  5 1.00
328 384  0  5 1.00
329 330  0  5 1.00
329 331  0  5 1.00
329 332  0  5 1.00
329 333  0  5 1.00
330 331  0  5 1.00
330 332  0  5 1.00
330 333  0  5 1.00
330 334  0  5 1.00
330 335  0  5 1.00
330 383  0  5 1.00
331 332  0  5 1.00
331 333  0  5 1.00
331 334  0  5 1.00
331 335  0  5 1.00
332 333  0  5 1.00
332 334  0  5 1.00
333 334  0  5 1.00
333 335  0  5 1.00
334 335  0  5 1.00
334 336  0  5 1.00
335 336  0  5 1.00
335 337  0  5 1.00
336 337  0  5 1.00
336 338  0  5 1.00
336 372  0  5 1.00
336 373  0  5 1.00
337 338  0  5 1.00
337 339  0  5 1.00
337 372  0  5 1.00
337 373  0  5 1.00
337 453  0  5 1.00
337 454  0  5 1.00
337 455  0  5 1.00
338 339  0  5 1.00
338 340  0  5 1.00
338 370  0  5 1.00
338 371  0  5 1.00
338 372  0  5 1.00
338 373  0  5 1.00
338 453  0  5 1.00
338 454  0  5 1.00
338 455  0  5 1.00
339 340  0  5 1.00
339 341  0  5 1.00
339 370  0  5 1.00
339 371  0  5 1.00
339 372  0  5 1.00
339 451  0  5 1.00
339 452  0  5 1.00
339 453  0  5 1.00
340 341  0  5 1.00
340 342  0  5 1.00
340 348  0  5 1.00
340 349  0  5 1.00
340 350  0  5 1.00
340 370  0  5 1.00
340 451  0  5 1.00
340 452  0  5 1.00
341 342  0  5 1.00
341 343  0  5 1.00
341 348  0  5 1.00
341 349  0  5 1.00
341 449  0  5 1.00
341 450  0  5 1.00
341 451  0  5 1.00
341 452  0  5 1.00
342 343  0  5 1.00
342 344  0  5 1.00
342 345  0  5 1.00
342 348  0  5 1.00
342 349  0  5 1.00
342 449  0  5 1.00
343 344  0  5 1.00
343 345  0  5 1.00
343 449  0  5 1.00
343 450  0  5 1.00
344 345  0  5 1.00
344 346  0  5 1.00
344 449  0  5 1.00
345 346  0  5 1.00
345 347  0  5 1.00
345 348  0  5 1.00
346 347  0  5 1.00
346 348  0  5 1.00
347 348  0  5 1.00
347 349  0  5 1.00
347 361  0  5 1.00
347 362  0  5 1.00
347 363  0  5 1.00
348 349  0  5 1.00
348 350  0  5 1.00
348 361  0  5 1.00
348 362  0  5 1.00
348 363  0  5 1.00
349 350  0  5 1.00
349 351  0  5 1.00
349 359  0  5 1.00
349 360  0  5 1.00
349 361  0  5 1.00
349 362  0  5 1.00
349 363  0  5 1.00
350 351  0  5 1.00
350 352  0  5 1.00
350 359  0  5 1.00
350 360  0  5 1.00
350 369  0  5 1.00
350 370  0  5 1.00
351 352  0  5 1.00
351 353  0  5 1.00
351 357  0  5 1.00
351 358  0  5 1.00
351 359  0  5 1.00
351 369  0  5 1.00
351 370  0  5 1.00
352 353  0  5 1.00
352 354  0  5 1.00
352 356  0  5 1.00
352 357  0  5 1.00
352 358  0  5 1.00
352 369  0  5 1.00
353 354  0  5 1.00
353 355  0  5 1.00
353 356  0  5 1.00
353 357  0  5 1.00
354 355  0  5 1.00
354 356  0  5 1.00
355 356  0  5 1.00
355 357  0  5 1.00
356 357  0  5 1.00
356 358  0  5 1.00
356 396  0  5 1.00
356 397  0  5 1.00
356 398  0  5 1.00
357 358  0  5 1.00
357 359  0  5 1.00
357 396  0  5 1.00
357 397  0  5 1.00
358 359  0  5 1.00
358 360  0  5 1.00
358 396  0  5 1.00
358 397  0  5 1.00
359 360  0  5 1.00
359 361  0  5 1.00
360 361  0  5 1.00
360 362  0  5 1.00
361 362  0  5 1.00
361 363  0  5 1.00
362 363  0  5 1.00
362 364  0  5 1.00
363 364  0  5 1.00
363 365  0  5 1.00
364 365  0  5 1.00
364 366  0  5 1.00
364 367  0  5 1.00
365 366  0  5 1.00
365 367  0  5 1.00
365 455  0  5 1.00
365 456  0  5 1.00
365 457  0  5 1.00
366 367  0  5 1.00
366 368  0  5 1.00
366 456  0  5 1.00
366 457  0  5 1.00
367 368  0  5 1.00
367 369  0  5 1.00
367 370  0  5 1.00
367 371  0  5 1.00
368 369  0  5 1.00
368 370  0  5 1.00
368 371  0  5 1.00
368 383  0  5 1.00
368 384  0  5 1.00
369 370  0  5 1.00
369 371  0  5 1.00
370 371  0  5 1.00
370 372  0  5 1.00
371 372  0  5 1.00
371 373  0  5 1.00
371 381  0  5 1.00
371 382  0  5 1.00
371 383  0  5 1.00
371 384  0  5 1.00
372 373  0  5 1.00
372 374  0  5 1.00
372 381  0  5 1.00
372 382  0  5 1.00
372 383  0  5 1.00
373 374  0  5 1.00
373 375  0  5 1.00
373 379  0  5 1.00
373 380  0  5 1.00
373 381  0  5 1.00
373 382  0  5 1.00
373 383  0  5 1.00
374 375  0  5 1.00
374 376  0  5 1.00
374 379  0  5 1.00
374 380  0  5 1.00
374 381  0  5 1.00
375 376  0  5 1.00
375 377  0  5 1.00
375 378  0  5 1.00
375 379  0  5 1.00
376 377  0  5 1.00
376 378  0  5 1.00
377 378  0  5 1.00
377 379  0  5 1.00
377 408  0  5 1.00
377 409  0  5 1.00
378 379  0  5 1.00
378 380  0  5 1.00
378 407  0  5 1.00
378 408  0  5 1.00
378 409  0  5 1.00
379 380  0  5 1.00
379 381  0  5 1.00
379 407  0  5 1.00
379 408  0  5 1.00
379 409  0  5 1.00
380 381  0  5 1.00
380 382  0  5 1.00
380 388  0  5 1.00
380 389  0  5 1.00
380 390  0  5 1.00
380 407  0  5 1.00
381 382  0  5 1.00
381 383  0  5 1.00
381 388  0  5 1.00
381 389  0  5 1.00
382 383  0  5 1.00
382 384  0  5 1.00
382 385  0  5 1.00
382 386  0  5 1.00
382 388  0  5 1.00
382 389  0  5 1.00
383 384  0  5 1.00
383 385  0  5 1.00
384 385  0  5 1.00
384 386  0  5 1.00
385 386  0  5 1.00
385 387  0  5 1.00
385 388  0  5 1.00
386 387  0  5 1.00
386 388  0  5 1.00
387 388  0  5 1.00
387 389  0  5 1.00
387 399  0  5 1.00
387 400  0  5 1.00
387 401  0  5 1.00
388 389  0  5 1.00
388 390  0  5 1.00
388 399  0  5 1.00
388 400  0  5 1.00
388 401  0  5 1.00
389 390  0  5 1.00
389 391  0  5 1.00
389 397  0  5 1.00
389 398  0  5 1.00
389 399  0  5 1.00
389 400  0  5 1.00
389 401  0  5 1.00
390 391  0  5 1.00
390 392  0  5 1.00
390 406  0  5 1.00
390 407  0  5 1.00
391 392  0  5 1.00
391 393  0  5 1.00
391 394  0  5 1.00
391 395  0  5 1.00
391 406  0  5 1.00
391 407  0  5 1.00
392 393  0  5 1.00
392 394  0  5 1.00
392 395  0  5 1.00
392 406  0  5 1.00
392 407  0  5 1.00
393 394  0  5 1.00
393 395  0  5 1.00
393 406  0  5 1.00
394 395  0  5 1.00
394 396  0  5 1.00
394 397  0  5 1.00
395 396  0  5 1.00
395 397  0  5 1.00
395 436  0  5 1.00
396 397  0  5 1.00
396 398  0  5 1.00
397 398  0  5 1.00
397 399  0  5 1.00
398 399  0  5 1.00
398 400  0  5 1.00
399 400  0  5 1.00
399 401  0  5 1.00
400 401  0  5 1.00
400 402  0  5 1.00
401 402  0  5 1.00
401 403  0  5 1.00
402 403  0  5 1.00
402 404  0  5 1.00
403 404  0  5 1.00
403 405  0  5 1.00
404 405  0  5 1.00
404 406  0  5 1.00
404 407  0  5 1.00
404 408  0  5 1.00
405 406  0  5 1.00
405 407  0  5 1.00
405 408  0  5 1.00
405 421  0  5 1.00
405 422  0  5 1.00
406 407  0  5 1.00
406 408  0  5 1.00
406 422  0  5 1.00
407 408  0  5 1.00
407 409  0  5 1.00
408 409  0  5 1.00
408 410  0  5 1.00
408 419  0  5 1.00
408 420  0  5 1.00
408 421  0  5 1.00
408 422  0  5 1.00
409 410  0  5 1.00
409 411  0  5 1.00
409 419  0  5 1.00
409 420  0  5 1.00
409 421  0  5 1.00
410 411  0  5 1.00
410 412  0  5 1.00
410 417  0  5 1.00
410 418  0  5 1.00
410 419  0  5 1.00
411 412  0  5 1.00
411 413  0  5 1.00
411 417  0  5 1.00
411 418  0  5 1.00
411 419  0  5 1.00
412 413  0  5 1.00
412 414  0  5 1.00
412 415  0  5 1.00
412 417  0  5 1.00
413 414  0  5 1.00
413 415  0  5 1.00
414 415  0  5 1.00
414 416  0  5 1.00
415 416  0  5 1.00
415 417  0  5 1.00
416 417  0  5 1.00
416 418  0  5 1.00
416 448  0  5 1.00
416 449  0  5 1.00
416 450  0  5 1.00
417 418  0  5 1.00
417 419  0  5 1.00
417 448  0  5 1.00
417 450  0  5 1.00
418 419  0  5 1.00
418 420  0  5 1.00
418 425  0  5 1.00
418 426  0  5 1.00
418 427  0  5 1.00
418 448  0  5 1.00
419 420  0  5 1.00
419 421  0  5 1.00
419 424  0  5 1.00
419 425  0  5 1.00
419 426  0  5 1.00
419 427  0  5 1.00
420 421  0  5 1.00
420 422  0  5 1.00
420 423  0  5 1.00
420 424  0  5 1.00
420 425  0  5 1.00
420 426  0  5 1.00
421 422  0  5 1.00
421 423  0  5 1.00
421 424  0  5 1.00
422 423  0  5 1.00
422 424  0  5 1.00
423 424  0  5 1.00
423 425  0  5 1.00
424 425  0  5 1.00
424 426  0  5 1.00
425 426  0  5 1.00
425 427  0  5 1.00
425 439  0  5 1.00
425 440  0  5 1.00
426 427  0  5 1.00
426 428  0  5 1.00
426 437  0  5 1.00
426 438  0  5 1.00
426 439  0  5 1.00
426 440  0  5 1.00
427 428  0  5 1.00
427 429  0  5 1.00
427 437  0  5 1.00
427 438  0  5 1.00
427 447  0  5 1.00
427 448  0  5 1.00
428 429  0  5 1.00
428 430  0  5 1.00
428 435  0  5 1.00
428 436  0  5 1.00
428 437  0  5 1.00
428 438  0  5 1.00
428 439  0  5 1.00
428 447  0  5 1.00
428 448  0  5 1.00
429 430  0  5 1.00
429 431  0  5 1.00
429 434  0  5 1.00
429 435  0  5 1.00
429 436  0  5 1.00
429 437  0  5 1.00
429 445  0  5 1.00
429 446  0  5 1.00
429 447  0  5 1.00
430 431  0  5 1.00
430 432  0  5 1.00
430 433  0  5 1.00
430 434  0  5 1.00
430 435  0  5 1.00
430 445  0  5 1.00
430 446  0  5 1.00
431 432  0  5 1.00
431 433  0  5 1.00
431 445  0  5 1.00
431 446  0  5 1.00
431 447  0  5 1.00
432 433  0  5 1.00
432 434  0  5 1.00
432 445  0  5 1.00
433 434  0  5 1.00
433 435  0  5 1.00
434 435  0  5 1.00
434 436  0  5 1.00
435 436  0  5 1.00
435 437  0  5 1.00
436 437  0  5 1.00
436 438  0  5 1.00
437 438  0  5 1.00
437 439  0  5 1.00
438 439  0  5 1.00
438 440  0  5 1.00
439 440  0  5 1.00
439 441  0  5 1.00
440 441  0  5 1.00
440 442  0  5 1.00
441 442  0  5 1.00
441 443  0  5 1.00
442 443  0  5 1.00
442 444  0  5 1.00
442 446  0  5 1.00
443 444  0  5 1.00
443 445  0  5 1.00
443 446  0  5 1.00
443 447  0  5 1.00
444 445  0  5 1.00
444 446  0  5 1.00
445 446  0  5 1.00
445 447  0  5 1.00
446 447  0  5 1.00
446 448  0  5 1.00
447 448  0  5 1.00
447 449  0  5 1.00
448 449  0  5 1.00
448 450  0  5 1.00
449 450  0  5 1.00
449 451  0  5 1.00
450 451  0  5 1.00
450 452  0  5 1.00
451 452  0  5 1.00
451 453  0  5 1.00
452 453  0  5 1.00
452 454  0  5 1.00
453 454  0  5 1.00
453 455  0  5 1.00
454 455  0  5 1.00
454 456  0  5 1.00
455 456  0  5 1.00
455 457  0  5 1.00
456 457  0  5 1.00
456 458  0  5 1.00
456 459  0  5 1.00
457 458  0  5 1.00
457 459  0  5 1.00
458 459  0  5 1.00
458 460  0  5 1.00
459 460  0  5 1.00
459 461  0  5 1.00
460 461  0  5 1.00
460 462  0  5 1.00
461 462  0  5 1.00
461 463  0  5 1.00
462 463  0  5 1.00
462 464  0  5 1.00
463 464  0  5 1.00
463 465  0  5 1.00
464 465  0  5 1.00
464 466  0  5 1.00
464 590  0  5 1.00
465 466  0  5 1.00
465 467  0  5 1.00
465 588  0  5 1.00
465 589  0  5 1.00
465 590  0  5 1.00
466 467  0  5 1.00
466 468  0  5 1.00
466 588  0  5 1.00
466 589  0  5 1.00
467 468  0  5 1.00
467 469  0  5 1.00
467 586  0  5 1.00
467 587  0  5 1.00
467 588  0  5 1.00
467 589  0  5 1.00
468 469  0  5 1.00
468 470  0  5 1.00
468 586  0  5 1.00
468 587  0  5 1.00
469 470  0  5 1.00
469 471  0  5 1.00
469 586  0  5 1.00
469 587  0  5 1.00
470 471  0  5 1.00
470 472  0  5 1.00
471 472  0  5 1.00
471 473  0  5 1.00
471 579  0  5 1.00
471 580  0  5 1.00
471 586  0  5 1.00
472 473  0  5 1.00
472 474  0  5 1.00
472 580  0  5 1.00
472 581  0  5 1.00
473 474  0  5 1.00
473 475  0  5 1.00
473 578  0  5 1.00
473 579  0  5 1.00
473 580  0  5 1.00
474 475  0  5 1.00
474 476  0  5 1.00
474 578  0  5 1.00
474 579  0  5 1.00
475 476  0  5 1.00
475 477  0  5 1.00
475 576  0  5 1.00
475 577  0  5 1.00
475 578  0  5 1.00
475 579  0  5 1.00
476 477  0  5 1.00
476 478  0  5 1.00
476 576  0  5 1.00
476 577  0  5 1.00
476 578  0  5 1.00
477 478  0  5 1.00
477 479  0  5 1.00
477 574  0  5 1.00
477 575  0  5 1.00
477 576  0  5 1.00
478 479  0  5 1.00
478 480  0  5 1.00
478 498  0  5 1.00
478 574  0  5 1.00
478 575  0  5 1.00
478 576  0  5 1.00
479 480  0  5 1.00
479 481  0  5 1.00
479 573  0  5 1.00
479 574  0  5 1.00
479 575  0  5 1.00
480 481  0  5 1.00
480 482  0  5 1.00
480 483  0  5 1.00
481 482  0  5 1.00
481 483  0  5 1.00
482 483  0  5 1.00
482 484  0  5 1.00
483 484  0  5 1.00
483 485  0  5 1.00
483 514  0  5 1.00
483 515  0  5 1.00
483 516  0  5 1.00
483 517  0  5 1.00
484 485  0  5 1.00
484 486  0  5 1.00
484 497  0  5 1.00
484 498  0  5 1.00
484 499  0  5 1.00
484 514  0  5 1.00
484 515  0  5 1.00
484 516  0  5 1.00
485 486  0  5 1.00
485 487  0  5 1.00
485 497  0  5 1.00
485 512  0  5 1.00
485 513  0  5 1.00
485 514  0  5 1.00
486 487  0  5 1.00
486 488  0  5 1.00
486 495  0  5 1.00
486 496  0  5 1.00
486 497  0  5 1.00
486 498  0  5 1.00
486 499  0  5 1.00
486 512  0  5 1.00
486 513  0  5 1.00
487 488  0  5 1.00
487 489  0  5 1.00
487 495  0  5 1.00
487 496  0  5 1.00
487 510  0  5 1.00
487 511  0  5 1.00
487 512  0  5 1.00
487 513  0  5 1.00
488 489  0  5 1.00
488 490  0  5 1.00
488 492  0  5 1.00
488 493  0  5 1.00
488 494  0  5 1.00
488 495  0  5 1.00
488 509  0  5 1.00
488 510  0  5 1.00
488 511  0  5 1.00
488 512  0  5 1.00
489 490  0  5 1.00
489 491  0  5 1.00
489 492  0  5 1.00
489 493  0  5 1.00
489 494  0  5 1.00
489 509  0  5 1.00
489 510  0  5 1.00
490 491  0  5 1.00
490 492  0  5 1.00
490 494  0  5 1.00
490 509  0  5 1.00
490 510  0  5 1.00
490 552  0  5 1.00
490 553  0  5 1.00
491 492  0  5 1.00
491 493  0  5 1.00
491 537  0  5 1.00
491 553  0  5 1.00
492 493  0  5 1.00
492 494  0  5 1.00
492 536  0  5 1.00
492 537  0  5 1.00
492 552  0  5 1.00
492 553  0  5 1.00
493 494  0  5 1.00
493 495  0  5 1.00
493 536  0  5 1.00
493 537  0  5 1.00
493 584  0  5 1.00
493 585  0  5 1.00
494 495  0  5 1.00
494 496  0  5 1.00
494 504  0  5 1.00
494 505  0  5 1.00
494 506  0  5 1.00
494 583  0  5 1.00
494 584  0  5 1.00
494 585  0  5 1.00
495 496  0  5 1.00
495 497  0  5 1.00
495 504  0  5 1.00
495 505  0  5 1.00
495 506  0  5 1.00
496 497  0  5 1.00
496 498  0  5 1.00
496 502  0  5 1.00
496 503  0  5 1.00
496 504  0  5 1.00
497 498  0  5 1.00
497 499  0  5 1.00
497 502  0  5 1.00
497 503  0  5 1.00
497 504  0  5 1.00
498 499  0  5 1.00
498 500  0  5 1.00
498 502  0  5 1.00
499 500  0  5 1.00
499 501  0  5 1.00
499 502  0  5 1.00
499 503  0  5 1.00
500 501  0  5 1.00
500 502  0  5 1.00
500 503  0  5 1.00
501 502  0  5 1.00
501 503  0  5 1.00
502 503  0  5 1.00
502 504  0  5 1.00
503 504  0  5 1.00
503 505  0  5 1.00
504 505  0  5 1.00
504 506  0  5 1.00
505 506  0  5 1.00
505 507  0  5 1.00
505 581  0  5 1.00
505 582  0  5 1.00
505 583  0  5 1.00
505 584  0  5 1.00
506 507  0  5 1.00
506 508  0  5 1.00
506 581  0  5 1.00
506 582  0  5 1.00
506 583  0  5 1.00
506 584  0  5 1.00
507 508  0  5 1.00
507 509  0  5 1.00
507 582  0  5 1.00
507 583  0  5 1.00
508 509  0  5 1.00
508 510  0  5 1.00
509 510  0  5 1.00
509 511  0  5 1.00
510 511  0  5 1.00
510 512  0  5 1.00
511 512  0  5 1.00
511 513  0  5 1.00
512 513  0  5 1.00
512 514  0  5 1.00
513 514  0  5 1.00
513 515  0  5 1.00
514 515  0  5 1.00
514 516  0  5 1.00
515 516  0  5 1.00
515 517  0  5 1.00
516 517  0  5 1.00
516 518  0  5 1.00
516 519  0  5 1.00
516 573  0  5 1.00
517 518  0  5 1.00
517 519  0  5 1.00
518 519  0  5 1.00
518 520  0  5 1.00
518 542  0  5 1.00
518 543  0  5 1.00
518 544  0  5 1.00
518 571  0  5 1.00
519 520  0  5 1.00
519 521  0  5 1.00
519 542  0  5 1.00
519 543  0  5 1.00
519 544  0  5 1.00
519 567  0  5 1.00
519 568  0  5 1.00
520 521  0  5 1.00
520 522  0  5 1.00
520 542  0  5 1.00
520 543  0  5 1.00
520 544  0  5 1.00
520 565  0  5 1.00
520 566  0  5 1.00
520 567  0  5 1.00
521 522  0  5 1.00
521 523  0  5 1.00
521 540  0  5 1.00
521 541  0  5 1.00
521 542  0  5 1.00
521 565  0  5 1.00
521 566  0  5 1.00
521 567  0  5 1.00
522 523  0  5 1.00
522 524  0  5 1.00
522 540  0  5 1.00
522 541  0  5 1.00
522 563  0  5 1.00
522 564  0  5 1.00
522 565  0  5 1.00
523 524  0  5 1.00
523 525  0  5 1.00
523 538  0  5 1.00
523 539  0  5 1.00
523 540  0  5 1.00
523 541  0  5 1.00
523 563  0  5 1.00
523 564  0  5 1.00
524 525  0  5 1.00
524 526  0  5 1.00
524 538  0  5 1.00
524 539  0  5 1.00
524 540  0  5 1.00
524 561  0  5 1.00
524 562  0  5 1.00
524 563  0  5 1.00
525 526  0  5 1.00
525 527  0  5 1.00
525 535  0  5 1.00
525 536  0  5 1.00
525 537  0  5 1.00
525 538  0  5 1.00
525 539  0  5 1.00
525 561  0  5 1.00
525 562  0  5 1.00
526 527  0  5 1.00
526 528  0  5 1.00
526 535  0  5 1.00
526 536  0  5 1.00
526 537  0  5 1.00
526 559  0  5 1.00
526 560  0  5 1.00
526 561  0  5 1.00
527 528  0  5 1.00
527 529  0  5 1.00
527 533  0  5 1.00
527 534  0  5 1.00
527 535  0  5 1.00
527 558  0  5 1.00
527 559  0  5 1.00
527 560  0  5 1.00
527 561  0  5 1.00
528 529  0  5 1.00
528 530  0  5 1.00
528 533  0  5 1.00
528 534  0  5 1.00
528 556  0  5 1.00
528 557  0  5 1.00
528 558  0  5 1.00
528 559  0  5 1.00
529 530  0  5 1.00
529 531  0  5 1.00
529 532  0  5 1.00
529 533  0  5 1.00
529 534  0  5 1.00
529 535  0  5 1.00
529 556  0  5 1.00
529 557  0  5 1.00
530 531  0  5 1.00
530 532  0  5 1.00
530 556  0  5 1.00
530 557  0  5 1.00
531 532  0  5 1.00
531 533  0  5 1.00
532 533  0  5 1.00
532 534  0  5 1.00
533 534  0  5 1.00
533 535  0  5 1.00
534 535  0  5 1.00
534 536  0  5 1.00
535 536  0  5 1.00
535 537  0  5 1.00
535 585  0  5 1.00
535 586  0  5 1.00
536 537  0  5 1.00
536 538  0  5 1.00
536 585  0  5 1.00
536 586  0  5 1.00
537 538  0  5 1.00
537 539  0  5 1.00
537 551  0  5 1.00
537 552  0  5 1.00
537 553  0  5 1.00
537 554  0  5 1.00
538 539  0  5 1.00
538 540  0  5 1.00
538 551  0  5 1.00
538 552  0  5 1.00
538 553  0  5 1.00
539 540  0  5 1.00
539 541  0  5 1.00
539 549  0  5 1.00
539 550  0  5 1.00
539 551  0  5 1.00
540 541  0  5 1.00
540 542  0  5 1.00
540 549  0  5 1.00
540 550  0  5 1.00
541 542  0  5 1.00
541 543  0  5 1.00
541 547  0  5 1.00
541 548  0  5 1.00
541 549  0  5 1.00
541 550  0  5 1.00
542 543  0  5 1.00
542 544  0  5 1.00
542 547  0  5 1.00
542 548  0  5 1.00
543 544  0  5 1.00
543 545  0  5 1.00
543 546  0  5 1.00
543 547  0  5 1.00
544 545  0  5 1.00
544 546  0  5 1.00
545 546  0  5 1.00
545 547  0  5 1.00
546 547  0  5 1.00
546 548  0  5 1.00
547 548  0  5 1.00
547 549  0  5 1.00
548 549  0  5 1.00
548 550  0  5 1.00
549 550  0  5 1.00
549 551  0  5 1.00
550 551  0  5 1.00
550 552  0  5 1.00
551 552  0  5 1.00
551 553  0  5 1.00
552 553  0  5 1.00
552 554  0  5 1.00
553 554  0  5 1.00
553 555  0  5 1.00
553 556  0  5 1.00
554 555  0  5 1.00
554 556  0  5 1.00
554 557  0  5 1.00
555 556  0  5 1.00
555 557  0  5 1.00
556 557  0  5 1.00
556 558  0  5 1.00
557 558  0  5 1.00
557 559  0  5 1.00
558 559  0  5 1.00
558 560  0  5 1.00
559 560  0  5 1.00
559 561  0  5 1.00
560 561  0  5 1.00
560 562  0  5 1.00
561 562  0  5 1.00
561 563  0  5 1.00
562 563  0  5 1.00
562 564  0  5 1.00
563 564  0  5 1.00
563 565  0  5 1.00
564 565  0  5 1.00
564 566  0  5 1.00
565 566  0  5 1.00
565 567  0  5 1.00
566 567  0  5 1.00
566 568  0  5 1.00
567 568  0  5 1.00
567 569  0  5 1.00
568 569  0  5 1.00
568 570  0  5 1.00
568 571  0  5 1.00
569 570  0  5 1.00
569 571  0  5 1.00
570 571  0  5 1.00
570 572  0  5 1.00
571 572  0  5 1.00
571 573  0  5 1.00
572 573  0  5 1.00
572 574  0  5 1.00
572 591  0  5 1.00
572 592  0  5 1.00
573 574  0  5 1.00
573 575  0  5 1.00
573 591  0  5 1.00
573 592  0  5 1.00
574 575  0  5 1.00
574 576  0  5 1.00
574 591  0  5 1.00
574 592  0  5 1.00
575 576  0  5 1.00
575 577  0  5 1.00
575 589  0  5 1.00
575 590  0  5 1.00
575 591  0  5 1.00
576 577  0  5 1.00
576 578  0  5 1.00
576 589  0  5 1.00
576 591  0  5 1.00
577 578  0  5 1.00
577 579  0  5 1.00
577 587  0  5 1.00
577 588  0  5 1.00
577 589  0  5 1.00
578 579  0  5 1.00
578 580  0  5 1.00
578 587  0  5 1.00
578 588  0  5 1.00
579 580  0  5 1.00
579 581  0  5 1.00
579 584  0  5 1.00
579 585  0  5 1.00
579 586  0  5 1.00
579 587  0  5 1.00
579 588  0  5 1.00
580 581  0  5 1.00
580 582  0  5 1.00
580 584  0  5 1.00
580 585  0  5 1.00
580 586  0  5 1.00
581 582  0  5 1.00
581 583  0  5 1.00
581 584  0  5 1.00
582 583  0  5 1.00
582 584  0  5 1.00
583 584  0  5 1.00
583 585  0  5 1.00
584 585  0  5 1.00
584 586  0  5 1.00
585 586  0  5 1.00
585 587  0  5 1.00
586 587  0  5 1.00
586 588  0  5 1.00
587 588  0  5 1.00
587 589  0  5 1.00
588 589  0  5 1.00
588 590  0  5 1.00
589 590  0  5 1.00
589 591  0  5 1.00
590 591  0  5 1.00
590 592  0  5 1.00
591 592  0  5 1.00
591 593  0  5 1.00
592 593  0  5 1.00
END
HELX_P HELX_P1  1  ALA A 227 ? LEU A 231 ? ALA A 350 LEU A 354 5 ? 5 
HELX_P HELX_P2  2  ASP A 246 ? ILE A 250 ? ASP A 369 ILE A 373 5 ? 5 
HELX_P HELX_P3  3  HIS A 329 ? GLY A 334 ? HIS A 452 GLY A 457 5 ? 6 
HELX_P HELX_P4  4  GLN A 367 ? GLN A 370 ? GLN A 490 GLN A 493 5 ? 4 
HELX_P HELX_P5  5  ASN A 404 ? GLN A 407 ? ASN A 527 GLN A 530 5 ? 4 
HELX_P HELX_P6  6  ALA A 499 ? LEU A 503 ? ALA A 622 LEU A 626 5 ? 5 