3u4q 1232
 10  11  0  5 1.00
 10  12  0  5 1.00
 11  12  0  5 1.00
 11  13  0  5 1.00
 12  13  0  5 1.00
 12  14  0  5 1.00
 12  15  0  5 1.00
 12  16  0  5 1.00
 12  17  0  5 1.00
 13  14  0  5 1.00
 13  15  0  5 1.00
 13  16  0  5 1.00
 13  17  0  5 1.00
 14  15  0  5 1.00
 14  16  0  5 1.00
 14  17  0  5 1.00
 14  18  0  5 1.00
 14 473  0  5 1.00
 15  16  0  5 1.00
 15  17  0  5 1.00
 15  18  0  5 1.00
 15  19  0  5 1.00
 15  20  0  5 1.00
 16  17  0  5 1.00
 16  18  0  5 1.00
 16  19  0  5 1.00
 16  20  0  5 1.00
 16  21  0  5 1.00
 17  18  0  5 1.00
 17  19  0  5 1.00
 17  20  0  5 1.00
 17  21  0  5 1.00
 18  19  0  5 1.00
 18  20  0  5 1.00
 18  21  0  5 1.00
 19  20  0  5 1.00
 19  21  0  5 1.00
 19  39  0  5 1.00
 19  43  0  5 1.00
 20  21  0  5 1.00
 20  22  0  5 1.00
 21  22  0  5 1.00
 21  23  0  5 1.00
 22  23  0  5 1.00
 22  24  0  5 1.00
 23  24  0  5 1.00
 23  25  0  5 1.00
 23 429  0  5 1.00
 23 430  0  5 1.00
 23 431  0  5 1.00
 24  25  0  5 1.00
 24  26  0  5 1.00
 24 428  0  5 1.00
 24 429  0  5 1.00
 24 430  0  5 1.00
 24 431  0  5 1.00
 24 433  0  5 1.00
 25  26  0  5 1.00
 25  27  0  5 1.00
 25 428  0  5 1.00
 25 429  0  5 1.00
 25 430  0  5 1.00
 25 431  0  5 1.00
 25 433  0  5 1.00
 25 468  0  5 1.00
 25 469  0  5 1.00
 25 470  0  5 1.00
 26  27  0  5 1.00
 26  28  0  5 1.00
 26 433  0  5 1.00
 26 434  0  5 1.00
 26 435  0  5 1.00
 26 470  0  5 1.00
 27  28  0  5 1.00
 27  29  0  5 1.00
 27 435  0  5 1.00
 27 470  0  5 1.00
 27 471  0  5 1.00
 27 472  0  5 1.00
 28  29  0  5 1.00
 28  30  0  5 1.00
 28 435  0  5 1.00
 28 436  0  5 1.00
 28 437  0  5 1.00
 28 472  0  5 1.00
 29  30  0  5 1.00
 29  31  0  5 1.00
 29 437  0  5 1.00
 29 472  0  5 1.00
 29 473  0  5 1.00
 29 474  0  5 1.00
 30  31  0  5 1.00
 30  32  0  5 1.00
 30 437  0  5 1.00
 30 438  0  5 1.00
 30 474  0  5 1.00
 31  32  0  5 1.00
 31  33  0  5 1.00
 31  34  0  5 1.00
 31 474  0  5 1.00
 32  33  0  5 1.00
 32  34  0  5 1.00
 32 476  0  5 1.00
 32 477  0  5 1.00
 33  34  0  5 1.00
 33  35  0  5 1.00
 33 476  0  5 1.00
 33 477  0  5 1.00
 33 478  0  5 1.00
 33 479  0  5 1.00
 34  35  0  5 1.00
 34  36  0  5 1.00
 34 476  0  5 1.00
 35  36  0  5 1.00
 35  37  0  5 1.00
 35  38  0  5 1.00
 35  39  0  5 1.00
 36  37  0  5 1.00
 36  38  0  5 1.00
 36  39  0  5 1.00
 36  40  0  5 1.00
 36  41  0  5 1.00
 37  38  0  5 1.00
 37  39  0  5 1.00
 37  40  0  5 1.00
 37  41  0  5 1.00
 38  39  0  5 1.00
 38  40  0  5 1.00
 38  41  0  5 1.00
 38  42  0  5 1.00
 39  40  0  5 1.00
 39  41  0  5 1.00
 39  42  0  5 1.00
 39  43  0  5 1.00
 40  41  0  5 1.00
 40  42  0  5 1.00
 40  43  0  5 1.00
 40  44  0  5 1.00
 41  42  0  5 1.00
 41  43  0  5 1.00
 41  44  0  5 1.00
 41  45  0  5 1.00
 42  43  0  5 1.00
 42  44  0  5 1.00
 42  45  0  5 1.00
 42  46  0  5 1.00
 43  44  0  5 1.00
 43  45  0  5 1.00
 43  46  0  5 1.00
 43  47  0  5 1.00
 44  45  0  5 1.00
 44  46  0  5 1.00
 44  47  0  5 1.00
 44  48  0  5 1.00
 44  49  0  5 1.00
 45  46  0  5 1.00
 45  47  0  5 1.00
 45  48  0  5 1.00
 45  49  0  5 1.00
 45  50  0  5 1.00
 46  47  0  5 1.00
 46  48  0  5 1.00
 46  49  0  5 1.00
 46  50  0  5 1.00
 47  48  0  5 1.00
 47  49  0  5 1.00
 47  50  0  5 1.00
 47  53  0  5 1.00
 47  54  0  5 1.00
 47  55  0  5 1.00
 48  49  0  5 1.00
 48  50  0  5 1.00
 48  54  0  5 1.00
 48  55  0  5 1.00
 49  50  0  5 1.00
 49  51  0  5 1.00
 50  51  0  5 1.00
 50  52  0  5 1.00
 50  53  0  5 1.00
 50  54  0  5 1.00
 51  52  0  5 1.00
 51  53  0  5 1.00
 51  54  0  5 1.00
 52  53  0  5 1.00
 52  54  0  5 1.00
 53  54  0  5 1.00
 53  55  0  5 1.00
 54  55  0  5 1.00
 54  56  0  5 1.00
 55  56  0  5 1.00
 55  57  0  5 1.00
 56  57  0  5 1.00
 56  58  0  5 1.00
 56  59  0  5 1.00
 56  60  0  5 1.00
 57  58  0  5 1.00
 57  59  0  5 1.00
 57  60  0  5 1.00
 57 104  0  5 1.00
 57 105  0  5 1.00
 58  59  0  5 1.00
 58  60  0  5 1.00
 58 104  0  5 1.00
 58 400  0  5 1.00
 59  60  0  5 1.00
 59  61  0  5 1.00
 59 400  0  5 1.00
 59 401  0  5 1.00
 59 402  0  5 1.00
 59 403  0  5 1.00
 60  61  0  5 1.00
 60  62  0  5 1.00
 60 105  0  5 1.00
 60 400  0  5 1.00
 60 401  0  5 1.00
 60 402  0  5 1.00
 60 403  0  5 1.00
 61  62  0  5 1.00
 61  63  0  5 1.00
 61 105  0  5 1.00
 61 403  0  5 1.00
 61 404  0  5 1.00
 61 405  0  5 1.00
 62  63  0  5 1.00
 62  64  0  5 1.00
 62 105  0  5 1.00
 62 106  0  5 1.00
 62 107  0  5 1.00
 62 405  0  5 1.00
 63  64  0  5 1.00
 63  65  0  5 1.00
 63 107  0  5 1.00
 63 405  0  5 1.00
 63 406  0  5 1.00
 63 407  0  5 1.00
 64  65  0  5 1.00
 64  66  0  5 1.00
 64 107  0  5 1.00
 64 108  0  5 1.00
 64 109  0  5 1.00
 65  66  0  5 1.00
 65  67  0  5 1.00
 66  67  0  5 1.00
 66  68  0  5 1.00
 66  69  0  5 1.00
 66  70  0  5 1.00
 67  68  0  5 1.00
 67  69  0  5 1.00
 67  70  0  5 1.00
 67  71  0  5 1.00
 67  72  0  5 1.00
 68  69  0  5 1.00
 68  70  0  5 1.00
 68  71  0  5 1.00
 68  72  0  5 1.00
 68  73  0  5 1.00
 69  70  0  5 1.00
 69  71  0  5 1.00
 69  72  0  5 1.00
 69  73  0  5 1.00
 70  71  0  5 1.00
 70  72  0  5 1.00
 70  73  0  5 1.00
 70  74  0  5 1.00
 70 106  0  5 1.00
 71  72  0  5 1.00
 71  73  0  5 1.00
 71  74  0  5 1.00
 71  75  0  5 1.00
 72  73  0  5 1.00
 72  74  0  5 1.00
 72  75  0  5 1.00
 72  76  0  5 1.00
 73  74  0  5 1.00
 73  75  0  5 1.00
 73  76  0  5 1.00
 73  77  0  5 1.00
 74  75  0  5 1.00
 74  76  0  5 1.00
 74  77  0  5 1.00
 74  78  0  5 1.00
 75  76  0  5 1.00
 75  77  0  5 1.00
 75  78  0  5 1.00
 75  79  0  5 1.00
 76  77  0  5 1.00
 76  78  0  5 1.00
 76  79  0  5 1.00
 76  80  0  5 1.00
 76  81  0  5 1.00
 77  78  0  5 1.00
 77  79  0  5 1.00
 77  80  0  5 1.00
 77  81  0  5 1.00
 78  79  0  5 1.00
 78  80  0  5 1.00
 78  81  0  5 1.00
 78  82  0  5 1.00
 78  83  0  5 1.00
 79  80  0  5 1.00
 79  81  0  5 1.00
 79  82  0  5 1.00
 79  83  0  5 1.00
 80  81  0  5 1.00
 80  82  0  5 1.00
 80  83  0  5 1.00
 80  84  0  5 1.00
 80  85  0  5 1.00
 81  82  0  5 1.00
 81  83  0  5 1.00
 81  84  0  5 1.00
 81  85  0  5 1.00
 82  83  0  5 1.00
 82  84  0  5 1.00
 82  85  0  5 1.00
 82  86  0  5 1.00
 82  87  0  5 1.00
 83  84  0  5 1.00
 83  85  0  5 1.00
 83  86  0  5 1.00
 83  87  0  5 1.00
 84  85  0  5 1.00
 84  86  0  5 1.00
 84  87  0  5 1.00
 84  88  0  5 1.00
 85  86  0  5 1.00
 85  87  0  5 1.00
 85  88  0  5 1.00
 85  89  0  5 1.00
 86  87  0  5 1.00
 86  88  0  5 1.00
 86  89  0  5 1.00
 87  88  0  5 1.00
 87  89  0  5 1.00
 88  89  0  5 1.00
 88  90  0  5 1.00
 88  91  0  5 1.00
 89  90  0  5 1.00
 89  91  0  5 1.00
 90  91  0  5 1.00
 90  92  0  5 1.00
 91  92  0  5 1.00
 91  93  0  5 1.00
 91  94  0  5 1.00
 91  95  0  5 1.00
 92  93  0  5 1.00
 92  94  0  5 1.00
 92  95  0  5 1.00
 92  96  0  5 1.00
 93  94  0  5 1.00
 93  95  0  5 1.00
 93  96  0  5 1.00
 93  97  0  5 1.00
 94  95  0  5 1.00
 94  96  0  5 1.00
 94  97  0  5 1.00
 94  98  0  5 1.00
 95  96  0  5 1.00
 95  97  0  5 1.00
 95  98  0  5 1.00
 95  99  0  5 1.00
 96  97  0  5 1.00
 96  98  0  5 1.00
 96  99  0  5 1.00
 96 100  0  5 1.00
 97  98  0  5 1.00
 97  99  0  5 1.00
 97 100  0  5 1.00
 97 101  0  5 1.00
 98  99  0  5 1.00
 98 100  0  5 1.00
 98 101  0  5 1.00
 99 100  0  5 1.00
 99 101  0  5 1.00
 99 102  0  5 1.00
 99 103  0  5 1.00
100 101  0  5 1.00
100 102  0  5 1.00
100 103  0  5 1.00
100 104  0  5 1.00
101 102  0  5 1.00
101 103  0  5 1.00
101 104  0  5 1.00
102 103  0  5 1.00
102 104  0  5 1.00
103 104  0  5 1.00
103 105  0  5 1.00
104 105  0  5 1.00
104 106  0  5 1.00
105 106  0  5 1.00
105 107  0  5 1.00
106 107  0  5 1.00
106 108  0  5 1.00
107 108  0  5 1.00
107 109  0  5 1.00
108 109  0  5 1.00
108 110  0  5 1.00
108 111  0  5 1.00
108 112  0  5 1.00
109 110  0  5 1.00
109 111  0  5 1.00
109 112  0  5 1.00
109 113  0  5 1.00
109 114  0  5 1.00
110 111  0  5 1.00
110 112  0  5 1.00
110 113  0  5 1.00
110 114  0  5 1.00
111 112  0  5 1.00
111 113  0  5 1.00
111 114  0  5 1.00
111 115  0  5 1.00
112 113  0  5 1.00
112 114  0  5 1.00
112 115  0  5 1.00
112 116  0  5 1.00
113 114  0  5 1.00
113 115  0  5 1.00
113 116  0  5 1.00
113 117  0  5 1.00
113 118  0  5 1.00
113 371  0  5 1.00
114 115  0  5 1.00
114 116  0  5 1.00
114 117  0  5 1.00
114 118  0  5 1.00
114 119  0  5 1.00
115 116  0  5 1.00
115 117  0  5 1.00
115 118  0  5 1.00
115 119  0  5 1.00
116 117  0  5 1.00
116 118  0  5 1.00
116 119  0  5 1.00
116 120  0  5 1.00
116 121  0  5 1.00
117 118  0  5 1.00
117 119  0  5 1.00
117 120  0  5 1.00
117 121  0  5 1.00
118 119  0  5 1.00
118 120  0  5 1.00
118 121  0  5 1.00
119 120  0  5 1.00
119 121  0  5 1.00
120 121  0  5 1.00
120 122  0  5 1.00
120 123  0  5 1.00
120 124  0  5 1.00
121 122  0  5 1.00
121 123  0  5 1.00
121 124  0  5 1.00
121 125  0  5 1.00
121 126  0  5 1.00
122 123  0  5 1.00
122 124  0  5 1.00
123 124  0  5 1.00
123 125  0  5 1.00
124 125  0  5 1.00
124 126  0  5 1.00
125 126  0  5 1.00
125 127  0  5 1.00
126 127  0  5 1.00
126 128  0  5 1.00
127 128  0  5 1.00
127 129  0  5 1.00
127 130  0  5 1.00
128 129  0  5 1.00
128 130  0  5 1.00
129 130  0  5 1.00
129 131  0  5 1.00
130 131  0  5 1.00
130 132  0  5 1.00
130 364  0  5 1.00
131 132  0  5 1.00
131 133  0  5 1.00
131 364  0  5 1.00
131 365  0  5 1.00
131 366  0  5 1.00
132 133  0  5 1.00
132 134  0  5 1.00
132 366  0  5 1.00
133 134  0  5 1.00
133 135  0  5 1.00
133 366  0  5 1.00
133 367  0  5 1.00
134 135  0  5 1.00
134 136  0  5 1.00
134 137  0  5 1.00
134 138  0  5 1.00
135 136  0  5 1.00
135 137  0  5 1.00
135 138  0  5 1.00
135 139  0  5 1.00
136 137  0  5 1.00
136 138  0  5 1.00
136 139  0  5 1.00
136 140  0  5 1.00
137 138  0  5 1.00
137 139  0  5 1.00
137 140  0  5 1.00
137 141  0  5 1.00
137 142  0  5 1.00
138 139  0  5 1.00
138 140  0  5 1.00
138 141  0  5 1.00
138 142  0  5 1.00
139 140  0  5 1.00
139 141  0  5 1.00
139 142  0  5 1.00
139 143  0  5 1.00
139 144  0  5 1.00
140 141  0  5 1.00
140 142  0  5 1.00
140 143  0  5 1.00
140 144  0  5 1.00
141 142  0  5 1.00
141 143  0  5 1.00
141 144  0  5 1.00
141 145  0  5 1.00
141 146  0  5 1.00
142 143  0  5 1.00
142 144  0  5 1.00
142 145  0  5 1.00
142 146  0  5 1.00
142 147  0  5 1.00
143 144  0  5 1.00
143 145  0  5 1.00
143 146  0  5 1.00
143 147  0  5 1.00
144 145  0  5 1.00
144 146  0  5 1.00
144 147  0  5 1.00
144 148  0  5 1.00
145 146  0  5 1.00
145 147  0  5 1.00
145 148  0  5 1.00
145 149  0  5 1.00
146 147  0  5 1.00
146 148  0  5 1.00
146 149  0  5 1.00
146 150  0  5 1.00
146 151  0  5 1.00
147 148  0  5 1.00
147 149  0  5 1.00
147 150  0  5 1.00
147 151  0  5 1.00
147 152  0  5 1.00
148 149  0  5 1.00
148 150  0  5 1.00
148 151  0  5 1.00
148 152  0  5 1.00
149 150  0  5 1.00
149 151  0  5 1.00
149 152  0  5 1.00
149 153  0  5 1.00
150 151  0  5 1.00
150 152  0  5 1.00
150 153  0  5 1.00
150 154  0  5 1.00
150 155  0  5 1.00
151 152  0  5 1.00
151 153  0  5 1.00
151 154  0  5 1.00
151 155  0  5 1.00
151 156  0  5 1.00
152 153  0  5 1.00
152 154  0  5 1.00
152 155  0  5 1.00
152 156  0  5 1.00
153 154  0  5 1.00
153 155  0  5 1.00
153 156  0  5 1.00
153 157  0  5 1.00
153 158  0  5 1.00
154 155  0  5 1.00
154 156  0  5 1.00
154 157  0  5 1.00
155 156  0  5 1.00
155 157  0  5 1.00
156 157  0  5 1.00
156 158  0  5 1.00
157 158  0  5 1.00
157 159  0  5 1.00
158 159  0  5 1.00
158 160  0  5 1.00
158 161  0  5 1.00
158 162  0  5 1.00
159 160  0  5 1.00
159 161  0  5 1.00
159 162  0  5 1.00
159 163  0  5 1.00
160 161  0  5 1.00
160 162  0  5 1.00
160 163  0  5 1.00
160 164  0  5 1.00
161 162  0  5 1.00
161 163  0  5 1.00
161 164  0  5 1.00
161 165  0  5 1.00
162 163  0  5 1.00
162 164  0  5 1.00
162 165  0  5 1.00
162 166  0  5 1.00
162 167  0  5 1.00
163 164  0  5 1.00
163 165  0  5 1.00
163 166  0  5 1.00
163 167  0  5 1.00
164 165  0  5 1.00
164 166  0  5 1.00
164 167  0  5 1.00
164 168  0  5 1.00
164 169  0  5 1.00
165 166  0  5 1.00
165 167  0  5 1.00
165 168  0  5 1.00
165 169  0  5 1.00
166 167  0  5 1.00
166 168  0  5 1.00
166 169  0  5 1.00
167 168  0  5 1.00
167 169  0  5 1.00
168 169  0  5 1.00
168 170  0  5 1.00
168 176  0  5 1.00
168 177  0  5 1.00
169 170  0  5 1.00
169 171  0  5 1.00
169 173  0  5 1.00
169 174  0  5 1.00
169 177  0  5 1.00
170 171  0  5 1.00
170 172  0  5 1.00
170 173  0  5 1.00
170 174  0  5 1.00
171 172  0  5 1.00
171 173  0  5 1.00
172 173  0  5 1.00
172 174  0  5 1.00
173 174  0  5 1.00
173 175  0  5 1.00
174 175  0  5 1.00
174 176  0  5 1.00
174 177  0  5 1.00
174 178  0  5 1.00
175 176  0  5 1.00
175 177  0  5 1.00
175 178  0  5 1.00
175 179  0  5 1.00
176 177  0  5 1.00
176 178  0  5 1.00
176 179  0  5 1.00
176 180  0  5 1.00
177 178  0  5 1.00
177 179  0  5 1.00
177 180  0  5 1.00
177 181  0  5 1.00
178 179  0  5 1.00
178 180  0  5 1.00
178 181  0  5 1.00
178 182  0  5 1.00
179 180  0  5 1.00
179 181  0  5 1.00
179 182  0  5 1.00
179 183  0  5 1.00
179 184  0  5 1.00
180 181  0  5 1.00
180 182  0  5 1.00
180 183  0  5 1.00
180 184  0  5 1.00
180 185  0  5 1.00
181 182  0  5 1.00
181 183  0  5 1.00
181 184  0  5 1.00
181 185  0  5 1.00
181 186  0  5 1.00
182 183  0  5 1.00
182 184  0  5 1.00
182 185  0  5 1.00
182 186  0  5 1.00
182 187  0  5 1.00
183 184  0  5 1.00
183 185  0  5 1.00
183 186  0  5 1.00
183 187  0  5 1.00
184 185  0  5 1.00
184 186  0  5 1.00
184 187  0  5 1.00
184 188  0  5 1.00
185 186  0  5 1.00
185 187  0  5 1.00
185 188  0  5 1.00
185 189  0  5 1.00
186 187  0  5 1.00
186 188  0  5 1.00
186 189  0  5 1.00
186 190  0  5 1.00
187 188  0  5 1.00
187 189  0  5 1.00
187 190  0  5 1.00
187 191  0  5 1.00
188 189  0  5 1.00
188 190  0  5 1.00
188 191  0  5 1.00
188 194  0  5 1.00
189 190  0  5 1.00
189 191  0  5 1.00
190 191  0  5 1.00
190 192  0  5 1.00
190 414  0  5 1.00
190 415  0  5 1.00
191 192  0  5 1.00
191 193  0  5 1.00
191 194  0  5 1.00
192 193  0  5 1.00
192 194  0  5 1.00
192 415  0  5 1.00
193 194  0  5 1.00
193 195  0  5 1.00
193 196  0  5 1.00
193 197  0  5 1.00
194 195  0  5 1.00
194 196  0  5 1.00
194 197  0  5 1.00
194 198  0  5 1.00
195 196  0  5 1.00
195 197  0  5 1.00
195 198  0  5 1.00
195 199  0  5 1.00
195 200  0  5 1.00
196 197  0  5 1.00
196 198  0  5 1.00
196 199  0  5 1.00
196 200  0  5 1.00
197 198  0  5 1.00
197 199  0  5 1.00
197 200  0  5 1.00
197 201  0  5 1.00
198 199  0  5 1.00
198 200  0  5 1.00
198 201  0  5 1.00
198 202  0  5 1.00
199 200  0  5 1.00
199 201  0  5 1.00
199 202  0  5 1.00
199 203  0  5 1.00
200 201  0  5 1.00
200 202  0  5 1.00
200 203  0  5 1.00
200 204  0  5 1.00
201 202  0  5 1.00
201 203  0  5 1.00
201 204  0  5 1.00
201 205  0  5 1.00
202 203  0  5 1.00
202 204  0  5 1.00
202 205  0  5 1.00
202 206  0  5 1.00
203 204  0  5 1.00
203 205  0  5 1.00
203 206  0  5 1.00
204 205  0  5 1.00
204 206  0  5 1.00
204 207  0  5 1.00
205 206  0  5 1.00
205 207  0  5 1.00
205 335  0  5 1.00
205 336  0  5 1.00
205 339  0  5 1.00
206 207  0  5 1.00
206 208  0  5 1.00
207 208  0  5 1.00
207 209  0  5 1.00
207 336  0  5 1.00
208 209  0  5 1.00
208 210  0  5 1.00
208 211  0  5 1.00
209 210  0  5 1.00
209 211  0  5 1.00
210 211  0  5 1.00
210 212  0  5 1.00
211 212  0  5 1.00
211 213  0  5 1.00
212 213  0  5 1.00
212 214  0  5 1.00
212 215  0  5 1.00
212 216  0  5 1.00
213 214  0  5 1.00
213 215  0  5 1.00
213 216  0  5 1.00
213 219  0  5 1.00
214 215  0  5 1.00
214 216  0  5 1.00
215 216  0  5 1.00
215 217  0  5 1.00
216 217  0  5 1.00
216 218  0  5 1.00
216 219  0  5 1.00
216 220  0  5 1.00
217 218  0  5 1.00
217 219  0  5 1.00
217 220  0  5 1.00
217 221  0  5 1.00
218 219  0  5 1.00
218 220  0  5 1.00
218 221  0  5 1.00
218 222  0  5 1.00
218 850  0  5 1.00
219 220  0  5 1.00
219 221  0  5 1.00
219 222  0  5 1.00
219 223  0  5 1.00
219 224  0  5 1.00
220 221  0  5 1.00
220 222  0  5 1.00
220 223  0  5 1.00
220 224  0  5 1.00
221 222  0  5 1.00
221 223  0  5 1.00
221 224  0  5 1.00
221 225  0  5 1.00
222 223  0  5 1.00
222 224  0  5 1.00
222 225  0  5 1.00
222 226  0  5 1.00
222 227  0  5 1.00
223 224  0  5 1.00
223 225  0  5 1.00
223 226  0  5 1.00
223 227  0  5 1.00
224 225  0  5 1.00
224 226  0  5 1.00
224 227  0  5 1.00
224 228  0  5 1.00
225 226  0  5 1.00
225 227  0  5 1.00
225 228  0  5 1.00
225 229  0  5 1.00
225 230  0  5 1.00
226 227  0  5 1.00
226 228  0  5 1.00
226 229  0  5 1.00
226 230  0  5 1.00
226 231  0  5 1.00
227 228  0  5 1.00
227 229  0  5 1.00
227 230  0  5 1.00
227 231  0  5 1.00
227 232  0  5 1.00
228 229  0  5 1.00
228 230  0  5 1.00
228 231  0  5 1.00
228 232  0  5 1.00
228 233  0  5 1.00
229 230  0  5 1.00
229 231  0  5 1.00
229 232  0  5 1.00
229 233  0  5 1.00
229 234  0  5 1.00
230 231  0  5 1.00
230 232  0  5 1.00
230 233  0  5 1.00
230 234  0  5 1.00
231 232  0  5 1.00
231 233  0  5 1.00
231 234  0  5 1.00
231 235  0  5 1.00
231 236  0  5 1.00
232 233  0  5 1.00
232 234  0  5 1.00
232 235  0  5 1.00
232 236  0  5 1.00
232 237  0  5 1.00
233 234  0  5 1.00
233 235  0  5 1.00
233 236  0  5 1.00
233 237  0  5 1.00
233 238  0  5 1.00
233 312  0  5 1.00
234 235  0  5 1.00
234 236  0  5 1.00
234 237  0  5 1.00
234 238  0  5 1.00
234 239  0  5 1.00
235 236  0  5 1.00
235 237  0  5 1.00
235 238  0  5 1.00
235 239  0  5 1.00
236 237  0  5 1.00
236 238  0  5 1.00
236 239  0  5 1.00
236 240  0  5 1.00
236 308  0  5 1.00
237 238  0  5 1.00
237 239  0  5 1.00
237 240  0  5 1.00
237 241  0  5 1.00
237 308  0  5 1.00
238 239  0  5 1.00
238 240  0  5 1.00
238 241  0  5 1.00
238 242  0  5 1.00
239 240  0  5 1.00
239 241  0  5 1.00
239 242  0  5 1.00
239 243  0  5 1.00
240 241  0  5 1.00
240 242  0  5 1.00
240 243  0  5 1.00
240 244  0  5 1.00
241 242  0  5 1.00
241 243  0  5 1.00
241 244  0  5 1.00
242 243  0  5 1.00
242 244  0  5 1.00
243 244  0  5 1.00
255 256  0  5 1.00
255 257  0  5 1.00
255 258  0  5 1.00
255 259  0  5 1.00
256 257  0  5 1.00
256 258  0  5 1.00
256 259  0  5 1.00
256 260  0  5 1.00
257 258  0  5 1.00
257 259  0  5 1.00
257 260  0  5 1.00
257 261  0  5 1.00
257 262  0  5 1.00
258 259  0  5 1.00
258 260  0  5 1.00
258 261  0  5 1.00
258 262  0  5 1.00
258 263  0  5 1.00
259 260  0  5 1.00
259 261  0  5 1.00
259 262  0  5 1.00
259 263  0  5 1.00
260 261  0  5 1.00
260 262  0  5 1.00
260 263  0  5 1.00
260 264  0  5 1.00
261 262  0  5 1.00
261 263  0  5 1.00
261 264  0  5 1.00
261 265  0  5 1.00
261 266  0  5 1.00
262 263  0  5 1.00
262 264  0  5 1.00
262 265  0  5 1.00
262 266  0  5 1.00
263 264  0  5 1.00
263 265  0  5 1.00
263 266  0  5 1.00
263 267  0  5 1.00
264 265  0  5 1.00
264 266  0  5 1.00
264 267  0  5 1.00
264 268  0  5 1.00
265 266  0  5 1.00
265 267  0  5 1.00
265 268  0  5 1.00
265 269  0  5 1.00
266 267  0  5 1.00
266 268  0  5 1.00
266 269  0  5 1.00
266 270  0  5 1.00
267 268  0  5 1.00
267 269  0  5 1.00
267 270  0  5 1.00
267 271  0  5 1.00
268 269  0  5 1.00
268 270  0  5 1.00
268 271  0  5 1.00
269 270  0  5 1.00
269 271  0  5 1.00
269 272  0  5 1.00
270 271  0  5 1.00
270 272  0  5 1.00
270 273  0  5 1.00
270 274  0  5 1.00
271 272  0  5 1.00
271 273  0  5 1.00
271 274  0  5 1.00
272 273  0  5 1.00
272 274  0  5 1.00
273 274  0  5 1.00
273 275  0  5 1.00
273 276  0  5 1.00
273 277  0  5 1.00
274 275  0  5 1.00
274 276  0  5 1.00
274 277  0  5 1.00
274 278  0  5 1.00
275 276  0  5 1.00
275 277  0  5 1.00
275 278  0  5 1.00
275 279  0  5 1.00
276 277  0  5 1.00
276 278  0  5 1.00
276 279  0  5 1.00
276 280  0  5 1.00
276 281  0  5 1.00
277 278  0  5 1.00
277 279  0  5 1.00
277 280  0  5 1.00
277 281  0  5 1.00
277 282  0  5 1.00
278 279  0  5 1.00
278 280  0  5 1.00
278 281  0  5 1.00
278 282  0  5 1.00
279 280  0  5 1.00
279 281  0  5 1.00
279 282  0  5 1.00
279 283  0  5 1.00
280 281  0  5 1.00
280 282  0  5 1.00
280 283  0  5 1.00
280 284  0  5 1.00
280 285  0  5 1.00
281 282  0  5 1.00
281 283  0  5 1.00
281 284  0  5 1.00
281 285  0  5 1.00
282 283  0  5 1.00
282 284  0  5 1.00
282 285  0  5 1.00
283 284  0  5 1.00
283 285  0  5 1.00
284 285  0  5 1.00
298 299  0  5 1.00
298 300  0  5 1.00
298 301  0  5 1.00
298 302  0  5 1.00
298 303  0  5 1.00
299 300  0  5 1.00
299 301  0  5 1.00
299 302  0  5 1.00
299 303  0  5 1.00
299 304  0  5 1.00
300 301  0  5 1.00
300 302  0  5 1.00
300 303  0  5 1.00
300 304  0  5 1.00
300 305  0  5 1.00
301 302  0  5 1.00
301 303  0  5 1.00
301 304  0  5 1.00
301 305  0  5 1.00
302 303  0  5 1.00
302 304  0  5 1.00
302 305  0  5 1.00
302 306  0  5 1.00
303 304  0  5 1.00
303 305  0  5 1.00
303 306  0  5 1.00
303 307  0  5 1.00
304 305  0  5 1.00
304 306  0  5 1.00
304 307  0  5 1.00
304 308  0  5 1.00
305 306  0  5 1.00
305 307  0  5 1.00
305 308  0  5 1.00
305 309  0  5 1.00
306 307  0  5 1.00
306 308  0  5 1.00
306 309  0  5 1.00
306 310  0  5 1.00
307 308  0  5 1.00
307 309  0  5 1.00
307 310  0  5 1.00
307 311  0  5 1.00
308 309  0  5 1.00
308 310  0  5 1.00
308 311  0  5 1.00
308 312  0  5 1.00
309 310  0  5 1.00
309 311  0  5 1.00
309 312  0  5 1.00
309 313  0  5 1.00
310 311  0  5 1.00
310 312  0  5 1.00
310 313  0  5 1.00
310 314  0  5 1.00
310 315  0  5 1.00
311 312  0  5 1.00
311 313  0  5 1.00
311 314  0  5 1.00
311 315  0  5 1.00
311 316  0  5 1.00
312 313  0  5 1.00
312 314  0  5 1.00
312 315  0  5 1.00
312 316  0  5 1.00
312 317  0  5 1.00
313 314  0  5 1.00
313 315  0  5 1.00
313 316  0  5 1.00
313 317  0  5 1.00
313 318  0  5 1.00
314 315  0  5 1.00
314 316  0  5 1.00
314 317  0  5 1.00
314 318  0  5 1.00
314 319  0  5 1.00
315 316  0  5 1.00
315 317  0  5 1.00
315 318  0  5 1.00
315 319  0  5 1.00
316 317  0  5 1.00
316 318  0  5 1.00
316 319  0  5 1.00
316 320  0  5 1.00
317 318  0  5 1.00
317 319  0  5 1.00
317 320  0  5 1.00
317 321  0  5 1.00
317 322  0  5 1.00
318 319  0  5 1.00
318 320  0  5 1.00
318 321  0  5 1.00
318 322  0  5 1.00
319 320  0  5 1.00
319 321  0  5 1.00
319 322  0  5 1.00
319 323  0  5 1.00
319 324  0  5 1.00
320 321  0  5 1.00
320 322  0  5 1.00
320 323  0  5 1.00
320 324  0  5 1.00
320 325  0  5 1.00
321 322  0  5 1.00
321 323  0  5 1.00
321 324  0  5 1.00
321 325  0  5 1.00
322 323  0  5 1.00
322 324  0  5 1.00
323 324  0  5 1.00
323 325  0  5 1.00
323 326  0  5 1.00
324 325  0  5 1.00
324 326  0  5 1.00
325 326  0  5 1.00
325 327  0  5 1.00
326 327  0  5 1.00
326 328  0  5 1.00
327 328  0  5 1.00
327 329  0  5 1.00
327 330  0  5 1.00
327 331  0  5 1.00
327 332  0  5 1.00
328 329  0  5 1.00
328 330  0  5 1.00
328 331  0  5 1.00
328 332  0  5 1.00
329 330  0  5 1.00
329 331  0  5 1.00
329 332  0  5 1.00
329 333  0  5 1.00
330 331  0  5 1.00
330 332  0  5 1.00
330 333  0  5 1.00
330 334  0  5 1.00
331 332  0  5 1.00
331 333  0  5 1.00
331 334  0  5 1.00
331 335  0  5 1.00
332 333  0  5 1.00
332 334  0  5 1.00
332 335  0  5 1.00
332 336  0  5 1.00
333 334  0  5 1.00
333 335  0  5 1.00
333 336  0  5 1.00
333 337  0  5 1.00
334 335  0  5 1.00
334 336  0  5 1.00
334 337  0  5 1.00
334 338  0  5 1.00
335 336  0  5 1.00
335 337  0  5 1.00
335 338  0  5 1.00
335 339  0  5 1.00
336 337  0  5 1.00
336 338  0  5 1.00
336 339  0  5 1.00
337 338  0  5 1.00
337 339  0  5 1.00
337 340  0  5 1.00
337 341  0  5 1.00
338 339  0  5 1.00
338 340  0  5 1.00
338 341  0  5 1.00
338 342  0  5 1.00
339 340  0  5 1.00
339 341  0  5 1.00
339 342  0  5 1.00
339 343  0  5 1.00
340 341  0  5 1.00
340 342  0  5 1.00
340 343  0  5 1.00
340 344  0  5 1.00
341 342  0  5 1.00
341 343  0  5 1.00
341 344  0  5 1.00
341 345  0  5 1.00
341 346  0  5 1.00
342 343  0  5 1.00
342 344  0  5 1.00
342 345  0  5 1.00
342 346  0  5 1.00
343 344  0  5 1.00
343 345  0  5 1.00
343 346  0  5 1.00
343 347  0  5 1.00
343 348  0  5 1.00
344 345  0  5 1.00
344 346  0  5 1.00
344 347  0  5 1.00
344 348  0  5 1.00
345 346  0  5 1.00
345 347  0  5 1.00
345 348  0  5 1.00
345 349  0  5 1.00
346 347  0  5 1.00
346 348  0  5 1.00
346 349  0  5 1.00
346 350  0  5 1.00
347 348  0  5 1.00
347 349  0  5 1.00
347 350  0  5 1.00
347 351  0  5 1.00
348 349  0  5 1.00
348 350  0  5 1.00
348 351  0  5 1.00
348 352  0  5 1.00
349 350  0  5 1.00
349 351  0  5 1.00
349 352  0  5 1.00
349 353  0  5 1.00
350 351  0  5 1.00
350 352  0  5 1.00
350 353  0  5 1.00
350 354  0  5 1.00
351 352  0  5 1.00
351 353  0  5 1.00
351 354  0  5 1.00
351 355  0  5 1.00
352 353  0  5 1.00
352 354  0  5 1.00
352 355  0  5 1.00
352 356  0  5 1.00
352 357  0  5 1.00
353 354  0  5 1.00
353 355  0  5 1.00
353 356  0  5 1.00
353 357  0  5 1.00
353 358  0  5 1.00
354 355  0  5 1.00
354 356  0  5 1.00
354 357  0  5 1.00
354 358  0  5 1.00
355 356  0  5 1.00
355 357  0  5 1.00
355 358  0  5 1.00
355 359  0  5 1.00
356 357  0  5 1.00
356 358  0  5 1.00
356 359  0  5 1.00
356 360  0  5 1.00
357 358  0  5 1.00
357 359  0  5 1.00
357 360  0  5 1.00
357 361  0  5 1.00
358 359  0  5 1.00
358 360  0  5 1.00
358 361  0  5 1.00
358 362  0  5 1.00
359 360  0  5 1.00
359 361  0  5 1.00
359 362  0  5 1.00
359 363  0  5 1.00
360 361  0  5 1.00
360 362  0  5 1.00
360 363  0  5 1.00
360 364  0  5 1.00
360 365  0  5 1.00
361 362  0  5 1.00
361 363  0  5 1.00
361 364  0  5 1.00
361 365  0  5 1.00
362 363  0  5 1.00
362 364  0  5 1.00
363 364  0  5 1.00
363 365  0  5 1.00
364 365  0  5 1.00
364 366  0  5 1.00
365 366  0  5 1.00
365 367  0  5 1.00
366 367  0  5 1.00
366 368  0  5 1.00
367 368  0  5 1.00
367 369  0  5 1.00
367 370  0  5 1.00
367 371  0  5 1.00
368 369  0  5 1.00
368 370  0  5 1.00
368 371  0  5 1.00
368 372  0  5 1.00
369 370  0  5 1.00
369 371  0  5 1.00
369 372  0  5 1.00
369 373  0  5 1.00
369 374  0  5 1.00
370 371  0  5 1.00
370 372  0  5 1.00
370 373  0  5 1.00
370 374  0  5 1.00
370 375  0  5 1.00
371 372  0  5 1.00
371 373  0  5 1.00
371 374  0  5 1.00
371 375  0  5 1.00
372 373  0  5 1.00
372 374  0  5 1.00
372 375  0  5 1.00
372 376  0  5 1.00
373 374  0  5 1.00
373 375  0  5 1.00
373 376  0  5 1.00
373 377  0  5 1.00
374 375  0  5 1.00
374 376  0  5 1.00
374 377  0  5 1.00
374 378  0  5 1.00
375 376  0  5 1.00
375 377  0  5 1.00
375 378  0  5 1.00
375 379  0  5 1.00
376 377  0  5 1.00
376 378  0  5 1.00
376 379  0  5 1.00
376 380  0  5 1.00
377 378  0  5 1.00
377 379  0  5 1.00
377 380  0  5 1.00
377 381  0  5 1.00
378 379  0  5 1.00
378 380  0  5 1.00
378 381  0  5 1.00
378 391  0  5 1.00
378 393  0  5 1.00
379 380  0  5 1.00
379 381  0  5 1.00
379 389  0  5 1.00
379 390  0  5 1.00
379 391  0  5 1.00
379 394  0  5 1.00
380 381  0  5 1.00
380 382  0  5 1.00
380 389  0  5 1.00
380 390  0  5 1.00
380 391  0  5 1.00
381 382  0  5 1.00
381 383  0  5 1.00
381 389  0  5 1.00
381 390  0  5 1.00
381 391  0  5 1.00
382 383  0  5 1.00
382 384  0  5 1.00
382 388  0  5 1.00
382 389  0  5 1.00
383 384  0  5 1.00
383 388  0  5 1.00
388 389  0  5 1.00
388 390  0  5 1.00
389 390  0  5 1.00
389 391  0  5 1.00
390 391  0  5 1.00
390 392  0  5 1.00
390 395  0  5 1.00
391 392  0  5 1.00
391 393  0  5 1.00
391 394  0  5 1.00
391 395  0  5 1.00
392 393  0  5 1.00
392 394  0  5 1.00
392 395  0  5 1.00
392 396  0  5 1.00
393 394  0  5 1.00
393 395  0  5 1.00
393 396  0  5 1.00
393 397  0  5 1.00
394 395  0  5 1.00
394 396  0  5 1.00
394 397  0  5 1.00
394 398  0  5 1.00
394 399  0  5 1.00
394 422  0  5 1.00
394 423  0  5 1.00
395 396  0  5 1.00
395 397  0  5 1.00
395 398  0  5 1.00
395 399  0  5 1.00
396 397  0  5 1.00
396 398  0  5 1.00
396 399  0  5 1.00
396 400  0  5 1.00
397 398  0  5 1.00
397 399  0  5 1.00
397 400  0  5 1.00
397 401  0  5 1.00
397 423  0  5 1.00
398 399  0  5 1.00
398 400  0  5 1.00
398 401  0  5 1.00
398 423  0  5 1.00
398 425  0  5 1.00
399 400  0  5 1.00
399 401  0  5 1.00
399 402  0  5 1.00
400 401  0  5 1.00
400 402  0  5 1.00
401 402  0  5 1.00
401 403  0  5 1.00
402 403  0  5 1.00
402 404  0  5 1.00
402 432  0  5 1.00
403 404  0  5 1.00
403 405  0  5 1.00
403 432  0  5 1.00
404 405  0  5 1.00
404 406  0  5 1.00
404 432  0  5 1.00
404 433  0  5 1.00
404 434  0  5 1.00
405 406  0  5 1.00
405 407  0  5 1.00
405 434  0  5 1.00
406 407  0  5 1.00
406 408  0  5 1.00
406 409  0  5 1.00
406 434  0  5 1.00
406 435  0  5 1.00
406 436  0  5 1.00
407 408  0  5 1.00
407 409  0  5 1.00
407 436  0  5 1.00
408 409  0  5 1.00
408 410  0  5 1.00
408 411  0  5 1.00
408 412  0  5 1.00
408 436  0  5 1.00
408 437  0  5 1.00
409 410  0  5 1.00
409 411  0  5 1.00
409 412  0  5 1.00
409 436  0  5 1.00
409 437  0  5 1.00
410 411  0  5 1.00
410 412  0  5 1.00
410 436  0  5 1.00
410 437  0  5 1.00
410 449  0  5 1.00
410 450  0  5 1.00
410 451  0  5 1.00
411 412  0  5 1.00
411 413  0  5 1.00
411 449  0  5 1.00
412 413  0  5 1.00
412 414  0  5 1.00
412 449  0  5 1.00
412 450  0  5 1.00
413 414  0  5 1.00
413 415  0  5 1.00
413 416  0  5 1.00
413 417  0  5 1.00
413 448  0  5 1.00
413 449  0  5 1.00
413 450  0  5 1.00
414 415  0  5 1.00
414 416  0  5 1.00
414 417  0  5 1.00
414 418  0  5 1.00
415 416  0  5 1.00
415 417  0  5 1.00
415 418  0  5 1.00
415 419  0  5 1.00
416 417  0  5 1.00
416 418  0  5 1.00
416 419  0  5 1.00
416 420  0  5 1.00
416 421  0  5 1.00
417 418  0  5 1.00
417 419  0  5 1.00
417 420  0  5 1.00
417 421  0  5 1.00
417 422  0  5 1.00
418 419  0  5 1.00
418 420  0  5 1.00
418 421  0  5 1.00
418 422  0  5 1.00
419 420  0  5 1.00
419 421  0  5 1.00
419 422  0  5 1.00
419 423  0  5 1.00
420 421  0  5 1.00
420 422  0  5 1.00
420 423  0  5 1.00
420 424  0  5 1.00
421 422  0  5 1.00
421 423  0  5 1.00
421 424  0  5 1.00
422 423  0  5 1.00
422 424  0  5 1.00
423 424  0  5 1.00
423 425  0  5 1.00
424 425  0  5 1.00
424 426  0  5 1.00
425 426  0  5 1.00
425 427  0  5 1.00
425 431  0  5 1.00
425 432  0  5 1.00
426 427  0  5 1.00
426 428  0  5 1.00
426 430  0  5 1.00
426 431  0  5 1.00
427 428  0  5 1.00
427 429  0  5 1.00
427 430  0  5 1.00
427 431  0  5 1.00
428 429  0  5 1.00
428 430  0  5 1.00
428 431  0  5 1.00
428 468  0  5 1.00
428 469  0  5 1.00
429 430  0  5 1.00
429 431  0  5 1.00
429 467  0  5 1.00
429 468  0  5 1.00
430 431  0  5 1.00
430 432  0  5 1.00
431 432  0  5 1.00
431 433  0  5 1.00
432 433  0  5 1.00
432 434  0  5 1.00
433 434  0  5 1.00
433 435  0  5 1.00
434 435  0  5 1.00
434 436  0  5 1.00
435 436  0  5 1.00
435 437  0  5 1.00
436 437  0  5 1.00
436 438  0  5 1.00
437 438  0  5 1.00
437 439  0  5 1.00
438 439  0  5 1.00
438 440  0  5 1.00
438 441  0  5 1.00
438 442  0  5 1.00
439 440  0  5 1.00
439 441  0  5 1.00
439 442  0  5 1.00
440 441  0  5 1.00
440 442  0  5 1.00
440 865  0  5 1.00
441 442  0  5 1.00
441 443  0  5 1.00
442 443  0  5 1.00
442 444  0  5 1.00
442 862  0  5 1.00
442 865  0  5 1.00
443 444  0  5 1.00
443 445  0  5 1.00
443 862  0  5 1.00
444 445  0  5 1.00
444 446  0  5 1.00
444 447  0  5 1.00
444 448  0  5 1.00
444 449  0  5 1.00
445 446  0  5 1.00
445 447  0  5 1.00
445 448  0  5 1.00
445 449  0  5 1.00
446 447  0  5 1.00
446 448  0  5 1.00
447 448  0  5 1.00
447 449  0  5 1.00
448 449  0  5 1.00
448 450  0  5 1.00
449 450  0  5 1.00
449 451  0  5 1.00
450 451  0  5 1.00
450 452  0  5 1.00
450 453  0  5 1.00
450 454  0  5 1.00
451 452  0  5 1.00
451 453  0  5 1.00
451 454  0  5 1.00
451 455  0  5 1.00
451 456  0  5 1.00
452 453  0  5 1.00
452 454  0  5 1.00
452 455  0  5 1.00
452 456  0  5 1.00
452 457  0  5 1.00
453 454  0  5 1.00
453 455  0  5 1.00
453 456  0  5 1.00
453 457  0  5 1.00
454 455  0  5 1.00
454 456  0  5 1.00
454 457  0  5 1.00
454 458  0  5 1.00
455 456  0  5 1.00
455 457  0  5 1.00
455 458  0  5 1.00
455 459  0  5 1.00
456 457  0  5 1.00
456 458  0  5 1.00
456 459  0  5 1.00
456 460  0  5 1.00
457 458  0  5 1.00
457 459  0  5 1.00
457 460  0  5 1.00
457 461  0  5 1.00
458 459  0  5 1.00
458 460  0  5 1.00
458 461  0  5 1.00
459 460  0  5 1.00
459 461  0  5 1.00
460 461  0  5 1.00
460 462  0  5 1.00
461 462  0  5 1.00
461 463  0  5 1.00
461 469  0  5 1.00
462 463  0  5 1.00
462 464  0  5 1.00
462 465  0  5 1.00
462 469  0  5 1.00
462 470  0  5 1.00
462 471  0  5 1.00
463 464  0  5 1.00
463 465  0  5 1.00
463 471  0  5 1.00
464 465  0  5 1.00
464 466  0  5 1.00
464 469  0  5 1.00
464 470  0  5 1.00
464 471  0  5 1.00
465 466  0  5 1.00
465 467  0  5 1.00
465 468  0  5 1.00
465 470  0  5 1.00
466 467  0  5 1.00
466 468  0  5 1.00
467 468  0  5 1.00
467 469  0  5 1.00
468 469  0  5 1.00
468 470  0  5 1.00
469 470  0  5 1.00
469 471  0  5 1.00
470 471  0  5 1.00
470 472  0  5 1.00
471 472  0  5 1.00
471 473  0  5 1.00
472 473  0  5 1.00
472 474  0  5 1.00
473 474  0  5 1.00
473 475  0  5 1.00
473 508  0  5 1.00
474 475  0  5 1.00
474 476  0  5 1.00
475 476  0  5 1.00
475 477  0  5 1.00
475 510  0  5 1.00
475 511  0  5 1.00
475 512  0  5 1.00
476 477  0  5 1.00
476 478  0  5 1.00
476 512  0  5 1.00
477 478  0  5 1.00
477 479  0  5 1.00
477 480  0  5 1.00
477 512  0  5 1.00
477 513  0  5 1.00
477 514  0  5 1.00
477 515  0  5 1.00
478 479  0  5 1.00
478 480  0  5 1.00
478 514  0  5 1.00
478 515  0  5 1.00
479 480  0  5 1.00
479 481  0  5 1.00
479 875  0  5 1.00
480 481  0  5 1.00
480 482  0  5 1.00
480 515  0  5 1.00
480 874  0  5 1.00
480 875  0  5 1.00
481 482  0  5 1.00
481 483  0  5 1.00
481 484  0  5 1.00
481 485  0  5 1.00
481 875  0  5 1.00
481 876  0  5 1.00
482 483  0  5 1.00
482 484  0  5 1.00
482 485  0  5 1.00
482 486  0  5 1.00
482 487  0  5 1.00
483 484  0  5 1.00
483 485  0  5 1.00
483 486  0  5 1.00
483 487  0  5 1.00
483 488  0  5 1.00
484 485  0  5 1.00
484 486  0  5 1.00
484 487  0  5 1.00
484 488  0  5 1.00
484 489  0  5 1.00
485 486  0  5 1.00
485 487  0  5 1.00
485 488  0  5 1.00
485 489  0  5 1.00
485 490  0  5 1.00
486 487  0  5 1.00
486 488  0  5 1.00
486 489  0  5 1.00
486 490  0  5 1.00
486 491  0  5 1.00
486 946  0  5 1.00
486 947  0  5 1.00
487 488  0  5 1.00
487 489  0  5 1.00
487 490  0  5 1.00
487 491  0  5 1.00
487 947  0  5 1.00
488 489  0  5 1.00
488 490  0  5 1.00
488 491  0  5 1.00
488 492  0  5 1.00
488 493  0  5 1.00
489 490  0  5 1.00
489 491  0  5 1.00
489 492  0  5 1.00
489 493  0  5 1.00
490 491  0  5 1.00
490 492  0  5 1.00
490 493  0  5 1.00
490 494  0  5 1.00
491 492  0  5 1.00
491 493  0  5 1.00
491 494  0  5 1.00
491 495  0  5 1.00
492 493  0  5 1.00
492 494  0  5 1.00
492 495  0  5 1.00
492 496  0  5 1.00
493 494  0  5 1.00
493 495  0  5 1.00
493 496  0  5 1.00
493 903  0  5 1.00
493 904  0  5 1.00
494 495  0  5 1.00
494 496  0  5 1.00
494 903  0  5 1.00
494 904  0  5 1.00
494 905  0  5 1.00
495 496  0  5 1.00
495 497  0  5 1.00
495 501  0  5 1.00
495 905  0  5 1.00
496 497  0  5 1.00
496 498  0  5 1.00
496 501  0  5 1.00
496 503  0  5 1.00
496 504  0  5 1.00
496 505  0  5 1.00
497 498  0  5 1.00
497 499  0  5 1.00
497 500  0  5 1.00
497 501  0  5 1.00
497 502  0  5 1.00
497 503  0  5 1.00
497 504  0  5 1.00
497 505  0  5 1.00
498 499  0  5 1.00
498 500  0  5 1.00
498 501  0  5 1.00
498 502  0  5 1.00
498 503  0  5 1.00
499 500  0  5 1.00
499 501  0  5 1.00
499 502  0  5 1.00
499 857  0  5 1.00
500 501  0  5 1.00
500 502  0  5 1.00
500 857  0  5 1.00
500 860  0  5 1.00
500 861  0  5 1.00
501 502  0  5 1.00
501 503  0  5 1.00
501 861  0  5 1.00
502 503  0  5 1.00
502 504  0  5 1.00
503 504  0  5 1.00
503 505  0  5 1.00
504 505  0  5 1.00
504 506  0  5 1.00
505 506  0  5 1.00
505 507  0  5 1.00
506 507  0  5 1.00
506 508  0  5 1.00
506 509  0  5 1.00
506 510  0  5 1.00
507 508  0  5 1.00
507 509  0  5 1.00
507 510  0  5 1.00
508 509  0  5 1.00
508 510  0  5 1.00
509 510  0  5 1.00
509 511  0  5 1.00
510 511  0  5 1.00
510 512  0  5 1.00
511 512  0  5 1.00
511 513  0  5 1.00
512 513  0  5 1.00
512 514  0  5 1.00
513 514  0  5 1.00
513 515  0  5 1.00
514 515  0  5 1.00
514 516  0  5 1.00
515 516  0  5 1.00
515 517  0  5 1.00
516 517  0  5 1.00
516 518  0  5 1.00
517 518  0  5 1.00
517 519  0  5 1.00
518 519  0  5 1.00
518 520  0  5 1.00
519 520  0  5 1.00
519 521  0  5 1.00
520 521  0  5 1.00
520 522  0  5 1.00
520 523  0  5 1.00
521 522  0  5 1.00
521 523  0  5 1.00
522 523  0  5 1.00
522 524  0  5 1.00
523 524  0  5 1.00
523 525  0  5 1.00
523 876  0  5 1.00
523 877  0  5 1.00
524 525  0  5 1.00
524 526  0  5 1.00
524 878  0  5 1.00
524 948  0  5 1.00
525 526  0  5 1.00
525 527  0  5 1.00
525 878  0  5 1.00
525 948  0  5 1.00
525 949  0  5 1.00
525 950  0  5 1.00
526 527  0  5 1.00
526 528  0  5 1.00
526 878  0  5 1.00
526 879  0  5 1.00
526 880  0  5 1.00
526 950  0  5 1.00
527 528  0  5 1.00
527 529  0  5 1.00
527 880  0  5 1.00
527 950  0  5 1.00
527 951  0  5 1.00
527 952  0  5 1.00
528 529  0  5 1.00
528 530  0  5 1.00
528 880  0  5 1.00
528 881  0  5 1.00
528 882  0  5 1.00
528 952  0  5 1.00
529 530  0  5 1.00
529 531  0  5 1.00
529 882  0  5 1.00
529 952  0  5 1.00
529 953  0  5 1.00
529 954  0  5 1.00
530 531  0  5 1.00
530 882  0  5 1.00
530 883  0  5 1.00
530 884  0  5 1.00
530 954  0  5 1.00
531 884  0  5 1.00
531 885  0  5 1.00
531 954  0  5 1.00
531 955  0  5 1.00
531 956  0  5 1.00
545 546  0  5 1.00
545 547  0  5 1.00
545 548  0  5 1.00
545 549  0  5 1.00
546 547  0  5 1.00
546 548  0  5 1.00
546 549  0  5 1.00
546 550  0  5 1.00
546 551  0  5 1.00
547 548  0  5 1.00
547 549  0  5 1.00
547 550  0  5 1.00
547 551  0  5 1.00
547 552  0  5 1.00
548 549  0  5 1.00
548 550  0  5 1.00
548 551  0  5 1.00
548 552  0  5 1.00
548 553  0  5 1.00
549 550  0  5 1.00
549 551  0  5 1.00
549 552  0  5 1.00
549 553  0  5 1.00
549 554  0  5 1.00
550 551  0  5 1.00
550 552  0  5 1.00
550 553  0  5 1.00
550 554  0  5 1.00
551 552  0  5 1.00
551 553  0  5 1.00
551 554  0  5 1.00
551 555  0  5 1.00
552 553  0  5 1.00
552 554  0  5 1.00
552 555  0  5 1.00
552 556  0  5 1.00
553 554  0  5 1.00
553 555  0  5 1.00
553 556  0  5 1.00
553 557  0  5 1.00
554 555  0  5 1.00
554 556  0  5 1.00
554 557  0  5 1.00
554 558  0  5 1.00
555 556  0  5 1.00
555 557  0  5 1.00
555 558  0  5 1.00
555 559  0  5 1.00
556 557  0  5 1.00
556 558  0  5 1.00
556 559  0  5 1.00
556 560  0  5 1.00
557 558  0  5 1.00
557 559  0  5 1.00
557 560  0  5 1.00
557 561  0  5 1.00
558 559  0  5 1.00
558 560  0  5 1.00
558 561  0  5 1.00
558 562  0  5 1.00
559 560  0  5 1.00
559 561  0  5 1.00
559 562  0  5 1.00
559 563  0  5 1.00
560 561  0  5 1.00
560 562  0  5 1.00
560 563  0  5 1.00
560 564  0  5 1.00
560 565  0  5 1.00
561 562  0  5 1.00
561 563  0  5 1.00
561 564  0  5 1.00
561 565  0  5 1.00
562 563  0  5 1.00
562 564  0  5 1.00
562 565  0  5 1.00
562 566  0  5 1.00
562 567  0  5 1.00
563 564  0  5 1.00
563 565  0  5 1.00
563 566  0  5 1.00
564 565  0  5 1.00
564 566  0  5 1.00
565 566  0  5 1.00
565 567  0  5 1.00
566 567  0  5 1.00
566 568  0  5 1.00
566 579  0  5 1.00
566 580  0  5 1.00
567 568  0  5 1.00
567 569  0  5 1.00
567 578  0  5 1.00
567 579  0  5 1.00
567 580  0  5 1.00
568 569  0  5 1.00
568 570  0  5 1.00
568 577  0  5 1.00
568 578  0  5 1.00
568 579  0  5 1.00
569 570  0  5 1.00
569 576  0  5 1.00
569 577  0  5 1.00
569 578  0  5 1.00
569 579  0  5 1.00
570 576  0  5 1.00
570 577  0  5 1.00
574 575  0  5 1.00
574 576  0  5 1.00
575 576  0  5 1.00
575 577  0  5 1.00
576 577  0  5 1.00
576 578  0  5 1.00
577 578  0  5 1.00
577 579  0  5 1.00
578 579  0  5 1.00
578 580  0  5 1.00
579 580  0  5 1.00
579 581  0  5 1.00
580 581  0  5 1.00
580 582  0  5 1.00
581 582  0  5 1.00
581 583  0  5 1.00
581 584  0  5 1.00
581 786  0  5 1.00
581 787  0  5 1.00
582 583  0  5 1.00
582 584  0  5 1.00
582 585  0  5 1.00
582 786  0  5 1.00
582 787  0  5 1.00
582 788  0  5 1.00
582 789  0  5 1.00
583 584  0  5 1.00
583 585  0  5 1.00
583 786  0  5 1.00
583 787  0  5 1.00
584 585  0  5 1.00
584 586  0  5 1.00
584 801  0  5 1.00
584 802  0  5 1.00
584 803  0  5 1.00
585 586  0  5 1.00
585 587  0  5 1.00
585 787  0  5 1.00
585 788  0  5 1.00
585 789  0  5 1.00
585 803  0  5 1.00
586 587  0  5 1.00
586 588  0  5 1.00
586 789  0  5 1.00
586 803  0  5 1.00
586 804  0  5 1.00
586 805  0  5 1.00
587 588  0  5 1.00
587 589  0  5 1.00
587 789  0  5 1.00
587 790  0  5 1.00
587 791  0  5 1.00
587 805  0  5 1.00
588 589  0  5 1.00
588 590  0  5 1.00
588 791  0  5 1.00
588 805  0  5 1.00
588 806  0  5 1.00
588 807  0  5 1.00
589 590  0  5 1.00
589 591  0  5 1.00
589 791  0  5 1.00
589 792  0  5 1.00
589 793  0  5 1.00
589 807  0  5 1.00
590 591  0  5 1.00
590 592  0  5 1.00
590 792  0  5 1.00
590 793  0  5 1.00
591 592  0  5 1.00
591 593  0  5 1.00
592 593  0  5 1.00
592 594  0  5 1.00
592 595  0  5 1.00
592 596  0  5 1.00
593 594  0  5 1.00
593 595  0  5 1.00
593 596  0  5 1.00
594 595  0  5 1.00
594 596  0  5 1.00
594 597  0  5 1.00
594 598  0  5 1.00
594 599  0  5 1.00
595 596  0  5 1.00
595 597  0  5 1.00
595 598  0  5 1.00
595 599  0  5 1.00
595 600  0  5 1.00
596 597  0  5 1.00
596 598  0  5 1.00
596 599  0  5 1.00
596 600  0  5 1.00
597 598  0  5 1.00
597 599  0  5 1.00
597 600  0  5 1.00
597 601  0  5 1.00
598 599  0  5 1.00
598 600  0  5 1.00
598 601  0  5 1.00
598 602  0  5 1.00
599 600  0  5 1.00
599 601  0  5 1.00
599 602  0  5 1.00
599 603  0  5 1.00
599 609  0  5 1.00
600 601  0  5 1.00
600 602  0  5 1.00
600 603  0  5 1.00
600 604  0  5 1.00
601 602  0  5 1.00
601 603  0  5 1.00
601 604  0  5 1.00
601 605  0  5 1.00
602 603  0  5 1.00
602 604  0  5 1.00
602 605  0  5 1.00
602 606  0  5 1.00
602 607  0  5 1.00
602 608  0  5 1.00
603 604  0  5 1.00
603 605  0  5 1.00
603 606  0  5 1.00
603 607  0  5 1.00
603 608  0  5 1.00
603 609  0  5 1.00
604 605  0  5 1.00
604 606  0  5 1.00
605 606  0  5 1.00
605 607  0  5 1.00
606 607  0  5 1.00
606 608  0  5 1.00
607 608  0  5 1.00
607 609  0  5 1.00
608 609  0  5 1.00
608 610  0  5 1.00
608 787  0  5 1.00
608 788  0  5 1.00
609 610  0  5 1.00
609 611  0  5 1.00
609 788  0  5 1.00
610 611  0  5 1.00
610 612  0  5 1.00
610 788  0  5 1.00
610 789  0  5 1.00
610 790  0  5 1.00
611 612  0  5 1.00
611 613  0  5 1.00
611 790  0  5 1.00
612 613  0  5 1.00
612 614  0  5 1.00
612 790  0  5 1.00
613 614  0  5 1.00
613 615  0  5 1.00
614 615  0  5 1.00
614 616  0  5 1.00
614 617  0  5 1.00
615 616  0  5 1.00
615 617  0  5 1.00
616 617  0  5 1.00
616 618  0  5 1.00
616 619  0  5 1.00
616 620  0  5 1.00
617 618  0  5 1.00
617 619  0  5 1.00
617 620  0  5 1.00
617 623  0  5 1.00
618 619  0  5 1.00
618 620  0  5 1.00
618 624  0  5 1.00
619 620  0  5 1.00
619 621  0  5 1.00
620 621  0  5 1.00
620 622  0  5 1.00
620 623  0  5 1.00
620 624  0  5 1.00
621 622  0  5 1.00
621 623  0  5 1.00
621 624  0  5 1.00
621 625  0  5 1.00
621 626  0  5 1.00
622 623  0  5 1.00
622 624  0  5 1.00
622 625  0  5 1.00
622 626  0  5 1.00
622 627  0  5 1.00
623 624  0  5 1.00
623 625  0  5 1.00
623 626  0  5 1.00
623 627  0  5 1.00
623 628  0  5 1.00
624 625  0  5 1.00
624 626  0  5 1.00
624 627  0  5 1.00
624 628  0  5 1.00
625 626  0  5 1.00
625 627  0  5 1.00
625 628  0  5 1.00
625 629  0  5 1.00
626 627  0  5 1.00
626 628  0  5 1.00
626 629  0  5 1.00
626 630  0  5 1.00
627 628  0  5 1.00
627 629  0  5 1.00
627 630  0  5 1.00
627 631  0  5 1.00
627 632  0  5 1.00
628 629  0  5 1.00
628 630  0  5 1.00
628 631  0  5 1.00
628 632  0  5 1.00
628 641  0  5 1.00
629 630  0  5 1.00
629 631  0  5 1.00
629 632  0  5 1.00
629 633  0  5 1.00
630 631  0  5 1.00
630 632  0  5 1.00
630 633  0  5 1.00
630 634  0  5 1.00
631 632  0  5 1.00
631 633  0  5 1.00
631 634  0  5 1.00
631 635  0  5 1.00
631 636  0  5 1.00
632 633  0  5 1.00
632 634  0  5 1.00
632 635  0  5 1.00
632 636  0  5 1.00
633 634  0  5 1.00
633 635  0  5 1.00
633 702  0  5 1.00
634 635  0  5 1.00
634 636  0  5 1.00
635 636  0  5 1.00
635 637  0  5 1.00
635 638  0  5 1.00
636 637  0  5 1.00
636 638  0  5 1.00
636 671  0  5 1.00
637 638  0  5 1.00
637 639  0  5 1.00
638 639  0  5 1.00
638 640  0  5 1.00
638 641  0  5 1.00
638 642  0  5 1.00
638 643  0  5 1.00
639 640  0  5 1.00
639 641  0  5 1.00
639 642  0  5 1.00
639 643  0  5 1.00
640 641  0  5 1.00
640 642  0  5 1.00
640 643  0  5 1.00
640 644  0  5 1.00
641 642  0  5 1.00
641 643  0  5 1.00
641 644  0  5 1.00
641 645  0  5 1.00
642 643  0  5 1.00
642 644  0  5 1.00
642 645  0  5 1.00
642 646  0  5 1.00
643 644  0  5 1.00
643 645  0  5 1.00
643 646  0  5 1.00
643 647  0  5 1.00
643 648  0  5 1.00
644 645  0  5 1.00
644 646  0  5 1.00
644 647  0  5 1.00
644 648  0  5 1.00
645 646  0  5 1.00
645 647  0  5 1.00
645 648  0  5 1.00
645 650  0  5 1.00
645 651  0  5 1.00
645 652  0  5 1.00
646 647  0  5 1.00
646 648  0  5 1.00
646 651  0  5 1.00
646 652  0  5 1.00
646 653  0  5 1.00
647 648  0  5 1.00
647 649  0  5 1.00
647 652  0  5 1.00
647 653  0  5 1.00
648 649  0  5 1.00
648 650  0  5 1.00
648 651  0  5 1.00
648 652  0  5 1.00
648 653  0  5 1.00
649 650  0  5 1.00
649 651  0  5 1.00
649 652  0  5 1.00
650 651  0  5 1.00
650 652  0  5 1.00
651 652  0  5 1.00
651 653  0  5 1.00
652 653  0  5 1.00
652 654  0  5 1.00
653 654  0  5 1.00
653 655  0  5 1.00
653 658  0  5 1.00
654 655  0  5 1.00
654 656  0  5 1.00
654 657  0  5 1.00
654 658  0  5 1.00
654 659  0  5 1.00
655 656  0  5 1.00
655 657  0  5 1.00
655 658  0  5 1.00
655 659  0  5 1.00
655 660  0  5 1.00
656 657  0  5 1.00
656 658  0  5 1.00
656 659  0  5 1.00
656 660  0  5 1.00
656 661  0  5 1.00
657 658  0  5 1.00
657 659  0  5 1.00
657 660  0  5 1.00
657 661  0  5 1.00
658 659  0  5 1.00
658 660  0  5 1.00
658 661  0  5 1.00
658 662  0  5 1.00
659 660  0  5 1.00
659 661  0  5 1.00
659 662  0  5 1.00
659 663  0  5 1.00
660 661  0  5 1.00
660 662  0  5 1.00
660 663  0  5 1.00
660 664  0  5 1.00
661 662  0  5 1.00
661 663  0  5 1.00
661 664  0  5 1.00
661 665  0  5 1.00
661 673  0  5 1.00
662 663  0  5 1.00
662 664  0  5 1.00
662 665  0  5 1.00
662 666  0  5 1.00
663 664  0  5 1.00
663 665  0  5 1.00
663 666  0  5 1.00
664 665  0  5 1.00
664 666  0  5 1.00
665 666  0  5 1.00
665 667  0  5 1.00
665 668  0  5 1.00
665 673  0  5 1.00
666 667  0  5 1.00
666 668  0  5 1.00
667 668  0  5 1.00
667 669  0  5 1.00
668 669  0  5 1.00
668 670  0  5 1.00
669 670  0  5 1.00
669 671  0  5 1.00
669 672  0  5 1.00
669 673  0  5 1.00
670 671  0  5 1.00
670 672  0  5 1.00
670 673  0  5 1.00
670 674  0  5 1.00
671 672  0  5 1.00
671 673  0  5 1.00
671 674  0  5 1.00
671 675  0  5 1.00
672 673  0  5 1.00
672 674  0  5 1.00
672 675  0  5 1.00
672 676  0  5 1.00
672 677  0  5 1.00
673 674  0  5 1.00
673 675  0  5 1.00
673 676  0  5 1.00
673 677  0  5 1.00
674 675  0  5 1.00
674 676  0  5 1.00
674 677  0  5 1.00
674 678  0  5 1.00
675 676  0  5 1.00
675 677  0  5 1.00
675 678  0  5 1.00
675 679  0  5 1.00
676 677  0  5 1.00
676 678  0  5 1.00
676 679  0  5 1.00
676 680  0  5 1.00
676 681  0  5 1.00
677 678  0  5 1.00
677 679  0  5 1.00
677 680  0  5 1.00
677 681  0  5 1.00
678 679  0  5 1.00
678 680  0  5 1.00
678 681  0  5 1.00
679 680  0  5 1.00
679 681  0  5 1.00
680 681  0  5 1.00
680 682  0  5 1.00
681 682  0  5 1.00
681 683  0  5 1.00
682 683  0  5 1.00
682 684  0  5 1.00
682 685  0  5 1.00
683 684  0  5 1.00
683 685  0  5 1.00
684 685  0  5 1.00
684 686  0  5 1.00
685 686  0  5 1.00
685 687  0  5 1.00
685 688  0  5 1.00
685 689  0  5 1.00
686 687  0  5 1.00
686 688  0  5 1.00
686 689  0  5 1.00
686 690  0  5 1.00
687 688  0  5 1.00
687 689  0  5 1.00
687 690  0  5 1.00
687 691  0  5 1.00
688 689  0  5 1.00
688 690  0  5 1.00
688 691  0  5 1.00
688 692  0  5 1.00
688 693  0  5 1.00
689 690  0  5 1.00
689 691  0  5 1.00
689 692  0  5 1.00
689 693  0  5 1.00
689 694  0  5 1.00
690 691  0  5 1.00
690 692  0  5 1.00
690 693  0  5 1.00
690 694  0  5 1.00
691 692  0  5 1.00
691 693  0  5 1.00
691 694  0  5 1.00
691 695  0  5 1.00
691 696  0  5 1.00
692 693  0  5 1.00
692 694  0  5 1.00
692 695  0  5 1.00
692 696  0  5 1.00
693 694  0  5 1.00
693 695  0  5 1.00
693 696  0  5 1.00
693 697  0  5 1.00
694 695  0  5 1.00
694 696  0  5 1.00
694 697  0  5 1.00
694 698  0  5 1.00
695 696  0  5 1.00
695 697  0  5 1.00
695 698  0  5 1.00
695 699  0  5 1.00
696 697  0  5 1.00
696 698  0  5 1.00
696 699  0  5 1.00
696 700  0  5 1.00
697 698  0  5 1.00
697 699  0  5 1.00
697 700  0  5 1.00
697 701  0  5 1.00
697 702  0  5 1.00
698 699  0  5 1.00
698 700  0  5 1.00
698 701  0  5 1.00
698 702  0  5 1.00
698 703  0  5 1.00
699 700  0  5 1.00
699 701  0  5 1.00
699 702  0  5 1.00
699 703  0  5 1.00
699 704  0  5 1.00
700 701  0  5 1.00
700 702  0  5 1.00
700 703  0  5 1.00
700 704  0  5 1.00
700 705  0  5 1.00
701 702  0  5 1.00
701 703  0  5 1.00
701 704  0  5 1.00
701 705  0  5 1.00
702 703  0  5 1.00
702 704  0  5 1.00
702 705  0  5 1.00
702 706  0  5 1.00
703 704  0  5 1.00
703 705  0  5 1.00
703 706  0  5 1.00
703 707  0  5 1.00
704 705  0  5 1.00
704 706  0  5 1.00
704 707  0  5 1.00
704 708  0  5 1.00
705 706  0  5 1.00
705 707  0  5 1.00
705 708  0  5 1.00
705 709  0  5 1.00
706 707  0  5 1.00
706 708  0  5 1.00
707 708  0  5 1.00
707 709  0  5 1.00
708 709  0  5 1.00
708 710  0  5 1.00
709 710  0  5 1.00
709 711  0  5 1.00
709 712  0  5 1.00
709 713  0  5 1.00
710 711  0  5 1.00
710 712  0  5 1.00
710 713  0  5 1.00
710 714  0  5 1.00
711 712  0  5 1.00
711 713  0  5 1.00
711 714  0  5 1.00
711 715  0  5 1.00
711 744  0  5 1.00
712 713  0  5 1.00
712 714  0  5 1.00
712 715  0  5 1.00
712 716  0  5 1.00
712 717  0  5 1.00
713 714  0  5 1.00
713 715  0  5 1.00
713 716  0  5 1.00
713 717  0  5 1.00
714 715  0  5 1.00
714 716  0  5 1.00
714 717  0  5 1.00
714 718  0  5 1.00
715 716  0  5 1.00
715 717  0  5 1.00
715 718  0  5 1.00
715 719  0  5 1.00
715 720  0  5 1.00
716 717  0  5 1.00
716 718  0  5 1.00
716 719  0  5 1.00
716 720  0  5 1.00
716 721  0  5 1.00
717 718  0  5 1.00
717 719  0  5 1.00
717 720  0  5 1.00
717 721  0  5 1.00
717 722  0  5 1.00
718 719  0  5 1.00
718 720  0  5 1.00
718 721  0  5 1.00
718 722  0  5 1.00
718 723  0  5 1.00
718 724  0  5 1.00
719 720  0  5 1.00
719 721  0  5 1.00
719 722  0  5 1.00
720 721  0  5 1.00
720 722  0  5 1.00
721 722  0  5 1.00
721 723  0  5 1.00
722 723  0  5 1.00
722 724  0  5 1.00
722 725  0  5 1.00
722 726  0  5 1.00
722 727  0  5 1.00
723 724  0  5 1.00
723 725  0  5 1.00
723 726  0  5 1.00
723 727  0  5 1.00
723 728  0  5 1.00
724 725  0  5 1.00
724 726  0  5 1.00
724 727  0  5 1.00
724 728  0  5 1.00
725 726  0  5 1.00
725 727  0  5 1.00
725 728  0  5 1.00
725 729  0  5 1.00
726 727  0  5 1.00
726 728  0  5 1.00
726 729  0  5 1.00
726 730  0  5 1.00
727 728  0  5 1.00
727 729  0  5 1.00
727 730  0  5 1.00
727 733  0  5 1.00
728 729  0  5 1.00
728 730  0  5 1.00
728 733  0  5 1.00
729 730  0  5 1.00
729 731  0  5 1.00
730 731  0  5 1.00
730 732  0  5 1.00
730 733  0  5 1.00
731 732  0  5 1.00
731 733  0  5 1.00
732 733  0  5 1.00
732 734  0  5 1.00
732 735  0  5 1.00
732 736  0  5 1.00
733 734  0  5 1.00
733 735  0  5 1.00
733 736  0  5 1.00
733 737  0  5 1.00
733 738  0  5 1.00
734 735  0  5 1.00
734 736  0  5 1.00
734 737  0  5 1.00
734 738  0  5 1.00
735 736  0  5 1.00
735 737  0  5 1.00
735 738  0  5 1.00
735 739  0  5 1.00
735 740  0  5 1.00
736 737  0  5 1.00
736 738  0  5 1.00
736 739  0  5 1.00
736 740  0  5 1.00
737 738  0  5 1.00
737 739  0  5 1.00
737 740  0  5 1.00
737 741  0  5 1.00
738 739  0  5 1.00
738 740  0  5 1.00
738 741  0  5 1.00
738 742  0  5 1.00
738 743  0  5 1.00
739 740  0  5 1.00
739 741  0  5 1.00
739 742  0  5 1.00
739 743  0  5 1.00
740 741  0  5 1.00
740 742  0  5 1.00
740 743  0  5 1.00
740 744  0  5 1.00
741 742  0  5 1.00
741 743  0  5 1.00
741 744  0  5 1.00
741 745  0  5 1.00
742 743  0  5 1.00
742 744  0  5 1.00
742 745  0  5 1.00
742 746  0  5 1.00
742 747  0  5 1.00
743 744  0  5 1.00
743 745  0  5 1.00
743 746  0  5 1.00
743 747  0  5 1.00
744 745  0  5 1.00
744 746  0  5 1.00
744 747  0  5 1.00
744 748  0  5 1.00
745 746  0  5 1.00
745 747  0  5 1.00
745 748  0  5 1.00
745 749  0  5 1.00
745 750  0  5 1.00
746 747  0  5 1.00
746 748  0  5 1.00
746 749  0  5 1.00
746 750  0  5 1.00
747 748  0  5 1.00
747 749  0  5 1.00
747 750  0  5 1.00
747 751  0  5 1.00
748 749  0  5 1.00
748 750  0  5 1.00
748 751  0  5 1.00
748 752  0  5 1.00
749 750  0  5 1.00
749 751  0  5 1.00
749 752  0  5 1.00
749 753  0  5 1.00
750 751  0  5 1.00
750 752  0  5 1.00
750 753  0  5 1.00
750 755  0  5 1.00
751 752  0  5 1.00
751 753  0  5 1.00
751 755  0  5 1.00
752 753  0  5 1.00
752 754  0  5 1.00
753 754  0  5 1.00
753 755  0  5 1.00
754 755  0  5 1.00
754 756  0  5 1.00
755 756  0  5 1.00
755 757  0  5 1.00
756 757  0  5 1.00
756 758  0  5 1.00
756 760  0  5 1.00
757 758  0  5 1.00
757 759  0  5 1.00
757 760  0  5 1.00
757 761  0  5 1.00
758 759  0  5 1.00
758 760  0  5 1.00
758 761  0  5 1.00
758 762  0  5 1.00
759 760  0  5 1.00
759 761  0  5 1.00
759 762  0  5 1.00
759 763  0  5 1.00
760 761  0  5 1.00
760 762  0  5 1.00
760 763  0  5 1.00
760 764  0  5 1.00
760 765  0  5 1.00
761 762  0  5 1.00
761 763  0  5 1.00
761 764  0  5 1.00
761 765  0  5 1.00
761 766  0  5 1.00
762 763  0  5 1.00
762 764  0  5 1.00
762 765  0  5 1.00
762 766  0  5 1.00
762 767  0  5 1.00
763 764  0  5 1.00
763 765  0  5 1.00
763 766  0  5 1.00
763 767  0  5 1.00
763 768  0  5 1.00
764 765  0  5 1.00
764 766  0  5 1.00
764 767  0  5 1.00
764 768  0  5 1.00
765 766  0  5 1.00
765 767  0  5 1.00
765 768  0  5 1.00
765 769  0  5 1.00
766 767  0  5 1.00
766 768  0  5 1.00
766 769  0  5 1.00
766 770  0  5 1.00
767 768  0  5 1.00
767 769  0  5 1.00
767 770  0  5 1.00
767 771  0  5 1.00
767 772  0  5 1.00
768 769  0  5 1.00
768 770  0  5 1.00
768 771  0  5 1.00
768 772  0  5 1.00
768 773  0  5 1.00
769 770  0  5 1.00
769 771  0  5 1.00
769 772  0  5 1.00
769 773  0  5 1.00
770 771  0  5 1.00
770 772  0  5 1.00
771 772  0  5 1.00
771 773  0  5 1.00
772 773  0  5 1.00
784 785  0  5 1.00
784 786  0  5 1.00
785 786  0  5 1.00
785 787  0  5 1.00
786 787  0  5 1.00
786 788  0  5 1.00
787 788  0  5 1.00
787 789  0  5 1.00
788 789  0  5 1.00
788 790  0  5 1.00
789 790  0  5 1.00
789 791  0  5 1.00
790 791  0  5 1.00
790 792  0  5 1.00
791 792  0  5 1.00
791 793  0  5 1.00
792 793  0  5 1.00
792 794  0  5 1.00
792 795  0  5 1.00
792 796  0  5 1.00
793 794  0  5 1.00
793 795  0  5 1.00
793 796  0  5 1.00
793 797  0  5 1.00
794 795  0  5 1.00
794 796  0  5 1.00
794 797  0  5 1.00
795 796  0  5 1.00
795 797  0  5 1.00
796 797  0  5 1.00
796 798  0  5 1.00
796 799  0  5 1.00
797 798  0  5 1.00
797 799  0  5 1.00
798 799  0  5 1.00
798 800  0  5 1.00
799 800  0  5 1.00
799 801  0  5 1.00
799 873  0  5 1.00
800 801  0  5 1.00
800 802  0  5 1.00
800 873  0  5 1.00
801 802  0  5 1.00
801 803  0  5 1.00
801 804  0  5 1.00
801 873  0  5 1.00
801 874  0  5 1.00
801 875  0  5 1.00
801 876  0  5 1.00
802 803  0  5 1.00
802 804  0  5 1.00
802 874  0  5 1.00
802 875  0  5 1.00
802 876  0  5 1.00
802 877  0  5 1.00
803 804  0  5 1.00
803 805  0  5 1.00
803 877  0  5 1.00
804 805  0  5 1.00
804 806  0  5 1.00
804 877  0  5 1.00
804 878  0  5 1.00
804 879  0  5 1.00
805 806  0  5 1.00
805 807  0  5 1.00
805 879  0  5 1.00
806 807  0  5 1.00
806 808  0  5 1.00
806 809  0  5 1.00
806 879  0  5 1.00
806 880  0  5 1.00
806 881  0  5 1.00
807 808  0  5 1.00
807 809  0  5 1.00
807 881  0  5 1.00
808 809  0  5 1.00
808 810  0  5 1.00
808 811  0  5 1.00
808 881  0  5 1.00
809 810  0  5 1.00
809 811  0  5 1.00
809 881  0  5 1.00
809 882  0  5 1.00
809 883  0  5 1.00
809 915  0  5 1.00
809 916  0  5 1.00
809 917  0  5 1.00
810 811  0  5 1.00
810 812  0  5 1.00
810 881  0  5 1.00
810 882  0  5 1.00
810 883  0  5 1.00
810 917  0  5 1.00
811 812  0  5 1.00
811 813  0  5 1.00
811 883  0  5 1.00
811 914  0  5 1.00
811 915  0  5 1.00
811 916  0  5 1.00
812 813  0  5 1.00
812 814  0  5 1.00
812 914  0  5 1.00
812 915  0  5 1.00
813 814  0  5 1.00
813 815  0  5 1.00
813 914  0  5 1.00
813 915  0  5 1.00
814 815  0  5 1.00
814 816  0  5 1.00
814 817  0  5 1.00
815 816  0  5 1.00
815 817  0  5 1.00
815 818  0  5 1.00
815 819  0  5 1.00
816 817  0  5 1.00
816 818  0  5 1.00
816 819  0  5 1.00
816 820  0  5 1.00
817 818  0  5 1.00
817 819  0  5 1.00
817 820  0  5 1.00
818 819  0  5 1.00
818 820  0  5 1.00
819 820  0  5 1.00
819 821  0  5 1.00
820 821  0  5 1.00
820 822  0  5 1.00
821 822  0  5 1.00
821 823  0  5 1.00
821 831  0  5 1.00
821 832  0  5 1.00
821 833  0  5 1.00
822 823  0  5 1.00
822 824  0  5 1.00
822 831  0  5 1.00
822 832  0  5 1.00
822 833  0  5 1.00
823 824  0  5 1.00
823 825  0  5 1.00
823 829  0  5 1.00
823 830  0  5 1.00
823 831  0  5 1.00
823 832  0  5 1.00
824 825  0  5 1.00
824 826  0  5 1.00
824 829  0  5 1.00
824 830  0  5 1.00
825 826  0  5 1.00
825 827  0  5 1.00
825 828  0  5 1.00
825 829  0  5 1.00
825 830  0  5 1.00
826 827  0  5 1.00
826 828  0  5 1.00
826 829  0  5 1.00
827 828  0  5 1.00
827 829  0  5 1.00
828 829  0  5 1.00
828 830  0  5 1.00
829 830  0  5 1.00
829 831  0  5 1.00
830 831  0  5 1.00
830 832  0  5 1.00
831 832  0  5 1.00
831 833  0  5 1.00
831 848  0  5 1.00
832 833  0  5 1.00
832 834  0  5 1.00
832 844  0  5 1.00
832 845  0  5 1.00
832 848  0  5 1.00
833 834  0  5 1.00
833 835  0  5 1.00
833 843  0  5 1.00
833 844  0  5 1.00
833 845  0  5 1.00
834 835  0  5 1.00
834 836  0  5 1.00
834 841  0  5 1.00
834 842  0  5 1.00
834 843  0  5 1.00
834 844  0  5 1.00
834 845  0  5 1.00
835 836  0  5 1.00
835 837  0  5 1.00
835 841  0  5 1.00
835 842  0  5 1.00
836 837  0  5 1.00
836 838  0  5 1.00
836 839  0  5 1.00
836 840  0  5 1.00
836 841  0  5 1.00
836 842  0  5 1.00
837 838  0  5 1.00
837 839  0  5 1.00
837 840  0  5 1.00
838 839  0  5 1.00
838 840  0  5 1.00
839 840  0  5 1.00
839 841  0  5 1.00
840 841  0  5 1.00
840 842  0  5 1.00
841 842  0  5 1.00
841 843  0  5 1.00
842 843  0  5 1.00
842 844  0  5 1.00
843 844  0  5 1.00
843 845  0  5 1.00
844 845  0  5 1.00
844 846  0  5 1.00
845 846  0  5 1.00
845 847  0  5 1.00
845 848  0  5 1.00
845 849  0  5 1.00
846 847  0  5 1.00
846 848  0  5 1.00
846 849  0  5 1.00
846 850  0  5 1.00
847 848  0  5 1.00
847 849  0  5 1.00
847 850  0  5 1.00
847 851  0  5 1.00
847 852  0  5 1.00
848 849  0  5 1.00
848 850  0  5 1.00
848 851  0  5 1.00
848 852  0  5 1.00
849 850  0  5 1.00
849 851  0  5 1.00
849 852  0  5 1.00
849 853  0  5 1.00
850 851  0  5 1.00
850 852  0  5 1.00
850 853  0  5 1.00
850 854  0  5 1.00
850 855  0  5 1.00
851 852  0  5 1.00
851 853  0  5 1.00
851 854  0  5 1.00
851 855  0  5 1.00
851 856  0  5 1.00
852 853  0  5 1.00
852 854  0  5 1.00
852 855  0  5 1.00
852 856  0  5 1.00
852 857  0  5 1.00
853 854  0  5 1.00
853 855  0  5 1.00
853 856  0  5 1.00
853 857  0  5 1.00
854 855  0  5 1.00
854 856  0  5 1.00
854 857  0  5 1.00
854 858  0  5 1.00
854 859  0  5 1.00
855 856  0  5 1.00
855 857  0  5 1.00
855 858  0  5 1.00
855 859  0  5 1.00
855 860  0  5 1.00
856 857  0  5 1.00
856 858  0  5 1.00
856 859  0  5 1.00
856 860  0  5 1.00
857 858  0  5 1.00
857 859  0  5 1.00
857 860  0  5 1.00
857 861  0  5 1.00
858 859  0  5 1.00
858 860  0  5 1.00
858 861  0  5 1.00
858 862  0  5 1.00
859 860  0  5 1.00
859 861  0  5 1.00
859 862  0  5 1.00
859 863  0  5 1.00
860 861  0  5 1.00
860 862  0  5 1.00
860 863  0  5 1.00
860 864  0  5 1.00
861 862  0  5 1.00
861 863  0  5 1.00
861 864  0  5 1.00
861 865  0  5 1.00
862 863  0  5 1.00
862 864  0  5 1.00
862 865  0  5 1.00
862 866  0  5 1.00
863 864  0  5 1.00
863 865  0  5 1.00
863 866  0  5 1.00
863 867  0  5 1.00
863 868  0  5 1.00
864 865  0  5 1.00
864 866  0  5 1.00
864 867  0  5 1.00
864 868  0  5 1.00
865 866  0  5 1.00
865 867  0  5 1.00
865 868  0  5 1.00
865 869  0  5 1.00
865 870  0  5 1.00
866 867  0  5 1.00
866 868  0  5 1.00
866 869  0  5 1.00
866 870  0  5 1.00
867 868  0  5 1.00
867 869  0  5 1.00
867 870  0  5 1.00
867 871  0  5 1.00
868 869  0  5 1.00
868 870  0  5 1.00
868 871  0  5 1.00
868 872  0  5 1.00
869 870  0  5 1.00
869 871  0  5 1.00
869 872  0  5 1.00
869 873  0  5 1.00
870 871  0  5 1.00
870 872  0  5 1.00
870 873  0  5 1.00
870 874  0  5 1.00
871 872  0  5 1.00
871 873  0  5 1.00
871 874  0  5 1.00
872 873  0  5 1.00
872 874  0  5 1.00
873 874  0  5 1.00
873 875  0  5 1.00
874 875  0  5 1.00
874 876  0  5 1.00
874 877  0  5 1.00
875 876  0  5 1.00
875 877  0  5 1.00
876 877  0  5 1.00
876 878  0  5 1.00
877 878  0  5 1.00
877 879  0  5 1.00
878 879  0  5 1.00
878 880  0  5 1.00
879 880  0  5 1.00
879 881  0  5 1.00
880 881  0  5 1.00
880 882  0  5 1.00
881 882  0  5 1.00
881 883  0  5 1.00
882 883  0  5 1.00
882 884  0  5 1.00
883 884  0  5 1.00
883 885  0  5 1.00
884 885  0  5 1.00
884 886  0  5 1.00
885 886  0  5 1.00
885 887  0  5 1.00
886 887  0  5 1.00
886 888  0  5 1.00
886 889  0  5 1.00
886 890  0  5 1.00
887 888  0  5 1.00
887 889  0  5 1.00
887 890  0  5 1.00
887 891  0  5 1.00
888 889  0  5 1.00
888 890  0  5 1.00
888 891  0  5 1.00
888 892  0  5 1.00
889 890  0  5 1.00
889 891  0  5 1.00
889 892  0  5 1.00
889 893  0  5 1.00
890 891  0  5 1.00
890 892  0  5 1.00
890 893  0  5 1.00
890 894  0  5 1.00
890 895  0  5 1.00
891 892  0  5 1.00
891 893  0  5 1.00
891 894  0  5 1.00
891 895  0  5 1.00
892 893  0  5 1.00
892 894  0  5 1.00
892 895  0  5 1.00
892 896  0  5 1.00
893 894  0  5 1.00
893 895  0  5 1.00
893 896  0  5 1.00
893 897  0  5 1.00
894 895  0  5 1.00
894 896  0  5 1.00
894 897  0  5 1.00
894 898  0  5 1.00
894 922  0  5 1.00
895 896  0  5 1.00
895 897  0  5 1.00
895 898  0  5 1.00
895 899  0  5 1.00
896 897  0  5 1.00
896 898  0  5 1.00
896 899  0  5 1.00
897 898  0  5 1.00
897 899  0  5 1.00
897 900  0  5 1.00
898 899  0  5 1.00
898 900  0  5 1.00
898 922  0  5 1.00
899 900  0  5 1.00
899 901  0  5 1.00
900 901  0  5 1.00
900 902  0  5 1.00
900 903  0  5 1.00
901 902  0  5 1.00
901 903  0  5 1.00
902 903  0  5 1.00
902 904  0  5 1.00
903 904  0  5 1.00
903 905  0  5 1.00
904 905  0  5 1.00
904 906  0  5 1.00
905 906  0  5 1.00
905 907  0  5 1.00
906 907  0  5 1.00
906 908  0  5 1.00
906 909  0  5 1.00
906 910  0  5 1.00
907 908  0  5 1.00
907 909  0  5 1.00
907 910  0  5 1.00
907 911  0  5 1.00
908 909  0  5 1.00
908 910  0  5 1.00
908 911  0  5 1.00
908 912  0  5 1.00
909 910  0  5 1.00
909 911  0  5 1.00
909 912  0  5 1.00
909 913  0  5 1.00
910 911  0  5 1.00
910 912  0  5 1.00
910 913  0  5 1.00
911 912  0  5 1.00
911 913  0  5 1.00
912 913  0  5 1.00
912 914  0  5 1.00
913 914  0  5 1.00
913 915  0  5 1.00
914 915  0  5 1.00
914 916  0  5 1.00
915 916  0  5 1.00
915 917  0  5 1.00
915 918  0  5 1.00
915 919  0  5 1.00
916 917  0  5 1.00
916 918  0  5 1.00
916 919  0  5 1.00
916 920  0  5 1.00
917 918  0  5 1.00
917 919  0  5 1.00
917 920  0  5 1.00
917 921  0  5 1.00
917 922  0  5 1.00
918 919  0  5 1.00
918 920  0  5 1.00
918 921  0  5 1.00
918 922  0  5 1.00
919 920  0  5 1.00
919 921  0  5 1.00
919 922  0  5 1.00
919 923  0  5 1.00
920 921  0  5 1.00
920 922  0  5 1.00
920 923  0  5 1.00
920 924  0  5 1.00
920 925  0  5 1.00
921 922  0  5 1.00
921 923  0  5 1.00
921 924  0  5 1.00
921 925  0  5 1.00
922 923  0  5 1.00
922 924  0  5 1.00
922 925  0  5 1.00
922 926  0  5 1.00
923 924  0  5 1.00
923 925  0  5 1.00
923 926  0  5 1.00
923 927  0  5 1.00
924 925  0  5 1.00
924 926  0  5 1.00
924 927  0  5 1.00
924 928  0  5 1.00
925 926  0  5 1.00
925 927  0  5 1.00
925 928  0  5 1.00
926 927  0  5 1.00
926 928  0  5 1.00
926 942  0  5 1.00
926 943  0  5 1.00
927 928  0  5 1.00
927 942  0  5 1.00
927 943  0  5 1.00
939 940  0  5 1.00
939 941  0  5 1.00
939 942  0  5 1.00
939 943  0  5 1.00
940 941  0  5 1.00
940 942  0  5 1.00
940 943  0  5 1.00
940 944  0  5 1.00
940 945  0  5 1.00
941 942  0  5 1.00
941 943  0  5 1.00
941 944  0  5 1.00
941 945  0  5 1.00
942 943  0  5 1.00
942 944  0  5 1.00
942 945  0  5 1.00
943 944  0  5 1.00
943 945  0  5 1.00
944 945  0  5 1.00
944 946  0  5 1.00
945 946  0  5 1.00
945 947  0  5 1.00
946 947  0  5 1.00
946 948  0  5 1.00
947 948  0  5 1.00
947 949  0  5 1.00
948 949  0  5 1.00
948 950  0  5 1.00
949 950  0  5 1.00
949 951  0  5 1.00
950 951  0  5 1.00
950 952  0  5 1.00
951 952  0  5 1.00
951 953  0  5 1.00
952 953  0  5 1.00
952 954  0  5 1.00
953 954  0  5 1.00
953 955  0  5 1.00
954 955  0  5 1.00
954 956  0  5 1.00
955 956  0  5 1.00
955 957  0  5 1.00
956 957  0  5 1.00
956 958  0  5 1.00
957 958  0  5 1.00
972 973  0  5 1.00
972 974  0  5 1.00
972 975  0  5 1.00
972 976  0  5 1.00
973 974  0  5 1.00
973 975  0  5 1.00
973 976  0  5 1.00
973 977  0  5 1.00
973 978  0  5 1.00
974 975  0  5 1.00
974 976  0  5 1.00
974 977  0  5 1.00
974 978  0  5 1.00
974 979  0  5 1.00
975 976  0  5 1.00
975 977  0  5 1.00
975 978  0  5 1.00
975 979  0  5 1.00
976 977  0  5 1.00
976 978  0  5 1.00
976 979  0  5 1.00
976 980  0  5 1.00
977 978  0  5 1.00
977 979  0  5 1.00
977 980  0  5 1.00
977 981  0  5 1.00
977 982  0  5 1.00
978 979  0  5 1.00
978 980  0  5 1.00
978 981  0  5 1.00
979 980  0  5 1.00
979 981  0  5 1.00
980 981  0  5 1.00
980 982  0  5 1.00
981 982  0  5 1.00
981 983  0  5 1.00
982 983  0  5 1.00
982 984  0  5 1.00
983 984  0  5 1.00
988 989  0  5 1.00
988 990  0  5 1.00
988 991  0  5 1.00
988 992  0  5 1.00
989 990  0  5 1.00
989 991  0  5 1.00
989 992  0  5 1.00
990 991  0  5 1.00
990 992  0  5 1.00
990 993  0  5 1.00
990 994  0  5 1.00
991 992  0  5 1.00
991 993  0  5 1.00
991 994  0  5 1.00
991 995  0  5 1.00
992 993  0  5 1.00
992 994  0  5 1.00
992 995  0  5 1.00
992 996  0  5 1.00
993 994  0  5 1.00
993 995  0  5 1.00
993 996  0  5 1.00
993 997  0  5 1.00
994 995  0  5 1.00
994 996  0  5 1.00
994 997  0  5 1.00
994 998  0  5 1.00
995 996  0  5 1.00
995 997  0  5 1.00
995 998  0  5 1.00
995 999  0  5 1.00
996 997  0  5 1.00
996 998  0  5 1.00
996 999  0  5 1.00
996 1000  0  5 1.00
997 998  0  5 1.00
997 999  0  5 1.00
997 1000  0  5 1.00
998 999  0  5 1.00
998 1000  0  5 1.00
999 1000  0  5 1.00
999 1001  0  5 1.00
1000 1001  0  5 1.00
1000 1002  0  5 1.00
1001 1002  0  5 1.00
1001 1003  0  5 1.00
1002 1003  0  5 1.00
1002 1004  0  5 1.00
1002 1005  0  5 1.00
1002 1006  0  5 1.00
1003 1004  0  5 1.00
1003 1005  0  5 1.00
1004 1005  0  5 1.00
1004 1006  0  5 1.00
1004 1007  0  5 1.00
1004 1008  0  5 1.00
1005 1006  0  5 1.00
1005 1007  0  5 1.00
1005 1008  0  5 1.00
1005 1009  0  5 1.00
1006 1007  0  5 1.00
1006 1008  0  5 1.00
1006 1009  0  5 1.00
1006 1010  0  5 1.00
1007 1008  0  5 1.00
1007 1009  0  5 1.00
1007 1010  0  5 1.00
1008 1009  0  5 1.00
1008 1010  0  5 1.00
1009 1010  0  5 1.00
1009 1011  0  5 1.00
1010 1011  0  5 1.00
1010 1012  0  5 1.00
1011 1012  0  5 1.00
1011 1013  0  5 1.00
1012 1013  0  5 1.00
1012 1014  0  5 1.00
1012 1152  0  5 1.00
1012 1153  0  5 1.00
1013 1014  0  5 1.00
1013 1015  0  5 1.00
1013 1029  0  5 1.00
1013 1030  0  5 1.00
1013 1031  0  5 1.00
1013 1153  0  5 1.00
1014 1015  0  5 1.00
1014 1016  0  5 1.00
1014 1030  0  5 1.00
1014 1031  0  5 1.00
1014 1032  0  5 1.00
1014 1153  0  5 1.00
1014 1154  0  5 1.00
1014 1155  0  5 1.00
1015 1016  0  5 1.00
1015 1017  0  5 1.00
1015 1031  0  5 1.00
1015 1032  0  5 1.00
1015 1155  0  5 1.00
1016 1017  0  5 1.00
1016 1155  0  5 1.00
1016 1156  0  5 1.00
1016 1157  0  5 1.00
1027 1028  0  5 1.00
1027 1029  0  5 1.00
1027 1030  0  5 1.00
1028 1029  0  5 1.00
1028 1030  0  5 1.00
1029 1030  0  5 1.00
1029 1031  0  5 1.00
1030 1031  0  5 1.00
1030 1032  0  5 1.00
1031 1032  0  5 1.00
1044 1045  0  5 1.00
1044 1046  0  5 1.00
1045 1046  0  5 1.00
1045 1047  0  5 1.00
1046 1047  0  5 1.00
1046 1048  0  5 1.00
1047 1048  0  5 1.00
1047 1049  0  5 1.00
1047 1050  0  5 1.00
1047 1051  0  5 1.00
1048 1049  0  5 1.00
1048 1050  0  5 1.00
1048 1051  0  5 1.00
1048 1052  0  5 1.00
1049 1050  0  5 1.00
1049 1051  0  5 1.00
1050 1051  0  5 1.00
1050 1052  0  5 1.00
1051 1052  0  5 1.00
1051 1053  0  5 1.00
1052 1053  0  5 1.00
1052 1054  0  5 1.00
1053 1054  0  5 1.00
1053 1055  0  5 1.00
1054 1055  0  5 1.00
1054 1056  0  5 1.00
1055 1056  0  5 1.00
1055 1057  0  5 1.00
1056 1057  0  5 1.00
1056 1058  0  5 1.00
1056 1059  0  5 1.00
1056 1060  0  5 1.00
1056 1061  0  5 1.00
1057 1058  0  5 1.00
1057 1059  0  5 1.00
1057 1060  0  5 1.00
1057 1061  0  5 1.00
1058 1059  0  5 1.00
1058 1060  0  5 1.00
1058 1061  0  5 1.00
1058 1062  0  5 1.00
1059 1060  0  5 1.00
1059 1061  0  5 1.00
1059 1062  0  5 1.00
1059 1063  0  5 1.00
1060 1061  0  5 1.00
1060 1062  0  5 1.00
1060 1063  0  5 1.00
1060 1064  0  5 1.00
1060 1065  0  5 1.00
1061 1062  0  5 1.00
1061 1063  0  5 1.00
1061 1064  0  5 1.00
1061 1065  0  5 1.00
1062 1063  0  5 1.00
1062 1064  0  5 1.00
1062 1065  0  5 1.00
1062 1066  0  5 1.00
1063 1064  0  5 1.00
1063 1065  0  5 1.00
1063 1066  0  5 1.00
1063 1067  0  5 1.00
1064 1065  0  5 1.00
1064 1066  0  5 1.00
1064 1067  0  5 1.00
1064 1068  0  5 1.00
1065 1066  0  5 1.00
1065 1067  0  5 1.00
1065 1068  0  5 1.00
1065 1069  0  5 1.00
1066 1067  0  5 1.00
1066 1068  0  5 1.00
1066 1069  0  5 1.00
1066 1070  0  5 1.00
1067 1068  0  5 1.00
1067 1069  0  5 1.00
1067 1070  0  5 1.00
1067 1071  0  5 1.00
1068 1069  0  5 1.00
1068 1070  0  5 1.00
1068 1071  0  5 1.00
1069 1070  0  5 1.00
1069 1071  0  5 1.00
1070 1071  0  5 1.00
1070 1072  0  5 1.00
1071 1072  0  5 1.00
1071 1073  0  5 1.00
1072 1073  0  5 1.00
1072 1074  0  5 1.00
1072 1075  0  5 1.00
1073 1074  0  5 1.00
1073 1075  0  5 1.00
1073 1121  0  5 1.00
1074 1075  0  5 1.00
1074 1076  0  5 1.00
1075 1076  0  5 1.00
1075 1077  0  5 1.00
1076 1077  0  5 1.00
1076 1078  0  5 1.00
1077 1078  0  5 1.00
1077 1079  0  5 1.00
1078 1079  0  5 1.00
1078 1080  0  5 1.00
1078 1081  0  5 1.00
1078 1082  0  5 1.00
1078 1083  0  5 1.00
1079 1080  0  5 1.00
1079 1081  0  5 1.00
1079 1082  0  5 1.00
1079 1083  0  5 1.00
1080 1081  0  5 1.00
1080 1082  0  5 1.00
1080 1083  0  5 1.00
1080 1084  0  5 1.00
1081 1082  0  5 1.00
1081 1083  0  5 1.00
1081 1084  0  5 1.00
1081 1085  0  5 1.00
1082 1083  0  5 1.00
1082 1084  0  5 1.00
1082 1085  0  5 1.00
1082 1086  0  5 1.00
1083 1084  0  5 1.00
1083 1085  0  5 1.00
1083 1086  0  5 1.00
1083 1087  0  5 1.00
1083 1088  0  5 1.00
1084 1085  0  5 1.00
1084 1086  0  5 1.00
1084 1087  0  5 1.00
1084 1088  0  5 1.00
1085 1086  0  5 1.00
1085 1087  0  5 1.00
1085 1088  0  5 1.00
1085 1089  0  5 1.00
1085 1090  0  5 1.00
1086 1087  0  5 1.00
1086 1088  0  5 1.00
1086 1089  0  5 1.00
1086 1090  0  5 1.00
1087 1088  0  5 1.00
1087 1089  0  5 1.00
1087 1090  0  5 1.00
1087 1091  0  5 1.00
1088 1089  0  5 1.00
1088 1090  0  5 1.00
1088 1091  0  5 1.00
1088 1092  0  5 1.00
1088 1093  0  5 1.00
1089 1090  0  5 1.00
1089 1091  0  5 1.00
1089 1092  0  5 1.00
1089 1093  0  5 1.00
1089 1094  0  5 1.00
1089 1095  0  5 1.00
1090 1091  0  5 1.00
1090 1092  0  5 1.00
1090 1093  0  5 1.00
1090 1094  0  5 1.00
1090 1095  0  5 1.00
1091 1092  0  5 1.00
1091 1093  0  5 1.00
1092 1093  0  5 1.00
1092 1094  0  5 1.00
1093 1094  0  5 1.00
1093 1095  0  5 1.00
1094 1095  0  5 1.00
1094 1096  0  5 1.00
1095 1096  0  5 1.00
1095 1097  0  5 1.00
1096 1097  0  5 1.00
1096 1098  0  5 1.00
1096 1099  0  5 1.00
1096 1100  0  5 1.00
1097 1098  0  5 1.00
1097 1099  0  5 1.00
1097 1100  0  5 1.00
1097 1101  0  5 1.00
1098 1099  0  5 1.00
1098 1100  0  5 1.00
1098 1101  0  5 1.00
1098 1102  0  5 1.00
1099 1100  0  5 1.00
1099 1101  0  5 1.00
1099 1102  0  5 1.00
1099 1103  0  5 1.00
1100 1101  0  5 1.00
1100 1102  0  5 1.00
1100 1103  0  5 1.00
1101 1102  0  5 1.00
1101 1103  0  5 1.00
1102 1103  0  5 1.00
1102 1104  0  5 1.00
1103 1104  0  5 1.00
1103 1105  0  5 1.00
1104 1105  0  5 1.00
1104 1106  0  5 1.00
1104 1107  0  5 1.00
1104 1108  0  5 1.00
1105 1106  0  5 1.00
1105 1107  0  5 1.00
1105 1108  0  5 1.00
1105 1109  0  5 1.00
1105 1110  0  5 1.00
1106 1107  0  5 1.00
1106 1108  0  5 1.00
1106 1109  0  5 1.00
1106 1110  0  5 1.00
1107 1108  0  5 1.00
1107 1109  0  5 1.00
1107 1110  0  5 1.00
1107 1111  0  5 1.00
1107 1224  0  5 1.00
1108 1109  0  5 1.00
1108 1110  0  5 1.00
1108 1111  0  5 1.00
1108 1112  0  5 1.00
1109 1110  0  5 1.00
1109 1111  0  5 1.00
1109 1112  0  5 1.00
1109 1113  0  5 1.00
1110 1111  0  5 1.00
1110 1112  0  5 1.00
1110 1113  0  5 1.00
1110 1114  0  5 1.00
1111 1112  0  5 1.00
1111 1113  0  5 1.00
1111 1114  0  5 1.00
1111 1116  0  5 1.00
1111 1117  0  5 1.00
1111 1118  0  5 1.00
1112 1113  0  5 1.00
1112 1114  0  5 1.00
1112 1117  0  5 1.00
1112 1118  0  5 1.00
1113 1114  0  5 1.00
1113 1115  0  5 1.00
1114 1115  0  5 1.00
1114 1116  0  5 1.00
1114 1117  0  5 1.00
1114 1118  0  5 1.00
1115 1116  0  5 1.00
1115 1117  0  5 1.00
1115 1118  0  5 1.00
1115 1119  0  5 1.00
1116 1117  0  5 1.00
1116 1118  0  5 1.00
1116 1119  0  5 1.00
1116 1120  0  5 1.00
1117 1118  0  5 1.00
1117 1119  0  5 1.00
1117 1120  0  5 1.00
1117 1121  0  5 1.00
1118 1119  0  5 1.00
1118 1120  0  5 1.00
1118 1121  0  5 1.00
1118 1122  0  5 1.00
1119 1120  0  5 1.00
1119 1121  0  5 1.00
1119 1122  0  5 1.00
1119 1123  0  5 1.00
1120 1121  0  5 1.00
1120 1122  0  5 1.00
1120 1123  0  5 1.00
1121 1122  0  5 1.00
1121 1123  0  5 1.00
1122 1123  0  5 1.00
1122 1124  0  5 1.00
1123 1124  0  5 1.00
1123 1125  0  5 1.00
1123 1163  0  5 1.00
1124 1125  0  5 1.00
1124 1126  0  5 1.00
1124 1163  0  5 1.00
1124 1164  0  5 1.00
1125 1126  0  5 1.00
1125 1127  0  5 1.00
1125 1161  0  5 1.00
1125 1162  0  5 1.00
1125 1163  0  5 1.00
1126 1127  0  5 1.00
1126 1128  0  5 1.00
1126 1161  0  5 1.00
1126 1162  0  5 1.00
1126 1163  0  5 1.00
1127 1128  0  5 1.00
1127 1129  0  5 1.00
1127 1159  0  5 1.00
1127 1160  0  5 1.00
1127 1161  0  5 1.00
1128 1129  0  5 1.00
1128 1130  0  5 1.00
1128 1158  0  5 1.00
1128 1159  0  5 1.00
1128 1160  0  5 1.00
1129 1130  0  5 1.00
1129 1131  0  5 1.00
1129 1158  0  5 1.00
1129 1159  0  5 1.00
1129 1160  0  5 1.00
1130 1131  0  5 1.00
1130 1132  0  5 1.00
1130 1156  0  5 1.00
1130 1157  0  5 1.00
1130 1158  0  5 1.00
1130 1159  0  5 1.00
1131 1132  0  5 1.00
1131 1133  0  5 1.00
1131 1156  0  5 1.00
1131 1157  0  5 1.00
1131 1158  0  5 1.00
1132 1133  0  5 1.00
1132 1134  0  5 1.00
1132 1154  0  5 1.00
1132 1155  0  5 1.00
1132 1156  0  5 1.00
1133 1134  0  5 1.00
1133 1135  0  5 1.00
1133 1154  0  5 1.00
1133 1155  0  5 1.00
1134 1135  0  5 1.00
1134 1136  0  5 1.00
1134 1152  0  5 1.00
1134 1153  0  5 1.00
1134 1154  0  5 1.00
1134 1155  0  5 1.00
1135 1136  0  5 1.00
1135 1137  0  5 1.00
1135 1152  0  5 1.00
1135 1153  0  5 1.00
1136 1137  0  5 1.00
1136 1138  0  5 1.00
1136 1150  0  5 1.00
1136 1151  0  5 1.00
1136 1152  0  5 1.00
1137 1138  0  5 1.00
1137 1139  0  5 1.00
1137 1140  0  5 1.00
1137 1141  0  5 1.00
1137 1149  0  5 1.00
1137 1150  0  5 1.00
1137 1151  0  5 1.00
1137 1152  0  5 1.00
1138 1139  0  5 1.00
1138 1140  0  5 1.00
1138 1141  0  5 1.00
1138 1142  0  5 1.00
1138 1145  0  5 1.00
1138 1148  0  5 1.00
1138 1149  0  5 1.00
1138 1150  0  5 1.00
1138 1151  0  5 1.00
1138 1152  0  5 1.00
1139 1140  0  5 1.00
1139 1141  0  5 1.00
1139 1142  0  5 1.00
1139 1143  0  5 1.00
1139 1145  0  5 1.00
1139 1148  0  5 1.00
1140 1141  0  5 1.00
1140 1142  0  5 1.00
1141 1142  0  5 1.00
1141 1143  0  5 1.00
1142 1143  0  5 1.00
1142 1144  0  5 1.00
1142 1145  0  5 1.00
1142 1146  0  5 1.00
1143 1144  0  5 1.00
1143 1145  0  5 1.00
1143 1146  0  5 1.00
1144 1145  0  5 1.00
1144 1146  0  5 1.00
1145 1146  0  5 1.00
1145 1147  0  5 1.00
1145 1148  0  5 1.00
1146 1147  0  5 1.00
1146 1148  0  5 1.00
1147 1148  0  5 1.00
1147 1149  0  5 1.00
1148 1149  0  5 1.00
1148 1150  0  5 1.00
1149 1150  0  5 1.00
1149 1151  0  5 1.00
1150 1151  0  5 1.00
1150 1152  0  5 1.00
1151 1152  0  5 1.00
1151 1153  0  5 1.00
1152 1153  0  5 1.00
1152 1154  0  5 1.00
1153 1154  0  5 1.00
1153 1155  0  5 1.00
1154 1155  0  5 1.00
1154 1156  0  5 1.00
1155 1156  0  5 1.00
1155 1157  0  5 1.00
1156 1157  0  5 1.00
1156 1158  0  5 1.00
1157 1158  0  5 1.00
1157 1159  0  5 1.00
1158 1159  0  5 1.00
1158 1160  0  5 1.00
1158 1171  0  5 1.00
1159 1160  0  5 1.00
1159 1161  0  5 1.00
1159 1171  0  5 1.00
1160 1161  0  5 1.00
1160 1162  0  5 1.00
1160 1169  0  5 1.00
1160 1170  0  5 1.00
1160 1171  0  5 1.00
1161 1162  0  5 1.00
1161 1163  0  5 1.00
1161 1169  0  5 1.00
1161 1170  0  5 1.00
1161 1171  0  5 1.00
1162 1163  0  5 1.00
1162 1164  0  5 1.00
1162 1167  0  5 1.00
1162 1168  0  5 1.00
1162 1169  0  5 1.00
1163 1164  0  5 1.00
1163 1165  0  5 1.00
1163 1167  0  5 1.00
1163 1168  0  5 1.00
1164 1165  0  5 1.00
1164 1166  0  5 1.00
1164 1167  0  5 1.00
1165 1166  0  5 1.00
1165 1167  0  5 1.00
1166 1167  0  5 1.00
1166 1168  0  5 1.00
1167 1168  0  5 1.00
1167 1169  0  5 1.00
1168 1169  0  5 1.00
1168 1170  0  5 1.00
1168 1215  0  5 1.00
1168 1216  0  5 1.00
1168 1217  0  5 1.00
1168 1218  0  5 1.00
1169 1170  0  5 1.00
1169 1171  0  5 1.00
1169 1217  0  5 1.00
1169 1218  0  5 1.00
1170 1171  0  5 1.00
1170 1172  0  5 1.00
1170 1218  0  5 1.00
1170 1219  0  5 1.00
1170 1220  0  5 1.00
1171 1172  0  5 1.00
1171 1173  0  5 1.00
1171 1220  0  5 1.00
1172 1173  0  5 1.00
1172 1174  0  5 1.00
1172 1220  0  5 1.00
1172 1221  0  5 1.00
1172 1222  0  5 1.00
1173 1174  0  5 1.00
1173 1175  0  5 1.00
1173 1222  0  5 1.00
1174 1175  0  5 1.00
1174 1176  0  5 1.00
1174 1222  0  5 1.00
1174 1223  0  5 1.00
1174 1224  0  5 1.00
1175 1176  0  5 1.00
1175 1177  0  5 1.00
1175 1224  0  5 1.00
1176 1177  0  5 1.00
1176 1178  0  5 1.00
1176 1225  0  5 1.00
1177 1178  0  5 1.00
1177 1179  0  5 1.00
1178 1179  0  5 1.00
1178 1180  0  5 1.00
1179 1180  0  5 1.00
1179 1225  0  5 1.00
1185 1186  0  5 1.00
1185 1187  0  5 1.00
1185 1188  0  5 1.00
1185 1189  0  5 1.00
1186 1187  0  5 1.00
1186 1188  0  5 1.00
1186 1189  0  5 1.00
1186 1190  0  5 1.00
1187 1188  0  5 1.00
1187 1189  0  5 1.00
1187 1190  0  5 1.00
1187 1191  0  5 1.00
1188 1189  0  5 1.00
1188 1190  0  5 1.00
1188 1191  0  5 1.00
1188 1192  0  5 1.00
1189 1190  0  5 1.00
1189 1191  0  5 1.00
1189 1192  0  5 1.00
1189 1193  0  5 1.00
1189 1194  0  5 1.00
1190 1191  0  5 1.00
1190 1192  0  5 1.00
1190 1193  0  5 1.00
1190 1194  0  5 1.00
1191 1192  0  5 1.00
1191 1193  0  5 1.00
1191 1194  0  5 1.00
1191 1195  0  5 1.00
1192 1193  0  5 1.00
1192 1194  0  5 1.00
1192 1195  0  5 1.00
1192 1196  0  5 1.00
1193 1194  0  5 1.00
1193 1195  0  5 1.00
1193 1196  0  5 1.00
1193 1197  0  5 1.00
1193 1198  0  5 1.00
1194 1195  0  5 1.00
1194 1196  0  5 1.00
1194 1197  0  5 1.00
1194 1198  0  5 1.00
1195 1196  0  5 1.00
1195 1197  0  5 1.00
1195 1198  0  5 1.00
1196 1197  0  5 1.00
1196 1198  0  5 1.00
1197 1198  0  5 1.00
1197 1199  0  5 1.00
1197 1200  0  5 1.00
1197 1201  0  5 1.00
1198 1199  0  5 1.00
1198 1200  0  5 1.00
1198 1201  0  5 1.00
1198 1202  0  5 1.00
1199 1200  0  5 1.00
1199 1201  0  5 1.00
1199 1202  0  5 1.00
1199 1203  0  5 1.00
1200 1201  0  5 1.00
1200 1202  0  5 1.00
1200 1203  0  5 1.00
1200 1204  0  5 1.00
1201 1202  0  5 1.00
1201 1203  0  5 1.00
1201 1204  0  5 1.00
1201 1205  0  5 1.00
1201 1206  0  5 1.00
1202 1203  0  5 1.00
1202 1204  0  5 1.00
1202 1205  0  5 1.00
1202 1206  0  5 1.00
1202 1207  0  5 1.00
1203 1204  0  5 1.00
1203 1205  0  5 1.00
1203 1206  0  5 1.00
1203 1207  0  5 1.00
1203 1208  0  5 1.00
1204 1205  0  5 1.00
1204 1206  0  5 1.00
1204 1207  0  5 1.00
1204 1208  0  5 1.00
1204 1209  0  5 1.00
1205 1206  0  5 1.00
1205 1207  0  5 1.00
1205 1208  0  5 1.00
1205 1209  0  5 1.00
1205 1210  0  5 1.00
1206 1207  0  5 1.00
1206 1208  0  5 1.00
1206 1209  0  5 1.00
1206 1210  0  5 1.00
1206 1211  0  5 1.00
1207 1208  0  5 1.00
1207 1209  0  5 1.00
1207 1210  0  5 1.00
1207 1211  0  5 1.00
1207 1212  0  5 1.00
1208 1209  0  5 1.00
1208 1210  0  5 1.00
1208 1211  0  5 1.00
1208 1212  0  5 1.00
1208 1213  0  5 1.00
1208 1214  0  5 1.00
1209 1210  0  5 1.00
1209 1211  0  5 1.00
1209 1212  0  5 1.00
1209 1213  0  5 1.00
1209 1214  0  5 1.00
1209 1215  0  5 1.00
1210 1211  0  5 1.00
1210 1212  0  5 1.00
1210 1213  0  5 1.00
1211 1212  0  5 1.00
1211 1213  0  5 1.00
1212 1213  0  5 1.00
1212 1214  0  5 1.00
1213 1214  0  5 1.00
1213 1215  0  5 1.00
1214 1215  0  5 1.00
1214 1216  0  5 1.00
1215 1216  0  5 1.00
1215 1217  0  5 1.00
1216 1217  0  5 1.00
1216 1218  0  5 1.00
1217 1218  0  5 1.00
1217 1219  0  5 1.00
1218 1219  0  5 1.00
1218 1220  0  5 1.00
1218 1232  0  5 1.00
1219 1220  0  5 1.00
1219 1221  0  5 1.00
1219 1230  0  5 1.00
1219 1231  0  5 1.00
1219 1232  0  5 1.00
1220 1221  0  5 1.00
1220 1222  0  5 1.00
1220 1230  0  5 1.00
1220 1231  0  5 1.00
1220 1232  0  5 1.00
1221 1222  0  5 1.00
1221 1223  0  5 1.00
1221 1228  0  5 1.00
1221 1229  0  5 1.00
1221 1230  0  5 1.00
1222 1223  0  5 1.00
1222 1224  0  5 1.00
1222 1228  0  5 1.00
1222 1229  0  5 1.00
1223 1224  0  5 1.00
1223 1225  0  5 1.00
1223 1226  0  5 1.00
1223 1227  0  5 1.00
1223 1228  0  5 1.00
1223 1229  0  5 1.00
1224 1225  0  5 1.00
1224 1226  0  5 1.00
1224 1227  0  5 1.00
1225 1226  0  5 1.00
1225 1227  0  5 1.00
1225 1228  0  5 1.00
1226 1227  0  5 1.00
1226 1228  0  5 1.00
1227 1228  0  5 1.00
1227 1229  0  5 1.00
1228 1229  0  5 1.00
1228 1230  0  5 1.00
1229 1230  0  5 1.00
1229 1231  0  5 1.00
1230 1231  0  5 1.00
1230 1232  0  5 1.00
1231 1232  0  5 1.00
END
HELX_P HELX_P1   1   THR A 12   ? SER A 21   ? THR A 12   SER A 21   1 ? 10 
HELX_P HELX_P2   2   GLY A 35   ? THR A 49   ? GLY A 35   THR A 49   1 ? 15 
HELX_P HELX_P3   3   ASP A 56   ? ASP A 58   ? ASP A 56   ASP A 58   5 ? 3  
HELX_P HELX_P4   4   THR A 66   ? ARG A 88   ? THR A 66   ARG A 88   1 ? 23 
HELX_P HELX_P5   5   SER A 91   ? LEU A 101  ? SER A 91   LEU A 101  1 ? 11 
HELX_P HELX_P6   6   THR A 108  ? TYR A 121  ? THR A 108  TYR A 121  1 ? 14 
HELX_P HELX_P7   7   TYR A 122  ? ILE A 124  ? TYR A 122  ILE A 124  5 ? 3  
HELX_P HELX_P8   8   ASP A 134  ? GLY A 157  ? ASP A 134  GLY A 157  1 ? 24 
HELX_P HELX_P9   9   GLU A 158  ? THR A 169  ? GLU A 158  THR A 169  1 ? 12 
HELX_P HELX_P10  10  ASP A 174  ? ARG A 189  ? ASP A 174  ARG A 189  1 ? 16 
HELX_P HELX_P11  11  ASN A 193  ? SER A 200  ? ASN A 193  SER A 200  1 ? 8  
HELX_P HELX_P12  12  PHE A 201  ? ASP A 206  ? PHE A 201  ASP A 206  1 ? 6  
HELX_P HELX_P13  13  PHE A 218  ? THR A 244  ? PHE A 218  THR A 244  1 ? 27 
HELX_P HELX_P14  14  ASN A 256  ? HIS A 270  ? ASN A 256  HIS A 270  1 ? 15 
HELX_P HELX_P15  15  ASP A 273  ? VAL A 284  ? ASP A 273  VAL A 284  1 ? 12 
HELX_P HELX_P16  16  PRO A 299  ? ALA A 305  ? PRO A 299  ALA A 305  1 ? 7  
HELX_P HELX_P17  17  THR A 306  ? PHE A 324  ? THR A 306  PHE A 324  1 ? 19 
HELX_P HELX_P18  18  SER A 327  ? LYS A 363  ? SER A 327  LYS A 363  1 ? 37 
HELX_P HELX_P19  19  ASP A 367  ? THR A 380  ? ASP A 367  THR A 380  1 ? 14 
HELX_P HELX_P20  20  SER A 391  ? PHE A 401  ? SER A 391  PHE A 401  1 ? 11 
HELX_P HELX_P21  21  GLU A 408  ? THR A 412  ? GLU A 408  THR A 412  5 ? 5  
HELX_P HELX_P22  22  ASN A 413  ? THR A 424  ? ASN A 413  THR A 424  1 ? 12 
HELX_P HELX_P23  23  ASP A 438  ? SER A 442  ? ASP A 438  SER A 442  5 ? 5  
HELX_P HELX_P24  24  PRO A 451  ? PHE A 461  ? PRO A 451  PHE A 461  1 ? 11 
HELX_P HELX_P25  25  ARG A 481  ? GLN A 494  ? ARG A 481  GLN A 494  1 ? 14 
HELX_P HELX_P26  26  GLY A 497  ? GLU A 502  ? GLY A 497  GLU A 502  1 ? 6  
HELX_P HELX_P27  27  GLU A 546  ? SER A 564  ? GLU A 546  SER A 564  1 ? 19 
HELX_P HELX_P28  28  TRP A 594  ? GLN A 605  ? TRP A 594  GLN A 605  1 ? 12 
HELX_P HELX_P29  29  ALA A 620  ? ASN A 635  ? ALA A 620  ASN A 635  1 ? 16 
HELX_P HELX_P30  30  GLN A 638  ? SER A 648  ? GLN A 638  SER A 648  1 ? 11 
HELX_P HELX_P31  31  ASP A 654  ? LEU A 663  ? ASP A 654  LEU A 663  1 ? 10 
HELX_P HELX_P32  32  PRO A 669  ? GLY A 681  ? PRO A 669  GLY A 681  1 ? 13 
HELX_P HELX_P33  33  ASP A 685  ? HIS A 708  ? ASP A 685  HIS A 708  1 ? 24 
HELX_P HELX_P34  34  SER A 709  ? LYS A 722  ? SER A 709  LYS A 722  1 ? 14 
HELX_P HELX_P35  35  LYS A 722  ? GLY A 728  ? LYS A 722  GLY A 728  1 ? 7  
HELX_P HELX_P36  36  GLY A 732  ? GLU A 751  ? GLY A 732  GLU A 751  1 ? 20 
HELX_P HELX_P37  37  GLY A 757  ? ARG A 771  ? GLY A 757  ARG A 771  1 ? 15 
HELX_P HELX_P38  38  HIS A 794  ? SER A 796  ? HIS A 794  SER A 796  5 ? 3  
HELX_P HELX_P39  39  THR A 845  ? ARG A 873  ? THR A 845  ARG A 873  1 ? 29 
HELX_P HELX_P40  40  ASP A 886  ? ALA A 898  ? ASP A 886  ALA A 898  1 ? 13 
HELX_P HELX_P41  41  TYR A 916  ? ARG A 926  ? TYR A 916  ARG A 926  1 ? 11 
HELX_P HELX_P42  42  ALA A 940  ? HIS A 945  ? ALA A 940  HIS A 945  1 ? 6  
HELX_P HELX_P43  43  GLU A 973  ? ARG A 979  ? GLU A 973  ARG A 979  1 ? 7  
HELX_P HELX_P44  44  PHE A 990  ? TRP A 1000 ? PHE A 990  TRP A 1000 1 ? 11 
HELX_P HELX_P45  45  HIS A 1004 ? THR A 1008 ? HIS A 1004 THR A 1008 5 ? 5  
HELX_P HELX_P46  46  THR A 1056 ? GLN A 1069 ? THR A 1056 GLN A 1069 1 ? 14 
HELX_P HELX_P47  47  SER A 1078 ? LYS A 1092 ? SER A 1078 LYS A 1092 1 ? 15 
HELX_P HELX_P48  48  THR A 1096 ? ILE A 1103 ? THR A 1096 ILE A 1103 1 ? 8  
HELX_P HELX_P49  49  ASP A 1104 ? GLN A 1110 ? ASP A 1104 GLN A 1110 1 ? 7  
HELX_P HELX_P50  50  PHE A 1111 ? HIS A 1113 ? PHE A 1111 HIS A 1113 5 ? 3  
HELX_P HELX_P51  51  THR A 1114 ? GLY A 1122 ? THR A 1114 GLY A 1122 1 ? 9  
HELX_P HELX_P52  52  LYS A 1139 ? ILE A 1141 ? LYS A 1139 ILE A 1141 5 ? 3  
HELX_P HELX_P53  53  ALA A 1189 ? TYR A 1197 ? ALA A 1189 TYR A 1197 1 ? 9  
HELX_P HELX_P54  54  TYR A 1197 ? LYS A 1213 ? TYR A 1197 LYS A 1213 1 ? 17