3uyk 387
  1   2  0  5 1.00
  1   3  0  5 1.00
  2   3  0  5 1.00
  2   4  0  5 1.00
  2  30  0  5 1.00
  2  31  0  5 1.00
  3   4  0  5 1.00
  3   5  0  5 1.00
  3  31  0  5 1.00
  3 114  0  5 1.00
  3 115  0  5 1.00
  3 116  0  5 1.00
  3 117  0  5 1.00
  4   5  0  5 1.00
  4   6  0  5 1.00
  4  31  0  5 1.00
  4  32  0  5 1.00
  4  33  0  5 1.00
  4 117  0  5 1.00
  5   6  0  5 1.00
  5   7  0  5 1.00
  5  33  0  5 1.00
  5 117  0  5 1.00
  5 118  0  5 1.00
  5 119  0  5 1.00
  6   7  0  5 1.00
  6   8  0  5 1.00
  6  33  0  5 1.00
  6  34  0  5 1.00
  6  35  0  5 1.00
  6 119  0  5 1.00
  7   8  0  5 1.00
  7   9  0  5 1.00
  7 119  0  5 1.00
  7 120  0  5 1.00
  7 121  0  5 1.00
  8   9  0  5 1.00
  8  10  0  5 1.00
  8  35  0  5 1.00
  8 121  0  5 1.00
  9  10  0  5 1.00
  9  11  0  5 1.00
  9  15  0  5 1.00
  9 124  0  5 1.00
 10  11  0  5 1.00
 10  12  0  5 1.00
 11  12  0  5 1.00
 11  13  0  5 1.00
 11  14  0  5 1.00
 11  15  0  5 1.00
 12  13  0  5 1.00
 12  14  0  5 1.00
 12  15  0  5 1.00
 12  16  0  5 1.00
 12  39  0  5 1.00
 13  14  0  5 1.00
 13  15  0  5 1.00
 13  16  0  5 1.00
 13  17  0  5 1.00
 14  15  0  5 1.00
 14  16  0  5 1.00
 14  17  0  5 1.00
 14  18  0  5 1.00
 15  16  0  5 1.00
 15  17  0  5 1.00
 15  18  0  5 1.00
 15  19  0  5 1.00
 16  17  0  5 1.00
 16  18  0  5 1.00
 16  19  0  5 1.00
 16  20  0  5 1.00
 16 202  0  5 1.00
 17  18  0  5 1.00
 17  19  0  5 1.00
 18  19  0  5 1.00
 18  20  0  5 1.00
 18  21  0  5 1.00
 18  22  0  5 1.00
 19  20  0  5 1.00
 19  21  0  5 1.00
 19  22  0  5 1.00
 19  23  0  5 1.00
 19  24  0  5 1.00
 20  21  0  5 1.00
 20  22  0  5 1.00
 20  23  0  5 1.00
 20  24  0  5 1.00
 21  22  0  5 1.00
 21  23  0  5 1.00
 21  24  0  5 1.00
 21  25  0  5 1.00
 22  23  0  5 1.00
 22  24  0  5 1.00
 22  25  0  5 1.00
 22  26  0  5 1.00
 23  24  0  5 1.00
 23  25  0  5 1.00
 23  26  0  5 1.00
 23  27  0  5 1.00
 23  28  0  5 1.00
 24  25  0  5 1.00
 24  26  0  5 1.00
 24  27  0  5 1.00
 24  28  0  5 1.00
 25  26  0  5 1.00
 25  27  0  5 1.00
 25  28  0  5 1.00
 25  29  0  5 1.00
 25  30  0  5 1.00
 26  27  0  5 1.00
 26  28  0  5 1.00
 26  29  0  5 1.00
 26  30  0  5 1.00
 27  28  0  5 1.00
 27  29  0  5 1.00
 28  29  0  5 1.00
 28  30  0  5 1.00
 29  30  0  5 1.00
 29  31  0  5 1.00
 30  31  0  5 1.00
 30  32  0  5 1.00
 31  32  0  5 1.00
 31  33  0  5 1.00
 32  33  0  5 1.00
 32  34  0  5 1.00
 32  50  0  5 1.00
 33  34  0  5 1.00
 33  35  0  5 1.00
 33  50  0  5 1.00
 34  35  0  5 1.00
 34  36  0  5 1.00
 34  50  0  5 1.00
 34  51  0  5 1.00
 34  52  0  5 1.00
 35  36  0  5 1.00
 35  37  0  5 1.00
 35  52  0  5 1.00
 36  37  0  5 1.00
 36  38  0  5 1.00
 36  52  0  5 1.00
 36  53  0  5 1.00
 36  54  0  5 1.00
 37  38  0  5 1.00
 37  39  0  5 1.00
 37  40  0  5 1.00
 37  41  0  5 1.00
 37  54  0  5 1.00
 38  39  0  5 1.00
 38  40  0  5 1.00
 38  41  0  5 1.00
 38  42  0  5 1.00
 38  54  0  5 1.00
 39  40  0  5 1.00
 39  41  0  5 1.00
 40  41  0  5 1.00
 40  42  0  5 1.00
 40  43  0  5 1.00
 40  44  0  5 1.00
 40  45  0  5 1.00
 41  42  0  5 1.00
 41  43  0  5 1.00
 41  44  0  5 1.00
 41  45  0  5 1.00
 41  46  0  5 1.00
 42  43  0  5 1.00
 42  44  0  5 1.00
 42  45  0  5 1.00
 42  46  0  5 1.00
 43  44  0  5 1.00
 43  45  0  5 1.00
 43  46  0  5 1.00
 43  47  0  5 1.00
 44  45  0  5 1.00
 44  46  0  5 1.00
 44  47  0  5 1.00
 44  48  0  5 1.00
 44  49  0  5 1.00
 45  46  0  5 1.00
 45  47  0  5 1.00
 45  48  0  5 1.00
 45  49  0  5 1.00
 46  47  0  5 1.00
 46  48  0  5 1.00
 47  48  0  5 1.00
 47  49  0  5 1.00
 48  49  0  5 1.00
 48  50  0  5 1.00
 49  50  0  5 1.00
 49  51  0  5 1.00
 50  51  0  5 1.00
 50  52  0  5 1.00
 51  52  0  5 1.00
 51  53  0  5 1.00
 52  53  0  5 1.00
 52  54  0  5 1.00
 53  54  0  5 1.00
 53  55  0  5 1.00
 54  55  0  5 1.00
 70  71  0  5 1.00
 70  72  0  5 1.00
 70  73  0  5 1.00
 71  72  0  5 1.00
 71  73  0  5 1.00
 71 314  0  5 1.00
 72  73  0  5 1.00
 72  74  0  5 1.00
 72 313  0  5 1.00
 72 314  0  5 1.00
 73  74  0  5 1.00
 73  75  0  5 1.00
 73  76  0  5 1.00
 73  77  0  5 1.00
 73 314  0  5 1.00
 74  75  0  5 1.00
 74  76  0  5 1.00
 74  77  0  5 1.00
 74  78  0  5 1.00
 74 335  0  5 1.00
 75  76  0  5 1.00
 75  77  0  5 1.00
 75  78  0  5 1.00
 75  79  0  5 1.00
 75  84  0  5 1.00
 76  77  0  5 1.00
 76  78  0  5 1.00
 76  79  0  5 1.00
 76  84  0  5 1.00
 76 316  0  5 1.00
 77  78  0  5 1.00
 77  79  0  5 1.00
 77 316  0  5 1.00
 78  79  0  5 1.00
 78  80  0  5 1.00
 78  81  0  5 1.00
 78  84  0  5 1.00
 78  85  0  5 1.00
 79  80  0  5 1.00
 79  81  0  5 1.00
 79  84  0  5 1.00
 79  85  0  5 1.00
 80  81  0  5 1.00
 80  82  0  5 1.00
 81  82  0  5 1.00
 81  83  0  5 1.00
 81  84  0  5 1.00
 81  85  0  5 1.00
 81  86  0  5 1.00
 82  83  0  5 1.00
 82  84  0  5 1.00
 82  85  0  5 1.00
 82  86  0  5 1.00
 83  84  0  5 1.00
 83  85  0  5 1.00
 83  86  0  5 1.00
 83  87  0  5 1.00
 84  85  0  5 1.00
 84  86  0  5 1.00
 84  87  0  5 1.00
 84  88  0  5 1.00
 85  86  0  5 1.00
 85  87  0  5 1.00
 85  88  0  5 1.00
 85  89  0  5 1.00
 85  90  0  5 1.00
 85 151  0  5 1.00
 86  87  0  5 1.00
 86  88  0  5 1.00
 86  89  0  5 1.00
 86  90  0  5 1.00
 86  91  0  5 1.00
 87  88  0  5 1.00
 87  89  0  5 1.00
 87  90  0  5 1.00
 87  91  0  5 1.00
 88  89  0  5 1.00
 88  90  0  5 1.00
 88  91  0  5 1.00
 88  92  0  5 1.00
 88 151  0  5 1.00
 88 152  0  5 1.00
 89  90  0  5 1.00
 89  91  0  5 1.00
 89  92  0  5 1.00
 89  93  0  5 1.00
 89 151  0  5 1.00
 89 152  0  5 1.00
 90  91  0  5 1.00
 90  92  0  5 1.00
 90  93  0  5 1.00
 90  94  0  5 1.00
 91  92  0  5 1.00
 91  93  0  5 1.00
 91  94  0  5 1.00
 91  95  0  5 1.00
 91  96  0  5 1.00
 92  93  0  5 1.00
 92  94  0  5 1.00
 92  95  0  5 1.00
 92  96  0  5 1.00
 92  97  0  5 1.00
 92 152  0  5 1.00
 93  94  0  5 1.00
 93  95  0  5 1.00
 93  96  0  5 1.00
 93  97  0  5 1.00
 93  98  0  5 1.00
 94  95  0  5 1.00
 94  96  0  5 1.00
 94  97  0  5 1.00
 94  98  0  5 1.00
 95  96  0  5 1.00
 95  97  0  5 1.00
 95  98  0  5 1.00
 95  99  0  5 1.00
 96  97  0  5 1.00
 96  98  0  5 1.00
 96  99  0  5 1.00
 96 100  0  5 1.00
 97  98  0  5 1.00
 97  99  0  5 1.00
 97 100  0  5 1.00
 97 101  0  5 1.00
 98  99  0  5 1.00
 98 100  0  5 1.00
 98 101  0  5 1.00
 98 102  0  5 1.00
 98 103  0  5 1.00
 99 100  0  5 1.00
 99 101  0  5 1.00
 99 102  0  5 1.00
 99 103  0  5 1.00
 99 126  0  5 1.00
100 101  0  5 1.00
100 102  0  5 1.00
100 103  0  5 1.00
101 102  0  5 1.00
101 103  0  5 1.00
101 104  0  5 1.00
102 103  0  5 1.00
102 104  0  5 1.00
102 105  0  5 1.00
102 106  0  5 1.00
103 104  0  5 1.00
103 105  0  5 1.00
103 106  0  5 1.00
103 107  0  5 1.00
103 108  0  5 1.00
104 105  0  5 1.00
104 106  0  5 1.00
104 107  0  5 1.00
104 108  0  5 1.00
105 106  0  5 1.00
105 107  0  5 1.00
105 108  0  5 1.00
105 109  0  5 1.00
106 107  0  5 1.00
106 108  0  5 1.00
106 109  0  5 1.00
106 110  0  5 1.00
106 111  0  5 1.00
107 108  0  5 1.00
107 109  0  5 1.00
107 110  0  5 1.00
107 111  0  5 1.00
107 112  0  5 1.00
108 109  0  5 1.00
108 110  0  5 1.00
108 111  0  5 1.00
108 112  0  5 1.00
109 110  0  5 1.00
109 111  0  5 1.00
109 112  0  5 1.00
109 113  0  5 1.00
109 114  0  5 1.00
110 111  0  5 1.00
110 112  0  5 1.00
110 113  0  5 1.00
110 114  0  5 1.00
110 115  0  5 1.00
111 112  0  5 1.00
111 113  0  5 1.00
111 114  0  5 1.00
112 113  0  5 1.00
112 114  0  5 1.00
113 114  0  5 1.00
113 115  0  5 1.00
114 115  0  5 1.00
114 116  0  5 1.00
115 116  0  5 1.00
115 117  0  5 1.00
116 117  0  5 1.00
116 118  0  5 1.00
116 137  0  5 1.00
116 387  0  5 1.00
117 118  0  5 1.00
117 119  0  5 1.00
117 137  0  5 1.00
117 387  0  5 1.00
118 119  0  5 1.00
118 120  0  5 1.00
118 137  0  5 1.00
118 138  0  5 1.00
118 139  0  5 1.00
119 120  0  5 1.00
119 121  0  5 1.00
119 139  0  5 1.00
120 121  0  5 1.00
120 122  0  5 1.00
120 139  0  5 1.00
120 140  0  5 1.00
120 141  0  5 1.00
121 122  0  5 1.00
121 123  0  5 1.00
121 124  0  5 1.00
121 141  0  5 1.00
122 123  0  5 1.00
122 124  0  5 1.00
122 141  0  5 1.00
122 142  0  5 1.00
123 124  0  5 1.00
123 125  0  5 1.00
124 125  0  5 1.00
124 126  0  5 1.00
124 127  0  5 1.00
124 128  0  5 1.00
125 126  0  5 1.00
125 127  0  5 1.00
125 128  0  5 1.00
125 129  0  5 1.00
126 127  0  5 1.00
126 128  0  5 1.00
126 129  0  5 1.00
126 130  0  5 1.00
126 131  0  5 1.00
127 128  0  5 1.00
127 129  0  5 1.00
127 130  0  5 1.00
127 131  0  5 1.00
128 129  0  5 1.00
128 130  0  5 1.00
128 131  0  5 1.00
128 132  0  5 1.00
129 130  0  5 1.00
129 131  0  5 1.00
129 132  0  5 1.00
129 133  0  5 1.00
129 134  0  5 1.00
130 131  0  5 1.00
130 132  0  5 1.00
130 133  0  5 1.00
130 134  0  5 1.00
130 135  0  5 1.00
131 132  0  5 1.00
131 133  0  5 1.00
131 134  0  5 1.00
131 135  0  5 1.00
131 136  0  5 1.00
132 133  0  5 1.00
132 134  0  5 1.00
132 135  0  5 1.00
132 136  0  5 1.00
133 134  0  5 1.00
133 135  0  5 1.00
134 135  0  5 1.00
134 136  0  5 1.00
135 136  0  5 1.00
135 137  0  5 1.00
136 137  0  5 1.00
136 138  0  5 1.00
137 138  0  5 1.00
137 139  0  5 1.00
137 386  0  5 1.00
138 139  0  5 1.00
138 140  0  5 1.00
138 175  0  5 1.00
138 176  0  5 1.00
138 177  0  5 1.00
139 140  0  5 1.00
139 141  0  5 1.00
139 177  0  5 1.00
140 141  0  5 1.00
140 142  0  5 1.00
140 177  0  5 1.00
140 178  0  5 1.00
140 179  0  5 1.00
141 142  0  5 1.00
141 143  0  5 1.00
141 179  0  5 1.00
142 143  0  5 1.00
142 144  0  5 1.00
142 179  0  5 1.00
142 181  0  5 1.00
143 144  0  5 1.00
143 145  0  5 1.00
143 296  0  5 1.00
144 145  0  5 1.00
144 146  0  5 1.00
144 182  0  5 1.00
145 146  0  5 1.00
145 147  0  5 1.00
146 147  0  5 1.00
146 148  0  5 1.00
146 149  0  5 1.00
146 188  0  5 1.00
146 191  0  5 1.00
147 148  0  5 1.00
147 149  0  5 1.00
148 149  0  5 1.00
148 150  0  5 1.00
148 151  0  5 1.00
148 152  0  5 1.00
148 153  0  5 1.00
149 150  0  5 1.00
149 151  0  5 1.00
149 152  0  5 1.00
149 153  0  5 1.00
149 190  0  5 1.00
150 151  0  5 1.00
150 152  0  5 1.00
150 153  0  5 1.00
150 154  0  5 1.00
150 155  0  5 1.00
151 152  0  5 1.00
151 153  0  5 1.00
151 154  0  5 1.00
151 155  0  5 1.00
151 156  0  5 1.00
152 153  0  5 1.00
152 154  0  5 1.00
152 155  0  5 1.00
152 156  0  5 1.00
153 154  0  5 1.00
153 155  0  5 1.00
153 156  0  5 1.00
153 157  0  5 1.00
153 158  0  5 1.00
154 155  0  5 1.00
154 156  0  5 1.00
154 157  0  5 1.00
154 158  0  5 1.00
155 156  0  5 1.00
155 157  0  5 1.00
155 158  0  5 1.00
155 159  0  5 1.00
155 160  0  5 1.00
156 157  0  5 1.00
156 158  0  5 1.00
156 159  0  5 1.00
156 160  0  5 1.00
156 161  0  5 1.00
157 158  0  5 1.00
157 159  0  5 1.00
157 160  0  5 1.00
157 161  0  5 1.00
157 162  0  5 1.00
158 159  0  5 1.00
158 160  0  5 1.00
158 161  0  5 1.00
158 162  0  5 1.00
159 160  0  5 1.00
159 161  0  5 1.00
159 162  0  5 1.00
159 163  0  5 1.00
160 161  0  5 1.00
160 162  0  5 1.00
160 163  0  5 1.00
160 164  0  5 1.00
160 172  0  5 1.00
161 162  0  5 1.00
161 163  0  5 1.00
161 164  0  5 1.00
161 165  0  5 1.00
161 166  0  5 1.00
161 171  0  5 1.00
161 172  0  5 1.00
162 163  0  5 1.00
162 164  0  5 1.00
162 165  0  5 1.00
162 166  0  5 1.00
163 164  0  5 1.00
163 165  0  5 1.00
163 166  0  5 1.00
163 167  0  5 1.00
164 165  0  5 1.00
164 166  0  5 1.00
164 167  0  5 1.00
164 168  0  5 1.00
164 169  0  5 1.00
164 171  0  5 1.00
165 166  0  5 1.00
165 167  0  5 1.00
165 168  0  5 1.00
165 169  0  5 1.00
165 171  0  5 1.00
166 167  0  5 1.00
166 168  0  5 1.00
167 168  0  5 1.00
167 169  0  5 1.00
168 169  0  5 1.00
168 170  0  5 1.00
169 170  0  5 1.00
169 171  0  5 1.00
170 171  0  5 1.00
170 172  0  5 1.00
171 172  0  5 1.00
171 173  0  5 1.00
172 173  0  5 1.00
172 174  0  5 1.00
173 174  0  5 1.00
173 175  0  5 1.00
174 175  0  5 1.00
174 176  0  5 1.00
175 176  0  5 1.00
175 177  0  5 1.00
176 177  0  5 1.00
176 178  0  5 1.00
177 178  0  5 1.00
177 179  0  5 1.00
178 179  0  5 1.00
178 180  0  5 1.00
178 193  0  5 1.00
178 194  0  5 1.00
178 195  0  5 1.00
179 180  0  5 1.00
179 181  0  5 1.00
179 195  0  5 1.00
180 181  0  5 1.00
180 182  0  5 1.00
180 194  0  5 1.00
180 195  0  5 1.00
180 196  0  5 1.00
180 197  0  5 1.00
181 182  0  5 1.00
181 183  0  5 1.00
181 197  0  5 1.00
181 199  0  5 1.00
182 183  0  5 1.00
182 184  0  5 1.00
183 184  0  5 1.00
183 185  0  5 1.00
183 186  0  5 1.00
183 187  0  5 1.00
184 185  0  5 1.00
184 186  0  5 1.00
184 187  0  5 1.00
185 186  0  5 1.00
185 187  0  5 1.00
186 187  0  5 1.00
186 188  0  5 1.00
187 188  0  5 1.00
187 189  0  5 1.00
188 189  0  5 1.00
188 190  0  5 1.00
188 191  0  5 1.00
189 190  0  5 1.00
189 191  0  5 1.00
190 191  0  5 1.00
190 192  0  5 1.00
191 192  0  5 1.00
191 193  0  5 1.00
192 193  0  5 1.00
192 194  0  5 1.00
193 194  0  5 1.00
193 195  0  5 1.00
194 195  0  5 1.00
194 196  0  5 1.00
195 196  0  5 1.00
195 197  0  5 1.00
196 197  0  5 1.00
196 198  0  5 1.00
196 374  0  5 1.00
197 198  0  5 1.00
197 199  0  5 1.00
197 374  0  5 1.00
198 199  0  5 1.00
198 200  0  5 1.00
198 370  0  5 1.00
198 373  0  5 1.00
198 374  0  5 1.00
198 375  0  5 1.00
198 376  0  5 1.00
199 200  0  5 1.00
199 201  0  5 1.00
200 201  0  5 1.00
200 202  0  5 1.00
201 202  0  5 1.00
201 203  0  5 1.00
202 203  0  5 1.00
202 204  0  5 1.00
203 204  0  5 1.00
203 205  0  5 1.00
203 279  0  5 1.00
204 205  0  5 1.00
204 206  0  5 1.00
204 279  0  5 1.00
205 206  0  5 1.00
205 207  0  5 1.00
205 277  0  5 1.00
205 279  0  5 1.00
206 207  0  5 1.00
206 208  0  5 1.00
206 277  0  5 1.00
207 208  0  5 1.00
207 209  0  5 1.00
207 277  0  5 1.00
207 278  0  5 1.00
208 209  0  5 1.00
208 210  0  5 1.00
209 210  0  5 1.00
209 211  0  5 1.00
209 212  0  5 1.00
209 213  0  5 1.00
210 211  0  5 1.00
210 212  0  5 1.00
210 213  0  5 1.00
211 212  0  5 1.00
211 213  0  5 1.00
211 214  0  5 1.00
212 213  0  5 1.00
212 214  0  5 1.00
212 282  0  5 1.00
212 283  0  5 1.00
213 214  0  5 1.00
213 215  0  5 1.00
214 215  0  5 1.00
214 216  0  5 1.00
215 216  0  5 1.00
215 217  0  5 1.00
215 286  0  5 1.00
216 217  0  5 1.00
216 218  0  5 1.00
217 218  0  5 1.00
217 219  0  5 1.00
218 219  0  5 1.00
218 220  0  5 1.00
218 250  0  5 1.00
219 220  0  5 1.00
219 221  0  5 1.00
219 250  0  5 1.00
219 251  0  5 1.00
219 252  0  5 1.00
220 221  0  5 1.00
220 222  0  5 1.00
220 252  0  5 1.00
220 286  0  5 1.00
220 287  0  5 1.00
220 288  0  5 1.00
220 289  0  5 1.00
221 222  0  5 1.00
221 223  0  5 1.00
221 252  0  5 1.00
221 253  0  5 1.00
221 254  0  5 1.00
221 289  0  5 1.00
222 223  0  5 1.00
222 224  0  5 1.00
222 254  0  5 1.00
222 289  0  5 1.00
222 290  0  5 1.00
222 291  0  5 1.00
223 224  0  5 1.00
223 225  0  5 1.00
223 254  0  5 1.00
223 255  0  5 1.00
223 256  0  5 1.00
223 291  0  5 1.00
224 225  0  5 1.00
224 226  0  5 1.00
224 256  0  5 1.00
224 291  0  5 1.00
224 292  0  5 1.00
224 293  0  5 1.00
225 226  0  5 1.00
225 227  0  5 1.00
225 256  0  5 1.00
225 257  0  5 1.00
225 258  0  5 1.00
226 227  0  5 1.00
226 228  0  5 1.00
226 229  0  5 1.00
226 230  0  5 1.00
226 231  0  5 1.00
227 228  0  5 1.00
227 229  0  5 1.00
227 230  0  5 1.00
227 231  0  5 1.00
227 232  0  5 1.00
228 229  0  5 1.00
228 230  0  5 1.00
228 231  0  5 1.00
228 232  0  5 1.00
229 230  0  5 1.00
229 231  0  5 1.00
229 232  0  5 1.00
229 233  0  5 1.00
229 234  0  5 1.00
230 231  0  5 1.00
230 232  0  5 1.00
230 233  0  5 1.00
230 234  0  5 1.00
231 232  0  5 1.00
231 233  0  5 1.00
231 234  0  5 1.00
232 233  0  5 1.00
232 234  0  5 1.00
233 234  0  5 1.00
233 235  0  5 1.00
233 236  0  5 1.00
234 235  0  5 1.00
234 236  0  5 1.00
234 237  0  5 1.00
235 236  0  5 1.00
235 237  0  5 1.00
235 238  0  5 1.00
235 239  0  5 1.00
235 240  0  5 1.00
236 237  0  5 1.00
236 238  0  5 1.00
236 239  0  5 1.00
236 240  0  5 1.00
236 241  0  5 1.00
237 238  0  5 1.00
237 239  0  5 1.00
237 240  0  5 1.00
237 241  0  5 1.00
237 242  0  5 1.00
238 239  0  5 1.00
238 240  0  5 1.00
238 241  0  5 1.00
238 242  0  5 1.00
238 243  0  5 1.00
239 240  0  5 1.00
239 241  0  5 1.00
239 242  0  5 1.00
239 243  0  5 1.00
239 244  0  5 1.00
240 241  0  5 1.00
240 242  0  5 1.00
240 243  0  5 1.00
240 244  0  5 1.00
240 245  0  5 1.00
241 242  0  5 1.00
241 243  0  5 1.00
241 244  0  5 1.00
241 245  0  5 1.00
241 246  0  5 1.00
242 243  0  5 1.00
242 244  0  5 1.00
242 245  0  5 1.00
242 246  0  5 1.00
242 247  0  5 1.00
243 244  0  5 1.00
243 245  0  5 1.00
243 246  0  5 1.00
243 247  0  5 1.00
244 245  0  5 1.00
244 246  0  5 1.00
244 247  0  5 1.00
244 248  0  5 1.00
244 347  0  5 1.00
245 246  0  5 1.00
245 247  0  5 1.00
245 248  0  5 1.00
245 251  0  5 1.00
246 247  0  5 1.00
246 248  0  5 1.00
247 248  0  5 1.00
247 249  0  5 1.00
248 249  0  5 1.00
248 250  0  5 1.00
248 251  0  5 1.00
249 250  0  5 1.00
249 251  0  5 1.00
250 251  0  5 1.00
250 252  0  5 1.00
251 252  0  5 1.00
251 253  0  5 1.00
251 271  0  5 1.00
252 253  0  5 1.00
252 254  0  5 1.00
252 271  0  5 1.00
253 254  0  5 1.00
253 255  0  5 1.00
253 271  0  5 1.00
253 272  0  5 1.00
253 273  0  5 1.00
254 255  0  5 1.00
254 256  0  5 1.00
254 273  0  5 1.00
255 256  0  5 1.00
255 257  0  5 1.00
255 273  0  5 1.00
255 274  0  5 1.00
255 275  0  5 1.00
256 257  0  5 1.00
256 258  0  5 1.00
256 275  0  5 1.00
257 258  0  5 1.00
257 259  0  5 1.00
257 275  0  5 1.00
258 259  0  5 1.00
258 260  0  5 1.00
258 261  0  5 1.00
258 262  0  5 1.00
259 260  0  5 1.00
259 261  0  5 1.00
259 262  0  5 1.00
259 263  0  5 1.00
260 261  0  5 1.00
260 262  0  5 1.00
260 263  0  5 1.00
261 262  0  5 1.00
261 263  0  5 1.00
261 264  0  5 1.00
261 265  0  5 1.00
262 263  0  5 1.00
262 264  0  5 1.00
262 265  0  5 1.00
263 264  0  5 1.00
263 265  0  5 1.00
263 266  0  5 1.00
264 265  0  5 1.00
264 266  0  5 1.00
265 266  0  5 1.00
265 267  0  5 1.00
265 268  0  5 1.00
266 267  0  5 1.00
266 268  0  5 1.00
267 268  0  5 1.00
267 269  0  5 1.00
268 269  0  5 1.00
268 270  0  5 1.00
269 270  0  5 1.00
269 271  0  5 1.00
269 272  0  5 1.00
270 271  0  5 1.00
270 272  0  5 1.00
271 272  0  5 1.00
271 273  0  5 1.00
272 273  0  5 1.00
272 274  0  5 1.00
273 274  0  5 1.00
273 275  0  5 1.00
274 275  0  5 1.00
274 276  0  5 1.00
275 276  0  5 1.00
275 277  0  5 1.00
275 278  0  5 1.00
276 277  0  5 1.00
276 278  0  5 1.00
277 278  0  5 1.00
277 279  0  5 1.00
278 279  0  5 1.00
278 280  0  5 1.00
279 280  0  5 1.00
279 281  0  5 1.00
279 282  0  5 1.00
279 283  0  5 1.00
280 281  0  5 1.00
280 282  0  5 1.00
280 283  0  5 1.00
280 284  0  5 1.00
281 282  0  5 1.00
281 283  0  5 1.00
281 284  0  5 1.00
282 283  0  5 1.00
282 284  0  5 1.00
283 284  0  5 1.00
283 285  0  5 1.00
283 286  0  5 1.00
283 287  0  5 1.00
284 285  0  5 1.00
284 286  0  5 1.00
284 287  0  5 1.00
285 286  0  5 1.00
285 287  0  5 1.00
286 287  0  5 1.00
286 288  0  5 1.00
287 288  0  5 1.00
287 289  0  5 1.00
288 289  0  5 1.00
288 290  0  5 1.00
288 308  0  5 1.00
289 290  0  5 1.00
289 291  0  5 1.00
289 308  0  5 1.00
290 291  0  5 1.00
290 292  0  5 1.00
290 308  0  5 1.00
290 309  0  5 1.00
290 310  0  5 1.00
291 292  0  5 1.00
291 293  0  5 1.00
291 310  0  5 1.00
292 293  0  5 1.00
292 294  0  5 1.00
292 310  0  5 1.00
292 311  0  5 1.00
292 312  0  5 1.00
293 294  0  5 1.00
293 295  0  5 1.00
293 312  0  5 1.00
293 313  0  5 1.00
293 314  0  5 1.00
293 318  0  5 1.00
294 295  0  5 1.00
294 296  0  5 1.00
294 318  0  5 1.00
295 296  0  5 1.00
295 297  0  5 1.00
295 298  0  5 1.00
295 299  0  5 1.00
295 300  0  5 1.00
296 297  0  5 1.00
296 298  0  5 1.00
296 299  0  5 1.00
296 300  0  5 1.00
296 301  0  5 1.00
297 298  0  5 1.00
297 299  0  5 1.00
297 300  0  5 1.00
297 301  0  5 1.00
297 302  0  5 1.00
298 299  0  5 1.00
298 300  0  5 1.00
298 301  0  5 1.00
298 302  0  5 1.00
298 303  0  5 1.00
299 300  0  5 1.00
299 301  0  5 1.00
299 302  0  5 1.00
299 303  0  5 1.00
299 304  0  5 1.00
300 301  0  5 1.00
300 302  0  5 1.00
300 303  0  5 1.00
300 304  0  5 1.00
300 305  0  5 1.00
301 302  0  5 1.00
301 303  0  5 1.00
301 304  0  5 1.00
301 305  0  5 1.00
302 303  0  5 1.00
302 304  0  5 1.00
302 305  0  5 1.00
302 306  0  5 1.00
302 307  0  5 1.00
303 304  0  5 1.00
303 305  0  5 1.00
303 306  0  5 1.00
303 307  0  5 1.00
303 363  0  5 1.00
303 366  0  5 1.00
303 367  0  5 1.00
304 305  0  5 1.00
304 306  0  5 1.00
304 367  0  5 1.00
305 306  0  5 1.00
305 307  0  5 1.00
306 307  0  5 1.00
306 308  0  5 1.00
306 360  0  5 1.00
306 363  0  5 1.00
306 364  0  5 1.00
307 308  0  5 1.00
307 309  0  5 1.00
307 330  0  5 1.00
308 309  0  5 1.00
308 310  0  5 1.00
308 330  0  5 1.00
308 331  0  5 1.00
308 359  0  5 1.00
308 360  0  5 1.00
309 310  0  5 1.00
309 311  0  5 1.00
309 330  0  5 1.00
309 331  0  5 1.00
309 332  0  5 1.00
310 311  0  5 1.00
310 312  0  5 1.00
310 332  0  5 1.00
311 312  0  5 1.00
311 313  0  5 1.00
311 332  0  5 1.00
311 333  0  5 1.00
311 334  0  5 1.00
312 313  0  5 1.00
312 314  0  5 1.00
312 334  0  5 1.00
313 314  0  5 1.00
313 315  0  5 1.00
313 318  0  5 1.00
313 319  0  5 1.00
313 334  0  5 1.00
314 315  0  5 1.00
314 316  0  5 1.00
315 316  0  5 1.00
315 317  0  5 1.00
315 318  0  5 1.00
315 319  0  5 1.00
316 317  0  5 1.00
316 318  0  5 1.00
316 319  0  5 1.00
317 318  0  5 1.00
317 319  0  5 1.00
317 320  0  5 1.00
317 321  0  5 1.00
318 319  0  5 1.00
318 320  0  5 1.00
318 321  0  5 1.00
318 322  0  5 1.00
318 323  0  5 1.00
319 320  0  5 1.00
319 321  0  5 1.00
319 322  0  5 1.00
319 323  0  5 1.00
319 324  0  5 1.00
320 321  0  5 1.00
320 322  0  5 1.00
320 323  0  5 1.00
320 324  0  5 1.00
320 325  0  5 1.00
321 322  0  5 1.00
321 323  0  5 1.00
321 324  0  5 1.00
321 325  0  5 1.00
321 326  0  5 1.00
322 323  0  5 1.00
322 324  0  5 1.00
322 325  0  5 1.00
322 326  0  5 1.00
322 333  0  5 1.00
323 324  0  5 1.00
323 325  0  5 1.00
323 326  0  5 1.00
323 327  0  5 1.00
324 325  0  5 1.00
324 326  0  5 1.00
324 327  0  5 1.00
324 328  0  5 1.00
325 326  0  5 1.00
325 327  0  5 1.00
325 328  0  5 1.00
325 329  0  5 1.00
325 330  0  5 1.00
325 331  0  5 1.00
326 327  0  5 1.00
326 328  0  5 1.00
326 329  0  5 1.00
326 330  0  5 1.00
326 331  0  5 1.00
327 328  0  5 1.00
327 329  0  5 1.00
328 329  0  5 1.00
328 330  0  5 1.00
328 362  0  5 1.00
329 330  0  5 1.00
329 331  0  5 1.00
329 358  0  5 1.00
329 359  0  5 1.00
329 362  0  5 1.00
330 331  0  5 1.00
330 332  0  5 1.00
330 359  0  5 1.00
330 362  0  5 1.00
330 363  0  5 1.00
331 332  0  5 1.00
331 333  0  5 1.00
332 333  0  5 1.00
332 334  0  5 1.00
333 334  0  5 1.00
333 335  0  5 1.00
334 335  0  5 1.00
334 336  0  5 1.00
335 336  0  5 1.00
335 337  0  5 1.00
336 337  0  5 1.00
336 338  0  5 1.00
336 339  0  5 1.00
336 340  0  5 1.00
336 341  0  5 1.00
337 338  0  5 1.00
337 339  0  5 1.00
337 340  0  5 1.00
337 341  0  5 1.00
337 342  0  5 1.00
338 339  0  5 1.00
338 340  0  5 1.00
338 341  0  5 1.00
338 342  0  5 1.00
339 340  0  5 1.00
339 341  0  5 1.00
339 342  0  5 1.00
339 346  0  5 1.00
340 341  0  5 1.00
340 342  0  5 1.00
341 342  0  5 1.00
341 343  0  5 1.00
342 343  0  5 1.00
342 344  0  5 1.00
342 345  0  5 1.00
342 346  0  5 1.00
342 347  0  5 1.00
343 344  0  5 1.00
343 345  0  5 1.00
343 346  0  5 1.00
343 347  0  5 1.00
343 348  0  5 1.00
344 345  0  5 1.00
344 346  0  5 1.00
344 347  0  5 1.00
344 348  0  5 1.00
344 349  0  5 1.00
345 346  0  5 1.00
345 347  0  5 1.00
345 348  0  5 1.00
345 349  0  5 1.00
346 347  0  5 1.00
346 348  0  5 1.00
346 349  0  5 1.00
346 350  0  5 1.00
347 348  0  5 1.00
347 349  0  5 1.00
347 350  0  5 1.00
347 351  0  5 1.00
348 349  0  5 1.00
348 350  0  5 1.00
348 351  0  5 1.00
348 352  0  5 1.00
349 350  0  5 1.00
349 351  0  5 1.00
349 352  0  5 1.00
349 353  0  5 1.00
350 351  0  5 1.00
350 352  0  5 1.00
350 353  0  5 1.00
350 354  0  5 1.00
351 352  0  5 1.00
351 353  0  5 1.00
351 354  0  5 1.00
351 355  0  5 1.00
352 353  0  5 1.00
352 354  0  5 1.00
352 355  0  5 1.00
352 356  0  5 1.00
353 354  0  5 1.00
353 355  0  5 1.00
353 356  0  5 1.00
353 357  0  5 1.00
354 355  0  5 1.00
354 356  0  5 1.00
355 356  0  5 1.00
355 357  0  5 1.00
356 357  0  5 1.00
356 358  0  5 1.00
356 359  0  5 1.00
356 360  0  5 1.00
357 358  0  5 1.00
357 359  0  5 1.00
357 360  0  5 1.00
357 361  0  5 1.00
358 359  0  5 1.00
358 360  0  5 1.00
358 361  0  5 1.00
358 362  0  5 1.00
358 363  0  5 1.00
359 360  0  5 1.00
359 361  0  5 1.00
359 362  0  5 1.00
359 363  0  5 1.00
360 361  0  5 1.00
360 362  0  5 1.00
360 363  0  5 1.00
360 364  0  5 1.00
361 362  0  5 1.00
361 363  0  5 1.00
361 364  0  5 1.00
361 365  0  5 1.00
362 363  0  5 1.00
362 364  0  5 1.00
362 365  0  5 1.00
362 366  0  5 1.00
363 364  0  5 1.00
363 365  0  5 1.00
363 366  0  5 1.00
363 367  0  5 1.00
364 365  0  5 1.00
364 366  0  5 1.00
364 367  0  5 1.00
364 368  0  5 1.00
365 366  0  5 1.00
365 367  0  5 1.00
365 368  0  5 1.00
365 369  0  5 1.00
366 367  0  5 1.00
366 368  0  5 1.00
366 369  0  5 1.00
366 370  0  5 1.00
367 368  0  5 1.00
367 369  0  5 1.00
367 370  0  5 1.00
367 371  0  5 1.00
368 369  0  5 1.00
368 370  0  5 1.00
368 371  0  5 1.00
368 372  0  5 1.00
369 370  0  5 1.00
369 371  0  5 1.00
369 372  0  5 1.00
369 373  0  5 1.00
370 371  0  5 1.00
370 372  0  5 1.00
370 373  0  5 1.00
371 372  0  5 1.00
371 373  0  5 1.00
372 373  0  5 1.00
372 374  0  5 1.00
373 374  0  5 1.00
373 375  0  5 1.00
374 375  0  5 1.00
374 376  0  5 1.00
375 376  0  5 1.00
375 377  0  5 1.00
375 378  0  5 1.00
375 379  0  5 1.00
376 377  0  5 1.00
376 378  0  5 1.00
376 379  0  5 1.00
376 380  0  5 1.00
377 378  0  5 1.00
377 379  0  5 1.00
377 380  0  5 1.00
377 381  0  5 1.00
378 379  0  5 1.00
378 380  0  5 1.00
378 381  0  5 1.00
378 382  0  5 1.00
379 380  0  5 1.00
379 381  0  5 1.00
379 382  0  5 1.00
379 383  0  5 1.00
380 381  0  5 1.00
380 382  0  5 1.00
380 383  0  5 1.00
380 384  0  5 1.00
381 382  0  5 1.00
381 383  0  5 1.00
381 384  0  5 1.00
381 385  0  5 1.00
382 383  0  5 1.00
382 384  0  5 1.00
382 385  0  5 1.00
382 386  0  5 1.00
383 384  0  5 1.00
383 385  0  5 1.00
383 386  0  5 1.00
383 387  0  5 1.00
384 385  0  5 1.00
384 386  0  5 1.00
384 387  0  5 1.00
385 386  0  5 1.00
385 387  0  5 1.00
386 387  0  5 1.00
END
HELX_P HELX_P1  1  TYR A 11  ? ALA A 17  ? TYR A 10  ALA A 16  1 ? 7  
HELX_P HELX_P2  2  MET A 18  ? SER A 28  ? MET A 17  SER A 27  1 ? 11 
HELX_P HELX_P3  3  PRO A 37  ? GLU A 39  ? PRO A 36  GLU A 38  5 ? 3  
HELX_P HELX_P4  4  LEU A 40  ? ALA A 47  ? LEU A 39  ALA A 46  1 ? 8  
HELX_P HELX_P5  5  ASN A 73  ? GLN A 78  ? ASN A 72  GLN A 77  5 ? 6  
HELX_P HELX_P6  6  THR A 81  ? ARG A 114 ? THR A 80  ARG A 113 1 ? 34 
HELX_P HELX_P7  7  ALA A 124 ? ASP A 135 ? ALA A 123 ASP A 134 1 ? 12 
HELX_P HELX_P8  8  GLY A 150 ? HIS A 167 ? GLY A 149 HIS A 166 1 ? 18 
HELX_P HELX_P9  9  PRO A 183 ? GLN A 187 ? PRO A 182 GLN A 186 5 ? 5  
HELX_P HELX_P10 10 PRO A 209 ? ALA A 213 ? PRO A 208 ALA A 212 5 ? 5  
HELX_P HELX_P11 11 GLY A 226 ? GLY A 234 ? GLY A 225 GLY A 233 1 ? 9  
HELX_P HELX_P12 12 PRO A 235 ? LEU A 248 ? PRO A 234 LEU A 247 1 ? 14 
HELX_P HELX_P13 13 PRO A 258 ? LEU A 265 ? PRO A 257 LEU A 264 5 ? 8  
HELX_P HELX_P14 14 PRO A 279 ? CYS A 287 ? PRO A 278 CYS A 286 5 ? 9  
HELX_P HELX_P15 15 GLY A 295 ? LEU A 305 ? GLY A 294 LEU A 304 1 ? 11 
HELX_P HELX_P16 16 ASP A 317 ? ALA A 328 ? ASP A 316 ALA A 327 1 ? 12 
HELX_P HELX_P17 17 ASP A 336 ? SER A 341 ? ASP A 335 SER A 340 1 ? 6  
HELX_P HELX_P18 18 ASP A 342 ? GLY A 355 ? ASP A 341 GLY A 354 1 ? 14 
HELX_P HELX_P19 19 THR A 357 ? ALA A 372 ? THR A 356 ALA A 371 1 ? 16 
HELX_P HELX_P20 20 HIS A 375 ? ALA A 387 ? HIS A 374 ALA A 386 1 ? 13