3vsu 638
  1   2  0  5 1.00
  1   3  0  5 1.00
  1  34  0  5 1.00
  1  35  0  5 1.00
  1  36  0  5 1.00
  2   3  0  5 1.00
  2   4  0  5 1.00
  2  15  0  5 1.00
  2  16  0  5 1.00
  2  36  0  5 1.00
  3   4  0  5 1.00
  3   5  0  5 1.00
  3  15  0  5 1.00
  3  36  0  5 1.00
  3  37  0  5 1.00
  3  38  0  5 1.00
  4   5  0  5 1.00
  4   6  0  5 1.00
  4  15  0  5 1.00
  4  16  0  5 1.00
  4  20  0  5 1.00
  4  21  0  5 1.00
  4  38  0  5 1.00
  5   6  0  5 1.00
  5   7  0  5 1.00
  5  20  0  5 1.00
  5  21  0  5 1.00
  5  38  0  5 1.00
  5  39  0  5 1.00
  5  40  0  5 1.00
  6   7  0  5 1.00
  6   8  0  5 1.00
  6   9  0  5 1.00
  6  21  0  5 1.00
  6  22  0  5 1.00
  6  40  0  5 1.00
  7   8  0  5 1.00
  7   9  0  5 1.00
  7  41  0  5 1.00
  8   9  0  5 1.00
  8  10  0  5 1.00
  9  10  0  5 1.00
  9  11  0  5 1.00
  9  20  0  5 1.00
  9  21  0  5 1.00
  9  22  0  5 1.00
 10  11  0  5 1.00
 10  12  0  5 1.00
 10  13  0  5 1.00
 10  20  0  5 1.00
 10  21  0  5 1.00
 10  22  0  5 1.00
 11  12  0  5 1.00
 11  13  0  5 1.00
 11  21  0  5 1.00
 11  22  0  5 1.00
 12  13  0  5 1.00
 12  14  0  5 1.00
 13  14  0  5 1.00
 13  15  0  5 1.00
 13  19  0  5 1.00
 13  20  0  5 1.00
 14  15  0  5 1.00
 14  16  0  5 1.00
 14  19  0  5 1.00
 15  16  0  5 1.00
 15  17  0  5 1.00
 15  19  0  5 1.00
 15  20  0  5 1.00
 15  21  0  5 1.00
 16  17  0  5 1.00
 16  18  0  5 1.00
 16  19  0  5 1.00
 16  20  0  5 1.00
 17  18  0  5 1.00
 17  19  0  5 1.00
 17  20  0  5 1.00
 18  19  0  5 1.00
 18  20  0  5 1.00
 19  20  0  5 1.00
 19  21  0  5 1.00
 20  21  0  5 1.00
 20  22  0  5 1.00
 21  22  0  5 1.00
 21  23  0  5 1.00
 22  23  0  5 1.00
 22  24  0  5 1.00
 23  24  0  5 1.00
 23  25  0  5 1.00
 23  26  0  5 1.00
 23  27  0  5 1.00
 24  25  0  5 1.00
 24  26  0  5 1.00
 24  27  0  5 1.00
 24  28  0  5 1.00
 25  26  0  5 1.00
 25  27  0  5 1.00
 25  28  0  5 1.00
 25  29  0  5 1.00
 25  48  0  5 1.00
 26  27  0  5 1.00
 26  28  0  5 1.00
 26  29  0  5 1.00
 26  30  0  5 1.00
 27  28  0  5 1.00
 27  29  0  5 1.00
 27  30  0  5 1.00
 27  31  0  5 1.00
 28  29  0  5 1.00
 28  30  0  5 1.00
 28  31  0  5 1.00
 28  49  0  5 1.00
 28  50  0  5 1.00
 28  51  0  5 1.00
 28  52  0  5 1.00
 29  30  0  5 1.00
 29  31  0  5 1.00
 30  31  0  5 1.00
 30  32  0  5 1.00
 31  32  0  5 1.00
 31  33  0  5 1.00
 31  52  0  5 1.00
 32  33  0  5 1.00
 32  34  0  5 1.00
 32  35  0  5 1.00
 32  53  0  5 1.00
 32  60  0  5 1.00
 32  61  0  5 1.00
 33  34  0  5 1.00
 33  35  0  5 1.00
 33  53  0  5 1.00
 33  54  0  5 1.00
 33  55  0  5 1.00
 33  59  0  5 1.00
 33  60  0  5 1.00
 34  35  0  5 1.00
 34  36  0  5 1.00
 34  59  0  5 1.00
 34  60  0  5 1.00
 34  61  0  5 1.00
 35  36  0  5 1.00
 35  37  0  5 1.00
 35  60  0  5 1.00
 35  61  0  5 1.00
 35  62  0  5 1.00
 36  37  0  5 1.00
 36  38  0  5 1.00
 36  62  0  5 1.00
 37  38  0  5 1.00
 37  39  0  5 1.00
 37  62  0  5 1.00
 37  63  0  5 1.00
 37  64  0  5 1.00
 38  39  0  5 1.00
 38  40  0  5 1.00
 38  64  0  5 1.00
 39  40  0  5 1.00
 39  41  0  5 1.00
 39  64  0  5 1.00
 39  65  0  5 1.00
 39  66  0  5 1.00
 40  41  0  5 1.00
 40  42  0  5 1.00
 40  66  0  5 1.00
 41  42  0  5 1.00
 41  43  0  5 1.00
 41  70  0  5 1.00
 41  71  0  5 1.00
 42  43  0  5 1.00
 42  44  0  5 1.00
 42  70  0  5 1.00
 42  71  0  5 1.00
 42  72  0  5 1.00
 43  44  0  5 1.00
 43  45  0  5 1.00
 43  72  0  5 1.00
 44  45  0  5 1.00
 44  46  0  5 1.00
 44  72  0  5 1.00
 44  73  0  5 1.00
 44  74  0  5 1.00
 45  46  0  5 1.00
 45  47  0  5 1.00
 45  74  0  5 1.00
 45  76  0  5 1.00
 46  47  0  5 1.00
 46  48  0  5 1.00
 46  74  0  5 1.00
 46 204  0  5 1.00
 46 205  0  5 1.00
 47  48  0  5 1.00
 47  49  0  5 1.00
 47 204  0  5 1.00
 47 205  0  5 1.00
 48  49  0  5 1.00
 48  50  0  5 1.00
 48 205  0  5 1.00
 48 206  0  5 1.00
 48 207  0  5 1.00
 48 208  0  5 1.00
 49  50  0  5 1.00
 49  51  0  5 1.00
 49 207  0  5 1.00
 49 208  0  5 1.00
 50  51  0  5 1.00
 50  52  0  5 1.00
 50 207  0  5 1.00
 50 208  0  5 1.00
 51  52  0  5 1.00
 51  53  0  5 1.00
 52  53  0  5 1.00
 52  54  0  5 1.00
 53  54  0  5 1.00
 53  55  0  5 1.00
 53 213  0  5 1.00
 53 214  0  5 1.00
 54  55  0  5 1.00
 54  56  0  5 1.00
 54  59  0  5 1.00
 54  60  0  5 1.00
 54  61  0  5 1.00
 54 214  0  5 1.00
 54 215  0  5 1.00
 55  56  0  5 1.00
 55  57  0  5 1.00
 55  59  0  5 1.00
 55  60  0  5 1.00
 56  57  0  5 1.00
 56  58  0  5 1.00
 56  59  0  5 1.00
 56  60  0  5 1.00
 57  58  0  5 1.00
 57  59  0  5 1.00
 57  60  0  5 1.00
 58  59  0  5 1.00
 58  60  0  5 1.00
 59  60  0  5 1.00
 59  61  0  5 1.00
 59 215  0  5 1.00
 60  61  0  5 1.00
 60  62  0  5 1.00
 60 215  0  5 1.00
 61  62  0  5 1.00
 61  63  0  5 1.00
 61 215  0  5 1.00
 61 216  0  5 1.00
 61 217  0  5 1.00
 62  63  0  5 1.00
 62  64  0  5 1.00
 62 217  0  5 1.00
 63  64  0  5 1.00
 63  65  0  5 1.00
 63 217  0  5 1.00
 63 218  0  5 1.00
 63 219  0  5 1.00
 64  65  0  5 1.00
 64  66  0  5 1.00
 64 219  0  5 1.00
 65  66  0  5 1.00
 65  67  0  5 1.00
 65 219  0  5 1.00
 65 220  0  5 1.00
 66  67  0  5 1.00
 66  68  0  5 1.00
 66  69  0  5 1.00
 67  68  0  5 1.00
 67  69  0  5 1.00
 68  69  0  5 1.00
 68  70  0  5 1.00
 69  70  0  5 1.00
 69  71  0  5 1.00
 70  71  0  5 1.00
 70  72  0  5 1.00
 71  72  0  5 1.00
 71  73  0  5 1.00
 71 220  0  5 1.00
 71 221  0  5 1.00
 71 222  0  5 1.00
 72  73  0  5 1.00
 72  74  0  5 1.00
 72 222  0  5 1.00
 73  74  0  5 1.00
 73  75  0  5 1.00
 73 222  0  5 1.00
 73 223  0  5 1.00
 73 224  0  5 1.00
 74  75  0  5 1.00
 74  76  0  5 1.00
 74 224  0  5 1.00
 74 225  0  5 1.00
 75  76  0  5 1.00
 75  77  0  5 1.00
 75 199  0  5 1.00
 75 200  0  5 1.00
 75 201  0  5 1.00
 75 202  0  5 1.00
 75 204  0  5 1.00
 75 224  0  5 1.00
 75 225  0  5 1.00
 75 226  0  5 1.00
 76  77  0  5 1.00
 76  78  0  5 1.00
 76 199  0  5 1.00
 76 200  0  5 1.00
 76 201  0  5 1.00
 76 224  0  5 1.00
 76 225  0  5 1.00
 77  78  0  5 1.00
 77  79  0  5 1.00
 77 197  0  5 1.00
 77 198  0  5 1.00
 77 199  0  5 1.00
 78  79  0  5 1.00
 78  80  0  5 1.00
 78 197  0  5 1.00
 78 198  0  5 1.00
 79  80  0  5 1.00
 79  81  0  5 1.00
 79 192  0  5 1.00
 79 193  0  5 1.00
 79 197  0  5 1.00
 79 198  0  5 1.00
 80  81  0  5 1.00
 80  82  0  5 1.00
 80 193  0  5 1.00
 81  82  0  5 1.00
 81  83  0  5 1.00
 81  91  0  5 1.00
 81  92  0  5 1.00
 82  83  0  5 1.00
 82  84  0  5 1.00
 82  91  0  5 1.00
 82  92  0  5 1.00
 83  84  0  5 1.00
 83  85  0  5 1.00
 83  89  0  5 1.00
 83  90  0  5 1.00
 83  91  0  5 1.00
 83  92  0  5 1.00
 84  85  0  5 1.00
 84  86  0  5 1.00
 84  89  0  5 1.00
 84  90  0  5 1.00
 84  91  0  5 1.00
 85  86  0  5 1.00
 85  87  0  5 1.00
 85  89  0  5 1.00
 85  90  0  5 1.00
 85  91  0  5 1.00
 86  87  0  5 1.00
 86  88  0  5 1.00
 86  89  0  5 1.00
 87  88  0  5 1.00
 87  89  0  5 1.00
 88  89  0  5 1.00
 88  90  0  5 1.00
 88 185  0  5 1.00
 88 186  0  5 1.00
 88 187  0  5 1.00
 88 188  0  5 1.00
 88 189  0  5 1.00
 89  90  0  5 1.00
 89  91  0  5 1.00
 89 185  0  5 1.00
 89 186  0  5 1.00
 89 187  0  5 1.00
 90  91  0  5 1.00
 90  92  0  5 1.00
 90 183  0  5 1.00
 90 184  0  5 1.00
 90 185  0  5 1.00
 91  92  0  5 1.00
 91  93  0  5 1.00
 91 183  0  5 1.00
 91 184  0  5 1.00
 92  93  0  5 1.00
 92  94  0  5 1.00
 92 181  0  5 1.00
 92 182  0  5 1.00
 92 183  0  5 1.00
 93  94  0  5 1.00
 93  95  0  5 1.00
 93 181  0  5 1.00
 93 182  0  5 1.00
 93 183  0  5 1.00
 94  95  0  5 1.00
 94  96  0  5 1.00
 94 179  0  5 1.00
 94 180  0  5 1.00
 94 181  0  5 1.00
 95  96  0  5 1.00
 95  97  0  5 1.00
 95  98  0  5 1.00
 95  99  0  5 1.00
 95 179  0  5 1.00
 95 180  0  5 1.00
 95 181  0  5 1.00
 96  97  0  5 1.00
 96  98  0  5 1.00
 96  99  0  5 1.00
 96 100  0  5 1.00
 96 179  0  5 1.00
 96 180  0  5 1.00
 96 181  0  5 1.00
 97  98  0  5 1.00
 97  99  0  5 1.00
 97 100  0  5 1.00
 98  99  0  5 1.00
 98 100  0  5 1.00
 99 100  0  5 1.00
 99 101  0  5 1.00
 99 102  0  5 1.00
 99 103  0  5 1.00
100 101  0  5 1.00
100 102  0  5 1.00
100 103  0  5 1.00
101 102  0  5 1.00
101 103  0  5 1.00
102 103  0  5 1.00
102 104  0  5 1.00
102 201  0  5 1.00
103 104  0  5 1.00
103 105  0  5 1.00
103 106  0  5 1.00
103 107  0  5 1.00
104 105  0  5 1.00
104 106  0  5 1.00
104 107  0  5 1.00
104 122  0  5 1.00
104 123  0  5 1.00
104 124  0  5 1.00
104 201  0  5 1.00
105 106  0  5 1.00
105 107  0  5 1.00
105 124  0  5 1.00
106 107  0  5 1.00
106 108  0  5 1.00
107 108  0  5 1.00
107 109  0  5 1.00
107 121  0  5 1.00
107 122  0  5 1.00
107 123  0  5 1.00
108 109  0  5 1.00
108 110  0  5 1.00
108 121  0  5 1.00
108 122  0  5 1.00
108 123  0  5 1.00
109 110  0  5 1.00
109 111  0  5 1.00
109 121  0  5 1.00
109 122  0  5 1.00
109 123  0  5 1.00
110 111  0  5 1.00
110 112  0  5 1.00
110 230  0  5 1.00
111 112  0  5 1.00
111 113  0  5 1.00
111 114  0  5 1.00
112 113  0  5 1.00
112 114  0  5 1.00
112 232  0  5 1.00
113 114  0  5 1.00
113 115  0  5 1.00
113 350  0  5 1.00
113 351  0  5 1.00
113 352  0  5 1.00
114 115  0  5 1.00
114 116  0  5 1.00
114 350  0  5 1.00
114 351  0  5 1.00
115 116  0  5 1.00
115 117  0  5 1.00
115 350  0  5 1.00
115 351  0  5 1.00
116 117  0  5 1.00
116 118  0  5 1.00
116 119  0  5 1.00
116 350  0  5 1.00
117 118  0  5 1.00
117 119  0  5 1.00
117 120  0  5 1.00
118 119  0  5 1.00
118 120  0  5 1.00
119 120  0  5 1.00
119 121  0  5 1.00
120 121  0  5 1.00
120 122  0  5 1.00
121 122  0  5 1.00
121 123  0  5 1.00
122 123  0  5 1.00
122 124  0  5 1.00
123 124  0  5 1.00
123 125  0  5 1.00
123 227  0  5 1.00
124 125  0  5 1.00
124 126  0  5 1.00
125 126  0  5 1.00
125 127  0  5 1.00
125 198  0  5 1.00
125 199  0  5 1.00
125 200  0  5 1.00
126 127  0  5 1.00
126 128  0  5 1.00
126 131  0  5 1.00
126 132  0  5 1.00
126 133  0  5 1.00
126 198  0  5 1.00
126 199  0  5 1.00
127 128  0  5 1.00
127 129  0  5 1.00
127 130  0  5 1.00
127 131  0  5 1.00
127 132  0  5 1.00
127 196  0  5 1.00
127 197  0  5 1.00
127 198  0  5 1.00
127 199  0  5 1.00
128 129  0  5 1.00
128 130  0  5 1.00
128 131  0  5 1.00
128 132  0  5 1.00
128 196  0  5 1.00
128 197  0  5 1.00
129 130  0  5 1.00
129 131  0  5 1.00
129 196  0  5 1.00
129 197  0  5 1.00
130 131  0  5 1.00
130 132  0  5 1.00
130 196  0  5 1.00
131 132  0  5 1.00
131 133  0  5 1.00
132 133  0  5 1.00
132 134  0  5 1.00
133 134  0  5 1.00
133 135  0  5 1.00
133 170  0  5 1.00
134 135  0  5 1.00
134 136  0  5 1.00
134 167  0  5 1.00
134 170  0  5 1.00
134 171  0  5 1.00
134 172  0  5 1.00
135 136  0  5 1.00
135 137  0  5 1.00
135 172  0  5 1.00
136 137  0  5 1.00
136 138  0  5 1.00
136 172  0  5 1.00
136 173  0  5 1.00
137 138  0  5 1.00
137 139  0  5 1.00
138 139  0  5 1.00
138 140  0  5 1.00
138 141  0  5 1.00
138 142  0  5 1.00
139 140  0  5 1.00
139 141  0  5 1.00
139 142  0  5 1.00
139 143  0  5 1.00
140 141  0  5 1.00
140 142  0  5 1.00
140 143  0  5 1.00
140 144  0  5 1.00
141 142  0  5 1.00
141 143  0  5 1.00
141 144  0  5 1.00
141 145  0  5 1.00
142 143  0  5 1.00
142 144  0  5 1.00
142 145  0  5 1.00
142 186  0  5 1.00
143 144  0  5 1.00
143 145  0  5 1.00
144 145  0  5 1.00
144 146  0  5 1.00
145 146  0  5 1.00
145 147  0  5 1.00
145 169  0  5 1.00
146 147  0  5 1.00
146 148  0  5 1.00
146 168  0  5 1.00
146 169  0  5 1.00
147 148  0  5 1.00
147 149  0  5 1.00
148 149  0  5 1.00
148 150  0  5 1.00
148 165  0  5 1.00
149 150  0  5 1.00
149 151  0  5 1.00
149 160  0  5 1.00
149 161  0  5 1.00
149 162  0  5 1.00
150 151  0  5 1.00
150 152  0  5 1.00
150 160  0  5 1.00
150 161  0  5 1.00
150 162  0  5 1.00
151 152  0  5 1.00
151 153  0  5 1.00
151 158  0  5 1.00
151 159  0  5 1.00
151 160  0  5 1.00
151 161  0  5 1.00
151 162  0  5 1.00
152 153  0  5 1.00
152 154  0  5 1.00
152 158  0  5 1.00
152 159  0  5 1.00
152 160  0  5 1.00
153 154  0  5 1.00
153 155  0  5 1.00
153 156  0  5 1.00
153 157  0  5 1.00
153 158  0  5 1.00
154 155  0  5 1.00
154 156  0  5 1.00
154 157  0  5 1.00
155 156  0  5 1.00
155 157  0  5 1.00
156 157  0  5 1.00
156 158  0  5 1.00
157 158  0  5 1.00
157 159  0  5 1.00
158 159  0  5 1.00
158 160  0  5 1.00
159 160  0  5 1.00
159 161  0  5 1.00
160 161  0  5 1.00
160 162  0  5 1.00
161 162  0  5 1.00
161 163  0  5 1.00
162 163  0  5 1.00
162 164  0  5 1.00
162 165  0  5 1.00
163 164  0  5 1.00
163 165  0  5 1.00
164 165  0  5 1.00
164 166  0  5 1.00
164 167  0  5 1.00
164 168  0  5 1.00
165 166  0  5 1.00
165 167  0  5 1.00
165 168  0  5 1.00
165 169  0  5 1.00
166 167  0  5 1.00
166 168  0  5 1.00
166 169  0  5 1.00
166 170  0  5 1.00
167 168  0  5 1.00
167 169  0  5 1.00
167 170  0  5 1.00
168 169  0  5 1.00
168 170  0  5 1.00
169 170  0  5 1.00
169 171  0  5 1.00
169 186  0  5 1.00
170 171  0  5 1.00
170 172  0  5 1.00
170 186  0  5 1.00
171 172  0  5 1.00
171 173  0  5 1.00
171 184  0  5 1.00
171 185  0  5 1.00
171 186  0  5 1.00
172 173  0  5 1.00
172 174  0  5 1.00
172 184  0  5 1.00
172 185  0  5 1.00
173 174  0  5 1.00
173 175  0  5 1.00
173 182  0  5 1.00
173 183  0  5 1.00
173 184  0  5 1.00
173 185  0  5 1.00
174 175  0  5 1.00
174 176  0  5 1.00
174 182  0  5 1.00
174 183  0  5 1.00
174 184  0  5 1.00
175 176  0  5 1.00
175 177  0  5 1.00
175 180  0  5 1.00
175 181  0  5 1.00
175 182  0  5 1.00
176 177  0  5 1.00
176 178  0  5 1.00
176 180  0  5 1.00
176 181  0  5 1.00
176 182  0  5 1.00
177 178  0  5 1.00
177 179  0  5 1.00
177 180  0  5 1.00
178 179  0  5 1.00
178 180  0  5 1.00
179 180  0  5 1.00
179 181  0  5 1.00
180 181  0  5 1.00
180 182  0  5 1.00
181 182  0  5 1.00
181 183  0  5 1.00
182 183  0  5 1.00
182 184  0  5 1.00
183 184  0  5 1.00
183 185  0  5 1.00
184 185  0  5 1.00
184 186  0  5 1.00
185 186  0  5 1.00
185 187  0  5 1.00
186 187  0  5 1.00
186 188  0  5 1.00
187 188  0  5 1.00
187 189  0  5 1.00
187 190  0  5 1.00
188 189  0  5 1.00
188 190  0  5 1.00
189 190  0  5 1.00
189 191  0  5 1.00
190 191  0  5 1.00
190 192  0  5 1.00
191 192  0  5 1.00
191 193  0  5 1.00
191 194  0  5 1.00
191 195  0  5 1.00
192 193  0  5 1.00
192 194  0  5 1.00
192 195  0  5 1.00
192 196  0  5 1.00
192 197  0  5 1.00
193 194  0  5 1.00
193 195  0  5 1.00
194 195  0  5 1.00
194 196  0  5 1.00
195 196  0  5 1.00
195 197  0  5 1.00
196 197  0  5 1.00
196 198  0  5 1.00
197 198  0  5 1.00
197 199  0  5 1.00
198 199  0  5 1.00
198 200  0  5 1.00
199 200  0  5 1.00
199 201  0  5 1.00
200 201  0  5 1.00
200 202  0  5 1.00
200 225  0  5 1.00
201 202  0  5 1.00
201 203  0  5 1.00
202 203  0  5 1.00
202 204  0  5 1.00
202 225  0  5 1.00
202 226  0  5 1.00
202 227  0  5 1.00
203 204  0  5 1.00
203 205  0  5 1.00
203 226  0  5 1.00
203 227  0  5 1.00
203 228  0  5 1.00
203 239  0  5 1.00
203 240  0  5 1.00
204 205  0  5 1.00
204 206  0  5 1.00
204 239  0  5 1.00
204 240  0  5 1.00
205 206  0  5 1.00
205 207  0  5 1.00
205 240  0  5 1.00
206 207  0  5 1.00
206 208  0  5 1.00
206 240  0  5 1.00
206 241  0  5 1.00
206 242  0  5 1.00
207 208  0  5 1.00
207 209  0  5 1.00
207 240  0  5 1.00
207 242  0  5 1.00
208 209  0  5 1.00
208 210  0  5 1.00
208 242  0  5 1.00
209 210  0  5 1.00
209 211  0  5 1.00
210 211  0  5 1.00
210 212  0  5 1.00
210 213  0  5 1.00
210 243  0  5 1.00
210 244  0  5 1.00
211 212  0  5 1.00
211 213  0  5 1.00
211 244  0  5 1.00
211 245  0  5 1.00
212 213  0  5 1.00
212 214  0  5 1.00
212 244  0  5 1.00
212 245  0  5 1.00
212 246  0  5 1.00
213 214  0  5 1.00
213 215  0  5 1.00
213 216  0  5 1.00
213 243  0  5 1.00
213 246  0  5 1.00
214 215  0  5 1.00
214 216  0  5 1.00
214 247  0  5 1.00
215 216  0  5 1.00
215 217  0  5 1.00
215 247  0  5 1.00
215 248  0  5 1.00
215 249  0  5 1.00
216 217  0  5 1.00
216 218  0  5 1.00
216 248  0  5 1.00
216 249  0  5 1.00
216 250  0  5 1.00
217 218  0  5 1.00
217 219  0  5 1.00
217 250  0  5 1.00
218 219  0  5 1.00
218 220  0  5 1.00
218 250  0  5 1.00
218 251  0  5 1.00
218 252  0  5 1.00
219 220  0  5 1.00
219 221  0  5 1.00
219 252  0  5 1.00
219 253  0  5 1.00
220 221  0  5 1.00
220 222  0  5 1.00
220 252  0  5 1.00
220 253  0  5 1.00
220 254  0  5 1.00
221 222  0  5 1.00
221 223  0  5 1.00
221 253  0  5 1.00
221 254  0  5 1.00
221 255  0  5 1.00
222 223  0  5 1.00
222 224  0  5 1.00
222 255  0  5 1.00
223 224  0  5 1.00
223 225  0  5 1.00
223 255  0  5 1.00
223 256  0  5 1.00
223 257  0  5 1.00
224 225  0  5 1.00
224 226  0  5 1.00
224 257  0  5 1.00
224 258  0  5 1.00
225 226  0  5 1.00
225 227  0  5 1.00
225 257  0  5 1.00
225 258  0  5 1.00
225 259  0  5 1.00
226 227  0  5 1.00
226 228  0  5 1.00
226 258  0  5 1.00
226 259  0  5 1.00
226 260  0  5 1.00
226 261  0  5 1.00
227 228  0  5 1.00
227 229  0  5 1.00
227 260  0  5 1.00
228 229  0  5 1.00
228 230  0  5 1.00
228 260  0  5 1.00
228 261  0  5 1.00
229 230  0  5 1.00
229 231  0  5 1.00
229 238  0  5 1.00
229 261  0  5 1.00
229 262  0  5 1.00
230 231  0  5 1.00
230 232  0  5 1.00
230 236  0  5 1.00
231 232  0  5 1.00
231 233  0  5 1.00
231 236  0  5 1.00
231 237  0  5 1.00
232 233  0  5 1.00
232 234  0  5 1.00
232 235  0  5 1.00
232 236  0  5 1.00
233 234  0  5 1.00
233 235  0  5 1.00
234 235  0  5 1.00
234 236  0  5 1.00
234 273  0  5 1.00
234 274  0  5 1.00
234 275  0  5 1.00
234 276  0  5 1.00
235 236  0  5 1.00
235 237  0  5 1.00
235 268  0  5 1.00
235 269  0  5 1.00
235 273  0  5 1.00
235 274  0  5 1.00
235 275  0  5 1.00
236 237  0  5 1.00
236 238  0  5 1.00
236 268  0  5 1.00
236 269  0  5 1.00
236 270  0  5 1.00
236 273  0  5 1.00
236 274  0  5 1.00
237 238  0  5 1.00
237 239  0  5 1.00
237 265  0  5 1.00
237 267  0  5 1.00
237 268  0  5 1.00
237 269  0  5 1.00
238 239  0  5 1.00
238 240  0  5 1.00
238 262  0  5 1.00
239 240  0  5 1.00
239 241  0  5 1.00
239 262  0  5 1.00
239 263  0  5 1.00
239 265  0  5 1.00
240 241  0  5 1.00
240 242  0  5 1.00
240 262  0  5 1.00
240 263  0  5 1.00
240 264  0  5 1.00
241 242  0  5 1.00
241 243  0  5 1.00
241 263  0  5 1.00
241 264  0  5 1.00
241 265  0  5 1.00
242 243  0  5 1.00
242 244  0  5 1.00
242 265  0  5 1.00
243 244  0  5 1.00
243 245  0  5 1.00
243 246  0  5 1.00
243 265  0  5 1.00
244 245  0  5 1.00
244 246  0  5 1.00
244 265  0  5 1.00
245 246  0  5 1.00
245 247  0  5 1.00
245 267  0  5 1.00
246 247  0  5 1.00
246 248  0  5 1.00
246 305  0  5 1.00
246 306  0  5 1.00
246 307  0  5 1.00
246 329  0  5 1.00
247 248  0  5 1.00
247 249  0  5 1.00
247 305  0  5 1.00
247 306  0  5 1.00
247 307  0  5 1.00
247 308  0  5 1.00
248 249  0  5 1.00
248 250  0  5 1.00
248 307  0  5 1.00
248 308  0  5 1.00
248 309  0  5 1.00
249 250  0  5 1.00
249 251  0  5 1.00
249 307  0  5 1.00
249 308  0  5 1.00
249 309  0  5 1.00
249 310  0  5 1.00
250 251  0  5 1.00
250 252  0  5 1.00
250 310  0  5 1.00
251 252  0  5 1.00
251 253  0  5 1.00
251 310  0  5 1.00
251 311  0  5 1.00
251 312  0  5 1.00
252 253  0  5 1.00
252 254  0  5 1.00
252 312  0  5 1.00
252 313  0  5 1.00
253 254  0  5 1.00
253 255  0  5 1.00
253 312  0  5 1.00
253 313  0  5 1.00
253 314  0  5 1.00
254 255  0  5 1.00
254 256  0  5 1.00
254 313  0  5 1.00
254 314  0  5 1.00
254 315  0  5 1.00
255 256  0  5 1.00
255 257  0  5 1.00
255 315  0  5 1.00
256 257  0  5 1.00
256 258  0  5 1.00
256 315  0  5 1.00
256 316  0  5 1.00
256 317  0  5 1.00
257 258  0  5 1.00
257 259  0  5 1.00
257 317  0  5 1.00
257 318  0  5 1.00
258 259  0  5 1.00
258 260  0  5 1.00
258 317  0  5 1.00
258 318  0  5 1.00
258 319  0  5 1.00
259 260  0  5 1.00
259 261  0  5 1.00
259 262  0  5 1.00
259 318  0  5 1.00
259 319  0  5 1.00
259 320  0  5 1.00
260 261  0  5 1.00
260 262  0  5 1.00
260 319  0  5 1.00
260 320  0  5 1.00
260 321  0  5 1.00
261 262  0  5 1.00
261 263  0  5 1.00
261 319  0  5 1.00
261 320  0  5 1.00
261 321  0  5 1.00
261 322  0  5 1.00
262 263  0  5 1.00
262 264  0  5 1.00
262 321  0  5 1.00
262 322  0  5 1.00
263 264  0  5 1.00
263 265  0  5 1.00
263 322  0  5 1.00
263 323  0  5 1.00
264 265  0  5 1.00
264 266  0  5 1.00
264 323  0  5 1.00
264 324  0  5 1.00
264 325  0  5 1.00
265 266  0  5 1.00
265 267  0  5 1.00
265 325  0  5 1.00
266 267  0  5 1.00
266 268  0  5 1.00
266 325  0  5 1.00
266 326  0  5 1.00
266 327  0  5 1.00
266 328  0  5 1.00
266 329  0  5 1.00
266 330  0  5 1.00
267 268  0  5 1.00
267 269  0  5 1.00
267 325  0  5 1.00
267 326  0  5 1.00
267 327  0  5 1.00
267 329  0  5 1.00
268 269  0  5 1.00
268 270  0  5 1.00
268 327  0  5 1.00
268 329  0  5 1.00
269 270  0  5 1.00
269 271  0  5 1.00
269 272  0  5 1.00
269 273  0  5 1.00
270 271  0  5 1.00
270 272  0  5 1.00
270 273  0  5 1.00
270 274  0  5 1.00
271 272  0  5 1.00
271 273  0  5 1.00
272 273  0  5 1.00
272 274  0  5 1.00
272 292  0  5 1.00
273 274  0  5 1.00
273 275  0  5 1.00
274 275  0  5 1.00
274 276  0  5 1.00
275 276  0  5 1.00
275 277  0  5 1.00
275 278  0  5 1.00
275 279  0  5 1.00
275 280  0  5 1.00
276 277  0  5 1.00
276 278  0  5 1.00
276 279  0  5 1.00
276 280  0  5 1.00
276 281  0  5 1.00
277 278  0  5 1.00
277 279  0  5 1.00
277 280  0  5 1.00
277 281  0  5 1.00
277 282  0  5 1.00
277 283  0  5 1.00
277 285  0  5 1.00
278 279  0  5 1.00
278 280  0  5 1.00
278 281  0  5 1.00
279 280  0  5 1.00
279 281  0  5 1.00
280 281  0  5 1.00
280 282  0  5 1.00
281 282  0  5 1.00
281 283  0  5 1.00
282 283  0  5 1.00
282 284  0  5 1.00
283 284  0  5 1.00
283 285  0  5 1.00
284 285  0  5 1.00
284 286  0  5 1.00
284 287  0  5 1.00
284 288  0  5 1.00
285 286  0  5 1.00
285 287  0  5 1.00
285 288  0  5 1.00
285 289  0  5 1.00
285 290  0  5 1.00
286 287  0  5 1.00
286 288  0  5 1.00
286 289  0  5 1.00
286 290  0  5 1.00
287 288  0  5 1.00
287 289  0  5 1.00
287 290  0  5 1.00
287 291  0  5 1.00
288 289  0  5 1.00
288 290  0  5 1.00
288 291  0  5 1.00
288 292  0  5 1.00
289 290  0  5 1.00
289 291  0  5 1.00
289 292  0  5 1.00
289 293  0  5 1.00
290 291  0  5 1.00
290 292  0  5 1.00
290 293  0  5 1.00
290 294  0  5 1.00
291 292  0  5 1.00
291 293  0  5 1.00
291 294  0  5 1.00
291 295  0  5 1.00
292 293  0  5 1.00
292 294  0  5 1.00
292 295  0  5 1.00
292 296  0  5 1.00
292 297  0  5 1.00
293 294  0  5 1.00
293 295  0  5 1.00
293 296  0  5 1.00
293 297  0  5 1.00
294 295  0  5 1.00
294 296  0  5 1.00
294 297  0  5 1.00
294 298  0  5 1.00
295 296  0  5 1.00
295 297  0  5 1.00
295 298  0  5 1.00
295 299  0  5 1.00
296 297  0  5 1.00
296 298  0  5 1.00
296 299  0  5 1.00
296 300  0  5 1.00
296 301  0  5 1.00
297 298  0  5 1.00
297 299  0  5 1.00
297 300  0  5 1.00
297 301  0  5 1.00
298 299  0  5 1.00
298 300  0  5 1.00
299 300  0  5 1.00
299 301  0  5 1.00
300 301  0  5 1.00
300 302  0  5 1.00
300 305  0  5 1.00
300 306  0  5 1.00
301 302  0  5 1.00
301 303  0  5 1.00
302 303  0  5 1.00
302 304  0  5 1.00
302 305  0  5 1.00
302 306  0  5 1.00
303 304  0  5 1.00
303 305  0  5 1.00
303 306  0  5 1.00
304 305  0  5 1.00
304 306  0  5 1.00
305 306  0  5 1.00
305 307  0  5 1.00
306 307  0  5 1.00
306 308  0  5 1.00
306 329  0  5 1.00
306 331  0  5 1.00
307 308  0  5 1.00
307 309  0  5 1.00
307 329  0  5 1.00
307 330  0  5 1.00
307 331  0  5 1.00
308 309  0  5 1.00
308 310  0  5 1.00
308 330  0  5 1.00
308 331  0  5 1.00
308 332  0  5 1.00
308 333  0  5 1.00
309 310  0  5 1.00
309 311  0  5 1.00
309 331  0  5 1.00
309 332  0  5 1.00
309 333  0  5 1.00
309 334  0  5 1.00
310 311  0  5 1.00
310 312  0  5 1.00
310 334  0  5 1.00
311 312  0  5 1.00
311 313  0  5 1.00
311 334  0  5 1.00
311 335  0  5 1.00
311 336  0  5 1.00
312 313  0  5 1.00
312 314  0  5 1.00
312 336  0  5 1.00
312 337  0  5 1.00
313 314  0  5 1.00
313 315  0  5 1.00
313 336  0  5 1.00
313 337  0  5 1.00
313 338  0  5 1.00
314 315  0  5 1.00
314 316  0  5 1.00
314 337  0  5 1.00
314 338  0  5 1.00
314 339  0  5 1.00
315 316  0  5 1.00
315 317  0  5 1.00
315 339  0  5 1.00
316 317  0  5 1.00
316 318  0  5 1.00
316 339  0  5 1.00
316 340  0  5 1.00
316 341  0  5 1.00
317 318  0  5 1.00
317 319  0  5 1.00
317 341  0  5 1.00
317 342  0  5 1.00
318 319  0  5 1.00
318 320  0  5 1.00
318 341  0  5 1.00
318 342  0  5 1.00
318 343  0  5 1.00
319 320  0  5 1.00
319 321  0  5 1.00
319 322  0  5 1.00
319 342  0  5 1.00
319 343  0  5 1.00
319 344  0  5 1.00
319 345  0  5 1.00
320 321  0  5 1.00
320 322  0  5 1.00
320 344  0  5 1.00
321 322  0  5 1.00
321 323  0  5 1.00
321 353  0  5 1.00
321 354  0  5 1.00
321 355  0  5 1.00
322 323  0  5 1.00
322 324  0  5 1.00
322 355  0  5 1.00
322 356  0  5 1.00
323 324  0  5 1.00
323 325  0  5 1.00
323 355  0  5 1.00
323 356  0  5 1.00
323 357  0  5 1.00
324 325  0  5 1.00
324 326  0  5 1.00
324 355  0  5 1.00
324 356  0  5 1.00
324 357  0  5 1.00
324 358  0  5 1.00
325 326  0  5 1.00
325 327  0  5 1.00
325 358  0  5 1.00
326 327  0  5 1.00
326 328  0  5 1.00
326 358  0  5 1.00
326 359  0  5 1.00
326 360  0  5 1.00
327 328  0  5 1.00
327 329  0  5 1.00
327 330  0  5 1.00
327 360  0  5 1.00
328 329  0  5 1.00
328 330  0  5 1.00
328 331  0  5 1.00
328 360  0  5 1.00
328 361  0  5 1.00
329 330  0  5 1.00
329 331  0  5 1.00
330 331  0  5 1.00
330 332  0  5 1.00
330 333  0  5 1.00
330 363  0  5 1.00
331 332  0  5 1.00
331 333  0  5 1.00
331 361  0  5 1.00
331 363  0  5 1.00
332 333  0  5 1.00
332 334  0  5 1.00
332 363  0  5 1.00
332 364  0  5 1.00
332 365  0  5 1.00
333 334  0  5 1.00
333 335  0  5 1.00
333 363  0  5 1.00
333 364  0  5 1.00
333 365  0  5 1.00
333 366  0  5 1.00
334 335  0  5 1.00
334 336  0  5 1.00
334 366  0  5 1.00
335 336  0  5 1.00
335 337  0  5 1.00
335 366  0  5 1.00
335 367  0  5 1.00
335 368  0  5 1.00
336 337  0  5 1.00
336 338  0  5 1.00
336 368  0  5 1.00
336 369  0  5 1.00
337 338  0  5 1.00
337 339  0  5 1.00
337 368  0  5 1.00
337 369  0  5 1.00
337 370  0  5 1.00
338 339  0  5 1.00
338 340  0  5 1.00
338 369  0  5 1.00
338 370  0  5 1.00
338 371  0  5 1.00
339 340  0  5 1.00
339 341  0  5 1.00
339 371  0  5 1.00
340 341  0  5 1.00
340 342  0  5 1.00
340 371  0  5 1.00
340 372  0  5 1.00
340 373  0  5 1.00
341 342  0  5 1.00
341 343  0  5 1.00
341 373  0  5 1.00
341 374  0  5 1.00
342 343  0  5 1.00
342 344  0  5 1.00
342 345  0  5 1.00
342 373  0  5 1.00
342 374  0  5 1.00
342 375  0  5 1.00
343 344  0  5 1.00
343 345  0  5 1.00
343 374  0  5 1.00
343 375  0  5 1.00
343 376  0  5 1.00
344 345  0  5 1.00
344 346  0  5 1.00
344 347  0  5 1.00
345 346  0  5 1.00
345 347  0  5 1.00
346 347  0  5 1.00
346 348  0  5 1.00
347 348  0  5 1.00
347 349  0  5 1.00
348 349  0  5 1.00
348 350  0  5 1.00
349 350  0  5 1.00
349 351  0  5 1.00
350 351  0  5 1.00
350 352  0  5 1.00
351 352  0  5 1.00
351 353  0  5 1.00
351 354  0  5 1.00
352 353  0  5 1.00
352 354  0  5 1.00
353 354  0  5 1.00
353 355  0  5 1.00
354 355  0  5 1.00
354 356  0  5 1.00
354 377  0  5 1.00
355 356  0  5 1.00
355 357  0  5 1.00
355 358  0  5 1.00
355 377  0  5 1.00
355 378  0  5 1.00
356 357  0  5 1.00
356 358  0  5 1.00
356 377  0  5 1.00
356 378  0  5 1.00
356 379  0  5 1.00
357 358  0  5 1.00
357 359  0  5 1.00
357 377  0  5 1.00
357 378  0  5 1.00
357 379  0  5 1.00
357 380  0  5 1.00
358 359  0  5 1.00
358 360  0  5 1.00
358 380  0  5 1.00
359 360  0  5 1.00
359 361  0  5 1.00
359 362  0  5 1.00
359 380  0  5 1.00
359 381  0  5 1.00
359 382  0  5 1.00
359 383  0  5 1.00
360 361  0  5 1.00
360 362  0  5 1.00
360 382  0  5 1.00
360 383  0  5 1.00
361 362  0  5 1.00
361 363  0  5 1.00
361 382  0  5 1.00
361 383  0  5 1.00
361 384  0  5 1.00
361 385  0  5 1.00
362 363  0  5 1.00
362 364  0  5 1.00
362 365  0  5 1.00
362 383  0  5 1.00
362 384  0  5 1.00
362 385  0  5 1.00
362 386  0  5 1.00
362 387  0  5 1.00
362 388  0  5 1.00
363 364  0  5 1.00
363 365  0  5 1.00
363 384  0  5 1.00
363 386  0  5 1.00
364 365  0  5 1.00
364 366  0  5 1.00
364 386  0  5 1.00
364 387  0  5 1.00
364 388  0  5 1.00
365 366  0  5 1.00
365 367  0  5 1.00
365 387  0  5 1.00
365 388  0  5 1.00
365 389  0  5 1.00
366 367  0  5 1.00
366 368  0  5 1.00
366 389  0  5 1.00
367 368  0  5 1.00
367 369  0  5 1.00
367 389  0  5 1.00
367 390  0  5 1.00
367 391  0  5 1.00
368 369  0  5 1.00
368 370  0  5 1.00
368 391  0  5 1.00
368 392  0  5 1.00
369 370  0  5 1.00
369 371  0  5 1.00
369 391  0  5 1.00
369 392  0  5 1.00
369 393  0  5 1.00
370 371  0  5 1.00
370 372  0  5 1.00
370 392  0  5 1.00
370 393  0  5 1.00
370 394  0  5 1.00
371 372  0  5 1.00
371 373  0  5 1.00
371 394  0  5 1.00
372 373  0  5 1.00
372 374  0  5 1.00
372 394  0  5 1.00
372 395  0  5 1.00
372 396  0  5 1.00
373 374  0  5 1.00
373 375  0  5 1.00
373 396  0  5 1.00
373 397  0  5 1.00
374 375  0  5 1.00
374 376  0  5 1.00
374 396  0  5 1.00
374 397  0  5 1.00
374 398  0  5 1.00
375 376  0  5 1.00
375 377  0  5 1.00
375 397  0  5 1.00
375 398  0  5 1.00
375 399  0  5 1.00
375 400  0  5 1.00
376 377  0  5 1.00
376 378  0  5 1.00
376 398  0  5 1.00
376 399  0  5 1.00
376 400  0  5 1.00
377 378  0  5 1.00
377 379  0  5 1.00
377 400  0  5 1.00
377 401  0  5 1.00
378 379  0  5 1.00
378 380  0  5 1.00
378 400  0  5 1.00
378 401  0  5 1.00
379 380  0  5 1.00
379 381  0  5 1.00
379 401  0  5 1.00
379 402  0  5 1.00
379 403  0  5 1.00
380 381  0  5 1.00
380 382  0  5 1.00
380 403  0  5 1.00
381 382  0  5 1.00
381 383  0  5 1.00
381 403  0  5 1.00
381 404  0  5 1.00
381 405  0  5 1.00
382 383  0  5 1.00
382 384  0  5 1.00
382 405  0  5 1.00
383 384  0  5 1.00
383 385  0  5 1.00
383 405  0  5 1.00
383 406  0  5 1.00
383 407  0  5 1.00
384 385  0  5 1.00
384 386  0  5 1.00
384 406  0  5 1.00
384 407  0  5 1.00
384 453  0  5 1.00
385 386  0  5 1.00
385 387  0  5 1.00
385 388  0  5 1.00
385 407  0  5 1.00
385 408  0  5 1.00
385 409  0  5 1.00
385 410  0  5 1.00
385 411  0  5 1.00
386 387  0  5 1.00
386 388  0  5 1.00
386 409  0  5 1.00
386 410  0  5 1.00
387 388  0  5 1.00
387 389  0  5 1.00
387 409  0  5 1.00
387 410  0  5 1.00
387 411  0  5 1.00
388 389  0  5 1.00
388 390  0  5 1.00
388 410  0  5 1.00
388 411  0  5 1.00
388 412  0  5 1.00
389 390  0  5 1.00
389 391  0  5 1.00
389 412  0  5 1.00
390 391  0  5 1.00
390 392  0  5 1.00
390 412  0  5 1.00
390 413  0  5 1.00
390 414  0  5 1.00
391 392  0  5 1.00
391 393  0  5 1.00
391 414  0  5 1.00
391 415  0  5 1.00
392 393  0  5 1.00
392 394  0  5 1.00
392 414  0  5 1.00
392 415  0  5 1.00
392 416  0  5 1.00
392 611  0  5 1.00
393 394  0  5 1.00
393 395  0  5 1.00
393 415  0  5 1.00
393 416  0  5 1.00
393 417  0  5 1.00
394 395  0  5 1.00
394 396  0  5 1.00
394 417  0  5 1.00
395 396  0  5 1.00
395 397  0  5 1.00
395 417  0  5 1.00
395 418  0  5 1.00
395 419  0  5 1.00
395 420  0  5 1.00
396 397  0  5 1.00
396 398  0  5 1.00
396 419  0  5 1.00
396 420  0  5 1.00
397 398  0  5 1.00
397 399  0  5 1.00
398 399  0  5 1.00
398 400  0  5 1.00
398 420  0  5 1.00
398 421  0  5 1.00
399 400  0  5 1.00
399 401  0  5 1.00
399 422  0  5 1.00
400 401  0  5 1.00
400 402  0  5 1.00
400 422  0  5 1.00
400 423  0  5 1.00
401 402  0  5 1.00
401 403  0  5 1.00
401 422  0  5 1.00
401 423  0  5 1.00
402 403  0  5 1.00
402 404  0  5 1.00
402 423  0  5 1.00
402 424  0  5 1.00
402 425  0  5 1.00
403 404  0  5 1.00
403 405  0  5 1.00
403 425  0  5 1.00
404 405  0  5 1.00
404 406  0  5 1.00
404 425  0  5 1.00
404 426  0  5 1.00
404 427  0  5 1.00
404 428  0  5 1.00
405 406  0  5 1.00
405 407  0  5 1.00
405 427  0  5 1.00
405 428  0  5 1.00
406 407  0  5 1.00
406 408  0  5 1.00
406 427  0  5 1.00
406 428  0  5 1.00
407 408  0  5 1.00
407 409  0  5 1.00
407 427  0  5 1.00
407 428  0  5 1.00
407 429  0  5 1.00
408 409  0  5 1.00
408 410  0  5 1.00
408 429  0  5 1.00
408 430  0  5 1.00
409 410  0  5 1.00
409 411  0  5 1.00
409 429  0  5 1.00
409 430  0  5 1.00
410 411  0  5 1.00
410 412  0  5 1.00
410 430  0  5 1.00
411 412  0  5 1.00
411 413  0  5 1.00
411 430  0  5 1.00
411 431  0  5 1.00
411 432  0  5 1.00
412 413  0  5 1.00
412 414  0  5 1.00
412 432  0  5 1.00
413 414  0  5 1.00
413 415  0  5 1.00
413 432  0  5 1.00
413 433  0  5 1.00
413 434  0  5 1.00
414 415  0  5 1.00
414 416  0  5 1.00
414 432  0  5 1.00
414 434  0  5 1.00
414 435  0  5 1.00
415 416  0  5 1.00
415 417  0  5 1.00
415 434  0  5 1.00
415 435  0  5 1.00
415 436  0  5 1.00
415 611  0  5 1.00
415 624  0  5 1.00
416 417  0  5 1.00
416 418  0  5 1.00
416 435  0  5 1.00
416 436  0  5 1.00
416 437  0  5 1.00
417 418  0  5 1.00
417 419  0  5 1.00
417 437  0  5 1.00
418 419  0  5 1.00
418 420  0  5 1.00
418 437  0  5 1.00
418 438  0  5 1.00
418 439  0  5 1.00
418 440  0  5 1.00
419 420  0  5 1.00
419 421  0  5 1.00
419 437  0  5 1.00
419 439  0  5 1.00
420 421  0  5 1.00
420 422  0  5 1.00
420 423  0  5 1.00
420 439  0  5 1.00
420 440  0  5 1.00
420 441  0  5 1.00
421 422  0  5 1.00
421 423  0  5 1.00
421 439  0  5 1.00
421 440  0  5 1.00
421 441  0  5 1.00
422 423  0  5 1.00
422 424  0  5 1.00
422 440  0  5 1.00
422 441  0  5 1.00
423 424  0  5 1.00
423 425  0  5 1.00
423 440  0  5 1.00
423 441  0  5 1.00
424 425  0  5 1.00
424 426  0  5 1.00
424 441  0  5 1.00
424 442  0  5 1.00
424 443  0  5 1.00
425 426  0  5 1.00
425 427  0  5 1.00
425 443  0  5 1.00
426 427  0  5 1.00
426 428  0  5 1.00
426 443  0  5 1.00
426 444  0  5 1.00
426 445  0  5 1.00
427 428  0  5 1.00
427 429  0  5 1.00
427 443  0  5 1.00
427 445  0  5 1.00
428 429  0  5 1.00
428 430  0  5 1.00
428 445  0  5 1.00
428 470  0  5 1.00
428 471  0  5 1.00
429 430  0  5 1.00
429 431  0  5 1.00
429 471  0  5 1.00
429 472  0  5 1.00
430 431  0  5 1.00
430 432  0  5 1.00
430 471  0  5 1.00
430 472  0  5 1.00
430 473  0  5 1.00
431 432  0  5 1.00
431 433  0  5 1.00
431 472  0  5 1.00
431 473  0  5 1.00
431 474  0  5 1.00
432 433  0  5 1.00
432 434  0  5 1.00
432 474  0  5 1.00
433 434  0  5 1.00
433 435  0  5 1.00
433 474  0  5 1.00
433 475  0  5 1.00
433 476  0  5 1.00
434 435  0  5 1.00
434 436  0  5 1.00
434 476  0  5 1.00
434 477  0  5 1.00
435 436  0  5 1.00
435 437  0  5 1.00
435 476  0  5 1.00
435 477  0  5 1.00
435 478  0  5 1.00
435 623  0  5 1.00
435 624  0  5 1.00
436 437  0  5 1.00
436 438  0  5 1.00
436 477  0  5 1.00
436 478  0  5 1.00
436 479  0  5 1.00
436 623  0  5 1.00
436 624  0  5 1.00
437 438  0  5 1.00
437 439  0  5 1.00
437 479  0  5 1.00
437 624  0  5 1.00
438 439  0  5 1.00
438 440  0  5 1.00
438 479  0  5 1.00
438 480  0  5 1.00
438 481  0  5 1.00
439 440  0  5 1.00
439 441  0  5 1.00
439 481  0  5 1.00
440 441  0  5 1.00
440 442  0  5 1.00
440 481  0  5 1.00
440 488  0  5 1.00
440 489  0  5 1.00
441 442  0  5 1.00
441 443  0  5 1.00
441 487  0  5 1.00
441 488  0  5 1.00
441 489  0  5 1.00
442 443  0  5 1.00
442 444  0  5 1.00
442 488  0  5 1.00
442 489  0  5 1.00
443 444  0  5 1.00
443 445  0  5 1.00
444 445  0  5 1.00
444 446  0  5 1.00
445 446  0  5 1.00
445 447  0  5 1.00
446 447  0  5 1.00
446 448  0  5 1.00
446 468  0  5 1.00
446 469  0  5 1.00
446 470  0  5 1.00
447 448  0  5 1.00
447 449  0  5 1.00
447 450  0  5 1.00
447 467  0  5 1.00
447 468  0  5 1.00
448 449  0  5 1.00
448 450  0  5 1.00
448 468  0  5 1.00
449 450  0  5 1.00
449 451  0  5 1.00
450 451  0  5 1.00
450 452  0  5 1.00
450 466  0  5 1.00
450 467  0  5 1.00
450 468  0  5 1.00
451 452  0  5 1.00
451 453  0  5 1.00
451 466  0  5 1.00
451 467  0  5 1.00
452 453  0  5 1.00
452 454  0  5 1.00
452 464  0  5 1.00
452 465  0  5 1.00
452 466  0  5 1.00
452 467  0  5 1.00
453 454  0  5 1.00
453 455  0  5 1.00
453 464  0  5 1.00
453 465  0  5 1.00
453 466  0  5 1.00
454 455  0  5 1.00
454 456  0  5 1.00
454 461  0  5 1.00
454 462  0  5 1.00
454 463  0  5 1.00
454 464  0  5 1.00
454 465  0  5 1.00
455 456  0  5 1.00
455 457  0  5 1.00
455 459  0  5 1.00
455 461  0  5 1.00
455 462  0  5 1.00
455 463  0  5 1.00
456 457  0  5 1.00
456 458  0  5 1.00
456 459  0  5 1.00
456 461  0  5 1.00
456 462  0  5 1.00
456 463  0  5 1.00
457 458  0  5 1.00
457 459  0  5 1.00
458 459  0  5 1.00
458 460  0  5 1.00
459 460  0  5 1.00
459 461  0  5 1.00
460 461  0  5 1.00
460 462  0  5 1.00
461 462  0  5 1.00
461 463  0  5 1.00
462 463  0  5 1.00
462 464  0  5 1.00
463 464  0  5 1.00
463 465  0  5 1.00
464 465  0  5 1.00
464 466  0  5 1.00
465 466  0  5 1.00
465 467  0  5 1.00
466 467  0  5 1.00
466 468  0  5 1.00
467 468  0  5 1.00
467 469  0  5 1.00
468 469  0  5 1.00
468 470  0  5 1.00
469 470  0  5 1.00
469 471  0  5 1.00
470 471  0  5 1.00
470 472  0  5 1.00
470 523  0  5 1.00
471 472  0  5 1.00
471 473  0  5 1.00
471 523  0  5 1.00
471 524  0  5 1.00
472 473  0  5 1.00
472 474  0  5 1.00
472 523  0  5 1.00
472 524  0  5 1.00
472 525  0  5 1.00
473 474  0  5 1.00
473 475  0  5 1.00
473 524  0  5 1.00
473 525  0  5 1.00
473 526  0  5 1.00
474 475  0  5 1.00
474 476  0  5 1.00
474 526  0  5 1.00
475 476  0  5 1.00
475 477  0  5 1.00
475 526  0  5 1.00
475 527  0  5 1.00
475 528  0  5 1.00
476 477  0  5 1.00
476 478  0  5 1.00
476 526  0  5 1.00
476 528  0  5 1.00
476 529  0  5 1.00
477 478  0  5 1.00
477 479  0  5 1.00
477 528  0  5 1.00
477 529  0  5 1.00
477 530  0  5 1.00
477 622  0  5 1.00
477 623  0  5 1.00
478 479  0  5 1.00
478 480  0  5 1.00
478 529  0  5 1.00
478 530  0  5 1.00
478 531  0  5 1.00
478 623  0  5 1.00
479 480  0  5 1.00
479 481  0  5 1.00
479 531  0  5 1.00
479 623  0  5 1.00
480 481  0  5 1.00
480 482  0  5 1.00
480 531  0  5 1.00
480 532  0  5 1.00
480 533  0  5 1.00
481 482  0  5 1.00
481 483  0  5 1.00
481 533  0  5 1.00
481 536  0  5 1.00
482 483  0  5 1.00
482 484  0  5 1.00
482 533  0  5 1.00
482 534  0  5 1.00
482 535  0  5 1.00
482 536  0  5 1.00
483 484  0  5 1.00
483 485  0  5 1.00
483 486  0  5 1.00
483 534  0  5 1.00
484 485  0  5 1.00
484 486  0  5 1.00
484 534  0  5 1.00
485 486  0  5 1.00
485 487  0  5 1.00
486 487  0  5 1.00
486 488  0  5 1.00
486 489  0  5 1.00
487 488  0  5 1.00
487 489  0  5 1.00
488 489  0  5 1.00
488 490  0  5 1.00
489 490  0  5 1.00
489 491  0  5 1.00
489 535  0  5 1.00
489 536  0  5 1.00
489 537  0  5 1.00
490 491  0  5 1.00
490 492  0  5 1.00
490 536  0  5 1.00
490 537  0  5 1.00
491 492  0  5 1.00
491 493  0  5 1.00
491 494  0  5 1.00
491 495  0  5 1.00
491 537  0  5 1.00
491 538  0  5 1.00
491 539  0  5 1.00
492 493  0  5 1.00
492 494  0  5 1.00
492 495  0  5 1.00
492 537  0  5 1.00
492 538  0  5 1.00
492 539  0  5 1.00
493 494  0  5 1.00
493 495  0  5 1.00
494 495  0  5 1.00
494 496  0  5 1.00
494 497  0  5 1.00
495 496  0  5 1.00
495 497  0  5 1.00
496 497  0  5 1.00
496 498  0  5 1.00
496 522  0  5 1.00
497 498  0  5 1.00
497 499  0  5 1.00
497 522  0  5 1.00
497 523  0  5 1.00
498 499  0  5 1.00
498 500  0  5 1.00
498 522  0  5 1.00
498 523  0  5 1.00
498 524  0  5 1.00
498 525  0  5 1.00
499 500  0  5 1.00
499 501  0  5 1.00
499 524  0  5 1.00
499 525  0  5 1.00
500 501  0  5 1.00
500 502  0  5 1.00
500 503  0  5 1.00
500 504  0  5 1.00
500 524  0  5 1.00
500 525  0  5 1.00
501 502  0  5 1.00
501 503  0  5 1.00
501 504  0  5 1.00
501 505  0  5 1.00
501 506  0  5 1.00
502 503  0  5 1.00
502 504  0  5 1.00
502 505  0  5 1.00
502 506  0  5 1.00
503 504  0  5 1.00
503 505  0  5 1.00
503 506  0  5 1.00
503 507  0  5 1.00
503 508  0  5 1.00
504 505  0  5 1.00
504 506  0  5 1.00
504 507  0  5 1.00
504 508  0  5 1.00
504 509  0  5 1.00
505 506  0  5 1.00
505 507  0  5 1.00
505 508  0  5 1.00
505 509  0  5 1.00
506 507  0  5 1.00
506 508  0  5 1.00
506 509  0  5 1.00
506 510  0  5 1.00
507 508  0  5 1.00
507 509  0  5 1.00
507 510  0  5 1.00
507 511  0  5 1.00
508 509  0  5 1.00
508 510  0  5 1.00
508 511  0  5 1.00
508 517  0  5 1.00
509 510  0  5 1.00
509 511  0  5 1.00
510 511  0  5 1.00
510 512  0  5 1.00
511 512  0  5 1.00
511 513  0  5 1.00
512 513  0  5 1.00
512 514  0  5 1.00
513 514  0  5 1.00
513 515  0  5 1.00
514 515  0  5 1.00
514 516  0  5 1.00
514 517  0  5 1.00
514 518  0  5 1.00
515 516  0  5 1.00
515 517  0  5 1.00
515 518  0  5 1.00
515 519  0  5 1.00
516 517  0  5 1.00
516 518  0  5 1.00
516 519  0  5 1.00
516 520  0  5 1.00
517 518  0  5 1.00
517 519  0  5 1.00
517 520  0  5 1.00
517 521  0  5 1.00
518 519  0  5 1.00
518 520  0  5 1.00
518 521  0  5 1.00
519 520  0  5 1.00
519 521  0  5 1.00
520 521  0  5 1.00
520 522  0  5 1.00
521 522  0  5 1.00
521 523  0  5 1.00
522 523  0  5 1.00
522 524  0  5 1.00
523 524  0  5 1.00
523 525  0  5 1.00
524 525  0  5 1.00
524 526  0  5 1.00
525 526  0  5 1.00
525 527  0  5 1.00
526 527  0  5 1.00
526 528  0  5 1.00
527 528  0  5 1.00
527 529  0  5 1.00
527 542  0  5 1.00
527 543  0  5 1.00
528 529  0  5 1.00
528 530  0  5 1.00
528 544  0  5 1.00
529 530  0  5 1.00
529 531  0  5 1.00
529 544  0  5 1.00
529 545  0  5 1.00
530 531  0  5 1.00
530 532  0  5 1.00
530 544  0  5 1.00
530 545  0  5 1.00
530 546  0  5 1.00
531 532  0  5 1.00
531 533  0  5 1.00
531 546  0  5 1.00
532 533  0  5 1.00
532 534  0  5 1.00
532 536  0  5 1.00
532 546  0  5 1.00
532 547  0  5 1.00
532 548  0  5 1.00
532 549  0  5 1.00
533 534  0  5 1.00
533 535  0  5 1.00
533 536  0  5 1.00
533 548  0  5 1.00
533 549  0  5 1.00
533 551  0  5 1.00
534 535  0  5 1.00
534 536  0  5 1.00
534 548  0  5 1.00
534 549  0  5 1.00
534 551  0  5 1.00
534 552  0  5 1.00
535 536  0  5 1.00
535 537  0  5 1.00
535 549  0  5 1.00
536 537  0  5 1.00
536 538  0  5 1.00
537 538  0  5 1.00
537 539  0  5 1.00
538 539  0  5 1.00
538 540  0  5 1.00
539 540  0  5 1.00
539 541  0  5 1.00
539 542  0  5 1.00
540 541  0  5 1.00
540 542  0  5 1.00
541 542  0  5 1.00
541 543  0  5 1.00
542 543  0  5 1.00
542 544  0  5 1.00
543 544  0  5 1.00
543 545  0  5 1.00
544 545  0  5 1.00
544 546  0  5 1.00
545 546  0  5 1.00
545 547  0  5 1.00
546 547  0  5 1.00
546 548  0  5 1.00
547 548  0  5 1.00
547 549  0  5 1.00
548 549  0  5 1.00
548 550  0  5 1.00
548 551  0  5 1.00
549 550  0  5 1.00
549 551  0  5 1.00
550 551  0  5 1.00
550 552  0  5 1.00
551 552  0  5 1.00
551 553  0  5 1.00
552 553  0  5 1.00
552 554  0  5 1.00
553 554  0  5 1.00
553 555  0  5 1.00
553 567  0  5 1.00
553 568  0  5 1.00
553 569  0  5 1.00
554 555  0  5 1.00
554 556  0  5 1.00
554 567  0  5 1.00
554 568  0  5 1.00
554 569  0  5 1.00
555 556  0  5 1.00
555 557  0  5 1.00
555 567  0  5 1.00
555 568  0  5 1.00
556 557  0  5 1.00
556 558  0  5 1.00
556 565  0  5 1.00
556 566  0  5 1.00
556 567  0  5 1.00
557 558  0  5 1.00
557 559  0  5 1.00
557 565  0  5 1.00
557 566  0  5 1.00
558 559  0  5 1.00
558 560  0  5 1.00
558 563  0  5 1.00
558 564  0  5 1.00
558 565  0  5 1.00
559 560  0  5 1.00
559 561  0  5 1.00
559 563  0  5 1.00
559 564  0  5 1.00
560 561  0  5 1.00
560 562  0  5 1.00
560 563  0  5 1.00
560 564  0  5 1.00
561 562  0  5 1.00
561 563  0  5 1.00
562 563  0  5 1.00
562 564  0  5 1.00
562 638  0  5 1.00
563 564  0  5 1.00
563 565  0  5 1.00
563 638  0  5 1.00
564 565  0  5 1.00
564 566  0  5 1.00
564 635  0  5 1.00
564 636  0  5 1.00
564 637  0  5 1.00
564 638  0  5 1.00
565 566  0  5 1.00
565 567  0  5 1.00
565 635  0  5 1.00
565 636  0  5 1.00
565 637  0  5 1.00
566 567  0  5 1.00
566 568  0  5 1.00
566 633  0  5 1.00
566 634  0  5 1.00
566 635  0  5 1.00
566 636  0  5 1.00
566 637  0  5 1.00
567 568  0  5 1.00
567 569  0  5 1.00
567 633  0  5 1.00
567 634  0  5 1.00
568 569  0  5 1.00
568 570  0  5 1.00
568 631  0  5 1.00
568 632  0  5 1.00
568 633  0  5 1.00
569 570  0  5 1.00
569 571  0  5 1.00
569 631  0  5 1.00
569 632  0  5 1.00
570 571  0  5 1.00
570 572  0  5 1.00
570 629  0  5 1.00
570 630  0  5 1.00
570 631  0  5 1.00
571 572  0  5 1.00
571 573  0  5 1.00
571 574  0  5 1.00
571 575  0  5 1.00
571 630  0  5 1.00
571 631  0  5 1.00
572 573  0  5 1.00
572 574  0  5 1.00
572 575  0  5 1.00
572 576  0  5 1.00
573 574  0  5 1.00
573 575  0  5 1.00
573 576  0  5 1.00
573 577  0  5 1.00
574 575  0  5 1.00
574 576  0  5 1.00
574 577  0  5 1.00
575 576  0  5 1.00
575 577  0  5 1.00
576 577  0  5 1.00
576 578  0  5 1.00
577 578  0  5 1.00
577 579  0  5 1.00
577 620  0  5 1.00
577 621  0  5 1.00
577 622  0  5 1.00
578 579  0  5 1.00
578 580  0  5 1.00
578 620  0  5 1.00
579 580  0  5 1.00
579 581  0  5 1.00
579 618  0  5 1.00
579 619  0  5 1.00
579 620  0  5 1.00
579 621  0  5 1.00
579 622  0  5 1.00
580 581  0  5 1.00
580 582  0  5 1.00
580 618  0  5 1.00
581 582  0  5 1.00
581 583  0  5 1.00
581 607  0  5 1.00
581 618  0  5 1.00
582 583  0  5 1.00
582 584  0  5 1.00
582 605  0  5 1.00
582 606  0  5 1.00
582 607  0  5 1.00
583 584  0  5 1.00
583 585  0  5 1.00
583 586  0  5 1.00
583 587  0  5 1.00
583 597  0  5 1.00
583 605  0  5 1.00
583 606  0  5 1.00
583 607  0  5 1.00
584 585  0  5 1.00
584 586  0  5 1.00
584 587  0  5 1.00
584 597  0  5 1.00
584 605  0  5 1.00
585 586  0  5 1.00
585 587  0  5 1.00
586 587  0  5 1.00
586 588  0  5 1.00
587 588  0  5 1.00
587 589  0  5 1.00
588 589  0  5 1.00
588 590  0  5 1.00
589 590  0  5 1.00
589 591  0  5 1.00
589 595  0  5 1.00
589 596  0  5 1.00
590 591  0  5 1.00
590 592  0  5 1.00
590 593  0  5 1.00
590 594  0  5 1.00
590 595  0  5 1.00
591 592  0  5 1.00
591 593  0  5 1.00
591 594  0  5 1.00
592 593  0  5 1.00
592 594  0  5 1.00
593 594  0  5 1.00
593 595  0  5 1.00
594 595  0  5 1.00
594 596  0  5 1.00
595 596  0  5 1.00
595 597  0  5 1.00
596 597  0  5 1.00
596 598  0  5 1.00
597 598  0  5 1.00
597 599  0  5 1.00
597 605  0  5 1.00
598 599  0  5 1.00
598 600  0  5 1.00
598 603  0  5 1.00
598 605  0  5 1.00
599 600  0  5 1.00
599 601  0  5 1.00
599 602  0  5 1.00
599 603  0  5 1.00
599 604  0  5 1.00
599 605  0  5 1.00
600 601  0  5 1.00
600 602  0  5 1.00
601 602  0  5 1.00
601 603  0  5 1.00
602 603  0  5 1.00
602 604  0  5 1.00
603 604  0  5 1.00
603 605  0  5 1.00
604 605  0  5 1.00
604 606  0  5 1.00
605 606  0  5 1.00
605 607  0  5 1.00
606 607  0  5 1.00
606 608  0  5 1.00
607 608  0  5 1.00
607 609  0  5 1.00
608 609  0  5 1.00
608 610  0  5 1.00
608 614  0  5 1.00
608 615  0  5 1.00
608 616  0  5 1.00
609 610  0  5 1.00
609 611  0  5 1.00
609 613  0  5 1.00
609 614  0  5 1.00
609 615  0  5 1.00
609 616  0  5 1.00
610 611  0  5 1.00
610 612  0  5 1.00
610 613  0  5 1.00
610 614  0  5 1.00
610 624  0  5 1.00
611 612  0  5 1.00
611 613  0  5 1.00
611 624  0  5 1.00
611 625  0  5 1.00
612 613  0  5 1.00
612 614  0  5 1.00
612 624  0  5 1.00
613 614  0  5 1.00
613 615  0  5 1.00
614 615  0  5 1.00
614 616  0  5 1.00
615 616  0  5 1.00
615 617  0  5 1.00
616 617  0  5 1.00
616 618  0  5 1.00
617 618  0  5 1.00
617 619  0  5 1.00
617 620  0  5 1.00
618 619  0  5 1.00
618 620  0  5 1.00
619 620  0  5 1.00
619 621  0  5 1.00
620 621  0  5 1.00
620 622  0  5 1.00
621 622  0  5 1.00
621 623  0  5 1.00
622 623  0  5 1.00
622 624  0  5 1.00
622 625  0  5 1.00
623 624  0  5 1.00
623 625  0  5 1.00
624 625  0  5 1.00
624 626  0  5 1.00
625 626  0  5 1.00
625 627  0  5 1.00
625 628  0  5 1.00
626 627  0  5 1.00
626 628  0  5 1.00
627 628  0  5 1.00
627 629  0  5 1.00
628 629  0  5 1.00
628 630  0  5 1.00
629 630  0  5 1.00
629 631  0  5 1.00
630 631  0  5 1.00
630 632  0  5 1.00
631 632  0  5 1.00
631 633  0  5 1.00
632 633  0  5 1.00
632 634  0  5 1.00
633 634  0  5 1.00
633 635  0  5 1.00
634 635  0  5 1.00
634 636  0  5 1.00
635 636  0  5 1.00
635 637  0  5 1.00
636 637  0  5 1.00
636 638  0  5 1.00
637 638  0  5 1.00
END
HELX_P HELX_P1  1  THR A 23  ? ALA A 31  ? THR A 23  ALA A 31  1 ? 9  
HELX_P HELX_P2  2  SER A 97  ? PHE A 99  ? SER A 97  PHE A 99  5 ? 3  
HELX_P HELX_P3  3  ASN A 138 ? PHE A 143 ? ASN A 138 PHE A 143 5 ? 6  
HELX_P HELX_P4  4  ASN A 164 ? LYS A 169 ? ASN A 164 LYS A 169 5 ? 6  
HELX_P HELX_P5  5  GLU A 269 ? GLY A 273 ? GLU A 269 GLY A 273 5 ? 5  
HELX_P HELX_P6  6  ASN A 275 ? LYS A 281 ? ASN A 275 LYS A 281 1 ? 7  
HELX_P HELX_P7  7  PRO A 284 ? ASN A 299 ? PRO A 284 ASN A 299 1 ? 16 
HELX_P HELX_P8  8  THR A 491 ? ASN A 495 ? THR A 491 ASN A 495 5 ? 5  
HELX_P HELX_P9  9  SER A 500 ? ASN A 509 ? SER A 500 ASN A 509 1 ? 10 
HELX_P HELX_P10 10 ASP A 514 ? ARG A 520 ? ASP A 514 ARG A 520 1 ? 7  
HELX_P HELX_P11 11 PRO A 571 ? ILE A 577 ? PRO A 571 ILE A 577 5 ? 7 