3w9t 432
  2   3  0  5 1.00
  2   4  0  5 1.00
  3   4  0  5 1.00
  3   5  0  5 1.00
  4   5  0  5 1.00
  4   6  0  5 1.00
  4   7  0  5 1.00
  5   6  0  5 1.00
  5   7  0  5 1.00
  6   7  0  5 1.00
  6   8  0  5 1.00
  6  49  0  5 1.00
  6  50  0  5 1.00
  6  51  0  5 1.00
  7   8  0  5 1.00
  7   9  0  5 1.00
  7  48  0  5 1.00
  7  49  0  5 1.00
  7  50  0  5 1.00
  8   9  0  5 1.00
  8  10  0  5 1.00
  8  48  0  5 1.00
  8  49  0  5 1.00
  8  50  0  5 1.00
  9  10  0  5 1.00
  9  11  0  5 1.00
  9  46  0  5 1.00
  9  47  0  5 1.00
  9  48  0  5 1.00
 10  11  0  5 1.00
 10  12  0  5 1.00
 10  46  0  5 1.00
 10  47  0  5 1.00
 10  48  0  5 1.00
 11  12  0  5 1.00
 11  13  0  5 1.00
 11  44  0  5 1.00
 11  45  0  5 1.00
 11  46  0  5 1.00
 12  13  0  5 1.00
 12  14  0  5 1.00
 12  44  0  5 1.00
 12  45  0  5 1.00
 12  46  0  5 1.00
 12 145  0  5 1.00
 12 146  0  5 1.00
 12 147  0  5 1.00
 13  14  0  5 1.00
 13  15  0  5 1.00
 13  20  0  5 1.00
 13  21  0  5 1.00
 13  22  0  5 1.00
 13  44  0  5 1.00
 13 145  0  5 1.00
 13 146  0  5 1.00
 14  15  0  5 1.00
 14  16  0  5 1.00
 14  19  0  5 1.00
 14  20  0  5 1.00
 14  21  0  5 1.00
 14  22  0  5 1.00
 14 143  0  5 1.00
 14 144  0  5 1.00
 14 145  0  5 1.00
 15  16  0  5 1.00
 15  17  0  5 1.00
 15  18  0  5 1.00
 15  19  0  5 1.00
 15  20  0  5 1.00
 15 143  0  5 1.00
 15 144  0  5 1.00
 16  17  0  5 1.00
 16  18  0  5 1.00
 16  19  0  5 1.00
 16 140  0  5 1.00
 16 143  0  5 1.00
 16 144  0  5 1.00
 17  18  0  5 1.00
 17  19  0  5 1.00
 17 140  0  5 1.00
 17 141  0  5 1.00
 17 143  0  5 1.00
 18  19  0  5 1.00
 18  20  0  5 1.00
 19  20  0  5 1.00
 19  21  0  5 1.00
 20  21  0  5 1.00
 20  22  0  5 1.00
 20  36  0  5 1.00
 21  22  0  5 1.00
 21  23  0  5 1.00
 21  34  0  5 1.00
 21  35  0  5 1.00
 21  36  0  5 1.00
 21  38  0  5 1.00
 22  23  0  5 1.00
 22  24  0  5 1.00
 22  34  0  5 1.00
 22  35  0  5 1.00
 22  44  0  5 1.00
 23  24  0  5 1.00
 23  25  0  5 1.00
 23  32  0  5 1.00
 23  33  0  5 1.00
 23  34  0  5 1.00
 23  35  0  5 1.00
 23  36  0  5 1.00
 24  25  0  5 1.00
 24  26  0  5 1.00
 24  27  0  5 1.00
 24  32  0  5 1.00
 24  33  0  5 1.00
 24  34  0  5 1.00
 24  43  0  5 1.00
 25  26  0  5 1.00
 25  27  0  5 1.00
 25  28  0  5 1.00
 25  29  0  5 1.00
 25  30  0  5 1.00
 25  31  0  5 1.00
 25  32  0  5 1.00
 26  27  0  5 1.00
 26  28  0  5 1.00
 27  28  0  5 1.00
 27  29  0  5 1.00
 27  43  0  5 1.00
 28  29  0  5 1.00
 28  30  0  5 1.00
 28  58  0  5 1.00
 28  59  0  5 1.00
 29  30  0  5 1.00
 29  31  0  5 1.00
 29  43  0  5 1.00
 29  59  0  5 1.00
 29  75  0  5 1.00
 30  31  0  5 1.00
 30  32  0  5 1.00
 30  75  0  5 1.00
 31  32  0  5 1.00
 31  33  0  5 1.00
 31  74  0  5 1.00
 31  75  0  5 1.00
 32  33  0  5 1.00
 32  34  0  5 1.00
 32  73  0  5 1.00
 32  74  0  5 1.00
 32  75  0  5 1.00
 33  34  0  5 1.00
 33  35  0  5 1.00
 33  73  0  5 1.00
 33  74  0  5 1.00
 33  75  0  5 1.00
 33 129  0  5 1.00
 33 130  0  5 1.00
 33 131  0  5 1.00
 34  35  0  5 1.00
 34  36  0  5 1.00
 34 129  0  5 1.00
 34 130  0  5 1.00
 34 131  0  5 1.00
 35  36  0  5 1.00
 35  37  0  5 1.00
 35 129  0  5 1.00
 36  37  0  5 1.00
 36  38  0  5 1.00
 37  38  0  5 1.00
 37  39  0  5 1.00
 38  39  0  5 1.00
 38  40  0  5 1.00
 38 223  0  5 1.00
 38 224  0  5 1.00
 39  40  0  5 1.00
 39  41  0  5 1.00
 39 204  0  5 1.00
 40  41  0  5 1.00
 40  42  0  5 1.00
 40 204  0  5 1.00
 40 205  0  5 1.00
 40 206  0  5 1.00
 41  42  0  5 1.00
 41  43  0  5 1.00
 41  44  0  5 1.00
 41  45  0  5 1.00
 41 204  0  5 1.00
 42  43  0  5 1.00
 42  44  0  5 1.00
 42  45  0  5 1.00
 42  56  0  5 1.00
 42  57  0  5 1.00
 42  58  0  5 1.00
 43  44  0  5 1.00
 43  45  0  5 1.00
 43  56  0  5 1.00
 43  58  0  5 1.00
 44  45  0  5 1.00
 44  46  0  5 1.00
 45  46  0  5 1.00
 45  47  0  5 1.00
 45  55  0  5 1.00
 45  56  0  5 1.00
 45  57  0  5 1.00
 46  47  0  5 1.00
 46  48  0  5 1.00
 46  55  0  5 1.00
 46  56  0  5 1.00
 47  48  0  5 1.00
 47  49  0  5 1.00
 47  53  0  5 1.00
 47  54  0  5 1.00
 47  55  0  5 1.00
 47  56  0  5 1.00
 48  49  0  5 1.00
 48  50  0  5 1.00
 48  53  0  5 1.00
 49  50  0  5 1.00
 49  51  0  5 1.00
 49  52  0  5 1.00
 49  53  0  5 1.00
 49  54  0  5 1.00
 50  51  0  5 1.00
 50  52  0  5 1.00
 51  52  0  5 1.00
 51  53  0  5 1.00
 52  53  0  5 1.00
 52  54  0  5 1.00
 52  88  0  5 1.00
 52  89  0  5 1.00
 52  90  0  5 1.00
 53  54  0  5 1.00
 53  55  0  5 1.00
 53  88  0  5 1.00
 53  89  0  5 1.00
 53  90  0  5 1.00
 54  55  0  5 1.00
 54  56  0  5 1.00
 54  61  0  5 1.00
 54  62  0  5 1.00
 54  63  0  5 1.00
 54  88  0  5 1.00
 55  56  0  5 1.00
 55  57  0  5 1.00
 55  61  0  5 1.00
 55  62  0  5 1.00
 56  57  0  5 1.00
 56  58  0  5 1.00
 56  59  0  5 1.00
 56  60  0  5 1.00
 56  61  0  5 1.00
 57  58  0  5 1.00
 57  59  0  5 1.00
 58  59  0  5 1.00
 58  60  0  5 1.00
 59  60  0  5 1.00
 59  61  0  5 1.00
 60  61  0  5 1.00
 60  62  0  5 1.00
 60  78  0  5 1.00
 61  62  0  5 1.00
 61  63  0  5 1.00
 61  76  0  5 1.00
 61  77  0  5 1.00
 61  78  0  5 1.00
 62  63  0  5 1.00
 62  64  0  5 1.00
 62  74  0  5 1.00
 62  75  0  5 1.00
 62  76  0  5 1.00
 62  77  0  5 1.00
 62  78  0  5 1.00
 63  64  0  5 1.00
 63  65  0  5 1.00
 63  74  0  5 1.00
 63  75  0  5 1.00
 63  87  0  5 1.00
 63  88  0  5 1.00
 64  65  0  5 1.00
 64  66  0  5 1.00
 64  72  0  5 1.00
 64  73  0  5 1.00
 64  74  0  5 1.00
 64  75  0  5 1.00
 65  66  0  5 1.00
 65  67  0  5 1.00
 65  72  0  5 1.00
 65  73  0  5 1.00
 65  74  0  5 1.00
 65  87  0  5 1.00
 66  67  0  5 1.00
 66  68  0  5 1.00
 66  71  0  5 1.00
 66  72  0  5 1.00
 66  73  0  5 1.00
 66  74  0  5 1.00
 67  68  0  5 1.00
 67  69  0  5 1.00
 67  72  0  5 1.00
 68  69  0  5 1.00
 68  70  0  5 1.00
 69  70  0  5 1.00
 69  71  0  5 1.00
 70  71  0  5 1.00
 70  72  0  5 1.00
 70 133  0  5 1.00
 71  72  0  5 1.00
 71  73  0  5 1.00
 71 131  0  5 1.00
 71 132  0  5 1.00
 71 133  0  5 1.00
 72  73  0  5 1.00
 72  74  0  5 1.00
 72 131  0  5 1.00
 72 132  0  5 1.00
 73  74  0  5 1.00
 73  75  0  5 1.00
 73 131  0  5 1.00
 73 132  0  5 1.00
 74  75  0  5 1.00
 74  76  0  5 1.00
 75  76  0  5 1.00
 75  77  0  5 1.00
 76  77  0  5 1.00
 76  78  0  5 1.00
 77  78  0  5 1.00
 77  79  0  5 1.00
 78  79  0  5 1.00
 78  80  0  5 1.00
 79  80  0  5 1.00
 79  81  0  5 1.00
 79  83  0  5 1.00
 79  84  0  5 1.00
 79  85  0  5 1.00
 80  81  0  5 1.00
 80  82  0  5 1.00
 80  83  0  5 1.00
 80  84  0  5 1.00
 81  82  0  5 1.00
 81  83  0  5 1.00
 82  83  0  5 1.00
 82  84  0  5 1.00
 83  84  0  5 1.00
 83  85  0  5 1.00
 84  85  0  5 1.00
 84  86  0  5 1.00
 85  86  0  5 1.00
 85  87  0  5 1.00
 85  88  0  5 1.00
 85  89  0  5 1.00
 86  87  0  5 1.00
 86  88  0  5 1.00
 86  89  0  5 1.00
 86 114  0  5 1.00
 86 115  0  5 1.00
 87  88  0  5 1.00
 87  89  0  5 1.00
 87 115  0  5 1.00
 88  89  0  5 1.00
 88  90  0  5 1.00
 89  90  0  5 1.00
 89  91  0  5 1.00
 89 112  0  5 1.00
 89 113  0  5 1.00
 89 114  0  5 1.00
 89 115  0  5 1.00
 90  91  0  5 1.00
 90  92  0  5 1.00
 90 112  0  5 1.00
 90 113  0  5 1.00
 90 114  0  5 1.00
 91  92  0  5 1.00
 91  93  0  5 1.00
 91 110  0  5 1.00
 91 111  0  5 1.00
 91 112  0  5 1.00
 91 113  0  5 1.00
 92  93  0  5 1.00
 92  94  0  5 1.00
 92 110  0  5 1.00
 93  94  0  5 1.00
 93  95  0  5 1.00
 93 110  0  5 1.00
 93 111  0  5 1.00
 94  95  0  5 1.00
 94  96  0  5 1.00
 94 108  0  5 1.00
 94 109  0  5 1.00
 94 110  0  5 1.00
 95  96  0  5 1.00
 95  97  0  5 1.00
 95 108  0  5 1.00
 95 109  0  5 1.00
 96  97  0  5 1.00
 96  98  0  5 1.00
 96 106  0  5 1.00
 96 107  0  5 1.00
 96 108  0  5 1.00
 96 109  0  5 1.00
 97  98  0  5 1.00
 97  99  0  5 1.00
 97 106  0  5 1.00
 97 107  0  5 1.00
 97 108  0  5 1.00
 98  99  0  5 1.00
 98 100  0  5 1.00
 98 104  0  5 1.00
 98 105  0  5 1.00
 98 106  0  5 1.00
 99 100  0  5 1.00
 99 101  0  5 1.00
 99 104  0  5 1.00
 99 105  0  5 1.00
 99 106  0  5 1.00
100 101  0  5 1.00
100 102  0  5 1.00
100 103  0  5 1.00
100 104  0  5 1.00
101 102  0  5 1.00
101 103  0  5 1.00
101 226  0  5 1.00
102 103  0  5 1.00
102 104  0  5 1.00
102 195  0  5 1.00
102 196  0  5 1.00
103 104  0  5 1.00
103 105  0  5 1.00
104 105  0  5 1.00
104 106  0  5 1.00
105 106  0  5 1.00
105 107  0  5 1.00
106 107  0  5 1.00
106 108  0  5 1.00
107 108  0  5 1.00
107 109  0  5 1.00
107 144  0  5 1.00
107 145  0  5 1.00
107 146  0  5 1.00
108 109  0  5 1.00
108 110  0  5 1.00
108 143  0  5 1.00
108 144  0  5 1.00
108 145  0  5 1.00
109 110  0  5 1.00
109 111  0  5 1.00
109 142  0  5 1.00
109 143  0  5 1.00
109 144  0  5 1.00
109 145  0  5 1.00
110 111  0  5 1.00
110 112  0  5 1.00
110 142  0  5 1.00
110 143  0  5 1.00
110 144  0  5 1.00
111 112  0  5 1.00
111 113  0  5 1.00
111 118  0  5 1.00
111 119  0  5 1.00
111 120  0  5 1.00
111 142  0  5 1.00
112 113  0  5 1.00
112 114  0  5 1.00
112 118  0  5 1.00
112 119  0  5 1.00
112 120  0  5 1.00
113 114  0  5 1.00
113 115  0  5 1.00
113 116  0  5 1.00
113 117  0  5 1.00
113 118  0  5 1.00
113 119  0  5 1.00
114 115  0  5 1.00
114 116  0  5 1.00
114 117  0  5 1.00
115 116  0  5 1.00
115 117  0  5 1.00
116 117  0  5 1.00
116 118  0  5 1.00
117 118  0  5 1.00
117 119  0  5 1.00
117 134  0  5 1.00
118 119  0  5 1.00
118 120  0  5 1.00
118 133  0  5 1.00
118 134  0  5 1.00
118 135  0  5 1.00
119 120  0  5 1.00
119 121  0  5 1.00
119 132  0  5 1.00
119 133  0  5 1.00
119 134  0  5 1.00
119 135  0  5 1.00
119 136  0  5 1.00
120 121  0  5 1.00
120 122  0  5 1.00
120 132  0  5 1.00
120 133  0  5 1.00
120 134  0  5 1.00
120 141  0  5 1.00
120 142  0  5 1.00
121 122  0  5 1.00
121 123  0  5 1.00
121 130  0  5 1.00
121 131  0  5 1.00
121 132  0  5 1.00
121 133  0  5 1.00
121 141  0  5 1.00
122 123  0  5 1.00
122 124  0  5 1.00
122 125  0  5 1.00
122 128  0  5 1.00
122 130  0  5 1.00
122 131  0  5 1.00
122 141  0  5 1.00
123 124  0  5 1.00
123 125  0  5 1.00
123 126  0  5 1.00
123 127  0  5 1.00
123 128  0  5 1.00
123 130  0  5 1.00
124 125  0  5 1.00
124 126  0  5 1.00
125 126  0  5 1.00
125 127  0  5 1.00
126 127  0  5 1.00
126 128  0  5 1.00
127 128  0  5 1.00
127 129  0  5 1.00
128 129  0  5 1.00
128 130  0  5 1.00
129 130  0  5 1.00
129 131  0  5 1.00
130 131  0  5 1.00
130 132  0  5 1.00
131 132  0  5 1.00
131 133  0  5 1.00
132 133  0  5 1.00
132 134  0  5 1.00
133 134  0  5 1.00
133 135  0  5 1.00
134 135  0  5 1.00
134 136  0  5 1.00
135 136  0  5 1.00
135 137  0  5 1.00
136 137  0  5 1.00
136 138  0  5 1.00
137 138  0  5 1.00
137 139  0  5 1.00
138 139  0  5 1.00
138 140  0  5 1.00
139 140  0  5 1.00
139 141  0  5 1.00
139 142  0  5 1.00
139 143  0  5 1.00
140 141  0  5 1.00
140 142  0  5 1.00
140 143  0  5 1.00
141 142  0  5 1.00
141 143  0  5 1.00
142 143  0  5 1.00
142 144  0  5 1.00
143 144  0  5 1.00
143 145  0  5 1.00
144 145  0  5 1.00
144 146  0  5 1.00
145 146  0  5 1.00
145 147  0  5 1.00
146 147  0  5 1.00
146 148  0  5 1.00
147 148  0  5 1.00
147 149  0  5 1.00
148 149  0  5 1.00
148 150  0  5 1.00
149 150  0  5 1.00
149 151  0  5 1.00
149 194  0  5 1.00
149 195  0  5 1.00
149 196  0  5 1.00
150 151  0  5 1.00
150 152  0  5 1.00
150 195  0  5 1.00
150 196  0  5 1.00
151 152  0  5 1.00
151 153  0  5 1.00
151 193  0  5 1.00
151 194  0  5 1.00
151 195  0  5 1.00
152 153  0  5 1.00
152 154  0  5 1.00
152 193  0  5 1.00
152 194  0  5 1.00
152 195  0  5 1.00
153 154  0  5 1.00
153 155  0  5 1.00
153 193  0  5 1.00
153 194  0  5 1.00
153 195  0  5 1.00
154 155  0  5 1.00
154 156  0  5 1.00
154 191  0  5 1.00
154 192  0  5 1.00
154 193  0  5 1.00
155 156  0  5 1.00
155 157  0  5 1.00
155 191  0  5 1.00
155 192  0  5 1.00
155 282  0  5 1.00
156 157  0  5 1.00
156 158  0  5 1.00
156 189  0  5 1.00
156 190  0  5 1.00
156 191  0  5 1.00
156 282  0  5 1.00
157 158  0  5 1.00
157 159  0  5 1.00
157 189  0  5 1.00
157 190  0  5 1.00
157 191  0  5 1.00
157 280  0  5 1.00
157 281  0  5 1.00
157 282  0  5 1.00
158 159  0  5 1.00
158 160  0  5 1.00
158 165  0  5 1.00
158 166  0  5 1.00
158 167  0  5 1.00
158 189  0  5 1.00
158 280  0  5 1.00
158 281  0  5 1.00
158 282  0  5 1.00
159 160  0  5 1.00
159 161  0  5 1.00
159 165  0  5 1.00
159 166  0  5 1.00
159 167  0  5 1.00
159 278  0  5 1.00
159 279  0  5 1.00
159 280  0  5 1.00
160 161  0  5 1.00
160 162  0  5 1.00
160 163  0  5 1.00
160 164  0  5 1.00
160 165  0  5 1.00
160 166  0  5 1.00
160 278  0  5 1.00
160 279  0  5 1.00
161 162  0  5 1.00
161 163  0  5 1.00
161 164  0  5 1.00
161 275  0  5 1.00
161 278  0  5 1.00
161 279  0  5 1.00
162 163  0  5 1.00
162 164  0  5 1.00
162 261  0  5 1.00
162 275  0  5 1.00
162 276  0  5 1.00
163 164  0  5 1.00
163 165  0  5 1.00
163 261  0  5 1.00
163 262  0  5 1.00
164 165  0  5 1.00
164 166  0  5 1.00
165 166  0  5 1.00
165 167  0  5 1.00
165 181  0  5 1.00
166 167  0  5 1.00
166 168  0  5 1.00
166 179  0  5 1.00
166 180  0  5 1.00
166 181  0  5 1.00
166 182  0  5 1.00
166 183  0  5 1.00
167 168  0  5 1.00
167 169  0  5 1.00
167 179  0  5 1.00
167 189  0  5 1.00
168 169  0  5 1.00
168 170  0  5 1.00
168 177  0  5 1.00
168 178  0  5 1.00
168 179  0  5 1.00
168 180  0  5 1.00
168 181  0  5 1.00
169 170  0  5 1.00
169 171  0  5 1.00
169 172  0  5 1.00
169 177  0  5 1.00
169 178  0  5 1.00
169 179  0  5 1.00
169 188  0  5 1.00
170 171  0  5 1.00
170 172  0  5 1.00
170 173  0  5 1.00
170 174  0  5 1.00
170 175  0  5 1.00
170 177  0  5 1.00
171 172  0  5 1.00
171 173  0  5 1.00
172 173  0  5 1.00
172 174  0  5 1.00
173 174  0  5 1.00
173 175  0  5 1.00
173 203  0  5 1.00
173 204  0  5 1.00
174 175  0  5 1.00
174 176  0  5 1.00
174 188  0  5 1.00
174 204  0  5 1.00
174 221  0  5 1.00
175 176  0  5 1.00
175 177  0  5 1.00
176 177  0  5 1.00
176 178  0  5 1.00
176 220  0  5 1.00
176 221  0  5 1.00
177 178  0  5 1.00
177 179  0  5 1.00
177 219  0  5 1.00
177 220  0  5 1.00
178 179  0  5 1.00
178 180  0  5 1.00
178 219  0  5 1.00
178 220  0  5 1.00
178 265  0  5 1.00
178 266  0  5 1.00
179 180  0  5 1.00
179 181  0  5 1.00
179 264  0  5 1.00
179 265  0  5 1.00
179 266  0  5 1.00
180 181  0  5 1.00
180 182  0  5 1.00
180 263  0  5 1.00
180 264  0  5 1.00
180 265  0  5 1.00
180 266  0  5 1.00
181 182  0  5 1.00
181 183  0  5 1.00
182 183  0  5 1.00
182 184  0  5 1.00
183 184  0  5 1.00
183 185  0  5 1.00
183 286  0  5 1.00
183 287  0  5 1.00
183 288  0  5 1.00
184 185  0  5 1.00
184 186  0  5 1.00
184 286  0  5 1.00
185 186  0  5 1.00
185 187  0  5 1.00
185 285  0  5 1.00
185 286  0  5 1.00
186 187  0  5 1.00
186 188  0  5 1.00
186 189  0  5 1.00
186 190  0  5 1.00
187 188  0  5 1.00
187 189  0  5 1.00
187 190  0  5 1.00
187 202  0  5 1.00
187 203  0  5 1.00
188 189  0  5 1.00
188 190  0  5 1.00
188 203  0  5 1.00
189 190  0  5 1.00
189 191  0  5 1.00
190 191  0  5 1.00
190 192  0  5 1.00
190 200  0  5 1.00
190 201  0  5 1.00
190 202  0  5 1.00
190 203  0  5 1.00
191 192  0  5 1.00
191 193  0  5 1.00
191 200  0  5 1.00
191 201  0  5 1.00
191 202  0  5 1.00
192 193  0  5 1.00
192 194  0  5 1.00
192 198  0  5 1.00
192 199  0  5 1.00
192 200  0  5 1.00
193 194  0  5 1.00
193 195  0  5 1.00
193 198  0  5 1.00
193 199  0  5 1.00
194 195  0  5 1.00
194 196  0  5 1.00
194 197  0  5 1.00
194 198  0  5 1.00
195 196  0  5 1.00
195 197  0  5 1.00
196 197  0  5 1.00
196 198  0  5 1.00
196 231  0  5 1.00
197 198  0  5 1.00
197 199  0  5 1.00
197 230  0  5 1.00
197 231  0  5 1.00
197 232  0  5 1.00
198 199  0  5 1.00
198 200  0  5 1.00
198 230  0  5 1.00
198 231  0  5 1.00
198 232  0  5 1.00
199 200  0  5 1.00
199 201  0  5 1.00
199 206  0  5 1.00
199 207  0  5 1.00
199 208  0  5 1.00
199 230  0  5 1.00
200 201  0  5 1.00
200 202  0  5 1.00
200 206  0  5 1.00
200 207  0  5 1.00
200 208  0  5 1.00
201 202  0  5 1.00
201 203  0  5 1.00
201 204  0  5 1.00
201 205  0  5 1.00
201 206  0  5 1.00
201 207  0  5 1.00
202 203  0  5 1.00
202 204  0  5 1.00
202 205  0  5 1.00
203 204  0  5 1.00
203 205  0  5 1.00
204 205  0  5 1.00
204 206  0  5 1.00
205 206  0  5 1.00
205 207  0  5 1.00
206 207  0  5 1.00
206 208  0  5 1.00
206 222  0  5 1.00
207 208  0  5 1.00
207 209  0  5 1.00
207 220  0  5 1.00
207 221  0  5 1.00
207 222  0  5 1.00
207 223  0  5 1.00
207 224  0  5 1.00
208 209  0  5 1.00
208 210  0  5 1.00
208 220  0  5 1.00
208 221  0  5 1.00
208 229  0  5 1.00
208 230  0  5 1.00
209 210  0  5 1.00
209 211  0  5 1.00
209 218  0  5 1.00
209 219  0  5 1.00
209 220  0  5 1.00
209 221  0  5 1.00
209 222  0  5 1.00
209 229  0  5 1.00
209 230  0  5 1.00
210 211  0  5 1.00
210 212  0  5 1.00
210 218  0  5 1.00
210 219  0  5 1.00
210 229  0  5 1.00
211 212  0  5 1.00
211 213  0  5 1.00
211 214  0  5 1.00
211 215  0  5 1.00
211 216  0  5 1.00
211 217  0  5 1.00
211 218  0  5 1.00
212 213  0  5 1.00
212 214  0  5 1.00
213 214  0  5 1.00
213 215  0  5 1.00
213 229  0  5 1.00
214 215  0  5 1.00
214 216  0  5 1.00
214 250  0  5 1.00
214 251  0  5 1.00
215 216  0  5 1.00
215 217  0  5 1.00
215 229  0  5 1.00
215 251  0  5 1.00
216 217  0  5 1.00
216 218  0  5 1.00
217 218  0  5 1.00
217 219  0  5 1.00
217 266  0  5 1.00
217 267  0  5 1.00
217 268  0  5 1.00
218 219  0  5 1.00
218 220  0  5 1.00
218 266  0  5 1.00
218 267  0  5 1.00
219 220  0  5 1.00
219 221  0  5 1.00
219 266  0  5 1.00
219 267  0  5 1.00
220 221  0  5 1.00
220 222  0  5 1.00
221 222  0  5 1.00
221 223  0  5 1.00
222 223  0  5 1.00
222 224  0  5 1.00
223 224  0  5 1.00
223 225  0  5 1.00
224 225  0  5 1.00
224 226  0  5 1.00
225 226  0  5 1.00
225 227  0  5 1.00
226 227  0  5 1.00
226 228  0  5 1.00
227 228  0  5 1.00
227 229  0  5 1.00
227 230  0  5 1.00
227 231  0  5 1.00
228 229  0  5 1.00
228 230  0  5 1.00
228 231  0  5 1.00
228 248  0  5 1.00
228 249  0  5 1.00
228 250  0  5 1.00
229 230  0  5 1.00
229 231  0  5 1.00
229 250  0  5 1.00
230 231  0  5 1.00
230 232  0  5 1.00
231 232  0  5 1.00
231 233  0  5 1.00
231 247  0  5 1.00
231 248  0  5 1.00
231 249  0  5 1.00
231 250  0  5 1.00
232 233  0  5 1.00
232 234  0  5 1.00
232 247  0  5 1.00
232 248  0  5 1.00
232 249  0  5 1.00
233 234  0  5 1.00
233 235  0  5 1.00
233 245  0  5 1.00
233 246  0  5 1.00
233 247  0  5 1.00
233 248  0  5 1.00
234 235  0  5 1.00
234 236  0  5 1.00
234 245  0  5 1.00
234 247  0  5 1.00
235 236  0  5 1.00
235 237  0  5 1.00
235 238  0  5 1.00
235 239  0  5 1.00
235 245  0  5 1.00
236 237  0  5 1.00
236 238  0  5 1.00
236 239  0  5 1.00
237 238  0  5 1.00
237 239  0  5 1.00
238 239  0  5 1.00
238 240  0  5 1.00
238 243  0  5 1.00
238 244  0  5 1.00
238 245  0  5 1.00
239 240  0  5 1.00
239 241  0  5 1.00
239 243  0  5 1.00
239 244  0  5 1.00
239 245  0  5 1.00
240 241  0  5 1.00
240 242  0  5 1.00
240 243  0  5 1.00
241 242  0  5 1.00
241 243  0  5 1.00
242 243  0  5 1.00
242 244  0  5 1.00
242 279  0  5 1.00
242 280  0  5 1.00
242 281  0  5 1.00
243 244  0  5 1.00
243 245  0  5 1.00
243 278  0  5 1.00
243 279  0  5 1.00
243 280  0  5 1.00
244 245  0  5 1.00
244 246  0  5 1.00
244 277  0  5 1.00
244 278  0  5 1.00
244 279  0  5 1.00
244 280  0  5 1.00
245 246  0  5 1.00
245 247  0  5 1.00
245 277  0  5 1.00
245 278  0  5 1.00
245 279  0  5 1.00
246 247  0  5 1.00
246 248  0  5 1.00
246 253  0  5 1.00
246 254  0  5 1.00
246 255  0  5 1.00
246 277  0  5 1.00
247 248  0  5 1.00
247 249  0  5 1.00
247 253  0  5 1.00
247 254  0  5 1.00
248 249  0  5 1.00
248 250  0  5 1.00
248 251  0  5 1.00
248 252  0  5 1.00
248 253  0  5 1.00
248 254  0  5 1.00
249 250  0  5 1.00
249 251  0  5 1.00
249 252  0  5 1.00
250 251  0  5 1.00
250 252  0  5 1.00
251 252  0  5 1.00
251 253  0  5 1.00
252 253  0  5 1.00
252 254  0  5 1.00
253 254  0  5 1.00
253 255  0  5 1.00
253 269  0  5 1.00
253 271  0  5 1.00
254 255  0  5 1.00
254 256  0  5 1.00
254 267  0  5 1.00
254 268  0  5 1.00
254 269  0  5 1.00
254 270  0  5 1.00
254 271  0  5 1.00
255 256  0  5 1.00
255 257  0  5 1.00
255 267  0  5 1.00
255 268  0  5 1.00
255 277  0  5 1.00
256 257  0  5 1.00
256 258  0  5 1.00
256 265  0  5 1.00
256 266  0  5 1.00
256 267  0  5 1.00
256 268  0  5 1.00
256 276  0  5 1.00
256 277  0  5 1.00
257 258  0  5 1.00
257 259  0  5 1.00
257 265  0  5 1.00
257 266  0  5 1.00
257 276  0  5 1.00
258 259  0  5 1.00
258 260  0  5 1.00
258 261  0  5 1.00
258 262  0  5 1.00
258 263  0  5 1.00
258 264  0  5 1.00
258 265  0  5 1.00
259 260  0  5 1.00
259 261  0  5 1.00
259 262  0  5 1.00
260 261  0  5 1.00
260 262  0  5 1.00
260 276  0  5 1.00
261 262  0  5 1.00
261 263  0  5 1.00
262 263  0  5 1.00
262 264  0  5 1.00
262 276  0  5 1.00
263 264  0  5 1.00
263 265  0  5 1.00
264 265  0  5 1.00
264 266  0  5 1.00
265 266  0  5 1.00
265 267  0  5 1.00
266 267  0  5 1.00
266 268  0  5 1.00
267 268  0  5 1.00
267 269  0  5 1.00
268 269  0  5 1.00
268 270  0  5 1.00
269 270  0  5 1.00
269 271  0  5 1.00
270 271  0  5 1.00
270 272  0  5 1.00
271 272  0  5 1.00
271 273  0  5 1.00
272 273  0  5 1.00
272 274  0  5 1.00
273 274  0  5 1.00
273 275  0  5 1.00
274 275  0  5 1.00
274 276  0  5 1.00
274 277  0  5 1.00
274 278  0  5 1.00
275 276  0  5 1.00
275 277  0  5 1.00
275 278  0  5 1.00
276 277  0  5 1.00
276 278  0  5 1.00
277 278  0  5 1.00
277 279  0  5 1.00
278 279  0  5 1.00
278 280  0  5 1.00
279 280  0  5 1.00
279 281  0  5 1.00
280 281  0  5 1.00
280 282  0  5 1.00
281 282  0  5 1.00
281 283  0  5 1.00
282 283  0  5 1.00
282 284  0  5 1.00
283 284  0  5 1.00
283 285  0  5 1.00
284 285  0  5 1.00
284 286  0  5 1.00
285 286  0  5 1.00
285 287  0  5 1.00
285 429  0  5 1.00
286 287  0  5 1.00
286 288  0  5 1.00
286 429  0  5 1.00
287 288  0  5 1.00
287 289  0  5 1.00
287 427  0  5 1.00
287 428  0  5 1.00
287 429  0  5 1.00
288 289  0  5 1.00
288 290  0  5 1.00
288 427  0  5 1.00
288 428  0  5 1.00
288 429  0  5 1.00
289 290  0  5 1.00
289 291  0  5 1.00
289 414  0  5 1.00
289 415  0  5 1.00
289 427  0  5 1.00
290 291  0  5 1.00
290 292  0  5 1.00
290 414  0  5 1.00
291 292  0  5 1.00
291 293  0  5 1.00
291 413  0  5 1.00
291 414  0  5 1.00
291 415  0  5 1.00
291 416  0  5 1.00
292 293  0  5 1.00
292 294  0  5 1.00
292 383  0  5 1.00
292 384  0  5 1.00
292 385  0  5 1.00
292 386  0  5 1.00
292 413  0  5 1.00
293 294  0  5 1.00
293 295  0  5 1.00
293 383  0  5 1.00
293 384  0  5 1.00
293 385  0  5 1.00
293 413  0  5 1.00
294 295  0  5 1.00
294 296  0  5 1.00
294 381  0  5 1.00
294 382  0  5 1.00
294 383  0  5 1.00
294 384  0  5 1.00
294 385  0  5 1.00
295 296  0  5 1.00
295 297  0  5 1.00
295 381  0  5 1.00
295 382  0  5 1.00
296 297  0  5 1.00
296 298  0  5 1.00
296 381  0  5 1.00
296 382  0  5 1.00
297 298  0  5 1.00
297 299  0  5 1.00
297 379  0  5 1.00
297 380  0  5 1.00
297 381  0  5 1.00
298 299  0  5 1.00
298 300  0  5 1.00
298 379  0  5 1.00
298 380  0  5 1.00
298 381  0  5 1.00
299 300  0  5 1.00
299 301  0  5 1.00
299 302  0  5 1.00
299 378  0  5 1.00
299 379  0  5 1.00
299 380  0  5 1.00
300 301  0  5 1.00
300 302  0  5 1.00
300 377  0  5 1.00
300 378  0  5 1.00
300 379  0  5 1.00
301 302  0  5 1.00
301 303  0  5 1.00
301 377  0  5 1.00
301 378  0  5 1.00
302 303  0  5 1.00
302 304  0  5 1.00
302 377  0  5 1.00
302 378  0  5 1.00
302 379  0  5 1.00
303 304  0  5 1.00
303 305  0  5 1.00
303 377  0  5 1.00
304 305  0  5 1.00
304 306  0  5 1.00
304 365  0  5 1.00
304 366  0  5 1.00
304 367  0  5 1.00
305 306  0  5 1.00
305 307  0  5 1.00
305 365  0  5 1.00
305 366  0  5 1.00
305 367  0  5 1.00
306 307  0  5 1.00
306 308  0  5 1.00
306 363  0  5 1.00
306 364  0  5 1.00
306 365  0  5 1.00
307 308  0  5 1.00
307 309  0  5 1.00
307 363  0  5 1.00
307 364  0  5 1.00
308 309  0  5 1.00
308 310  0  5 1.00
308 361  0  5 1.00
308 362  0  5 1.00
308 363  0  5 1.00
308 364  0  5 1.00
309 310  0  5 1.00
309 311  0  5 1.00
309 361  0  5 1.00
309 362  0  5 1.00
309 363  0  5 1.00
310 311  0  5 1.00
310 312  0  5 1.00
310 359  0  5 1.00
310 360  0  5 1.00
310 361  0  5 1.00
310 398  0  5 1.00
311 312  0  5 1.00
311 313  0  5 1.00
311 359  0  5 1.00
311 360  0  5 1.00
312 313  0  5 1.00
312 314  0  5 1.00
312 357  0  5 1.00
312 358  0  5 1.00
312 359  0  5 1.00
312 396  0  5 1.00
313 314  0  5 1.00
313 315  0  5 1.00
313 357  0  5 1.00
313 358  0  5 1.00
314 315  0  5 1.00
314 316  0  5 1.00
314 355  0  5 1.00
314 356  0  5 1.00
314 357  0  5 1.00
315 316  0  5 1.00
315 317  0  5 1.00
315 355  0  5 1.00
315 356  0  5 1.00
316 317  0  5 1.00
316 318  0  5 1.00
316 353  0  5 1.00
316 354  0  5 1.00
316 355  0  5 1.00
317 318  0  5 1.00
317 319  0  5 1.00
317 353  0  5 1.00
317 354  0  5 1.00
318 319  0  5 1.00
318 320  0  5 1.00
318 351  0  5 1.00
318 352  0  5 1.00
318 353  0  5 1.00
318 354  0  5 1.00
319 320  0  5 1.00
319 321  0  5 1.00
319 351  0  5 1.00
319 352  0  5 1.00
319 353  0  5 1.00
320 321  0  5 1.00
320 322  0  5 1.00
320 349  0  5 1.00
320 350  0  5 1.00
320 351  0  5 1.00
320 352  0  5 1.00
321 322  0  5 1.00
321 323  0  5 1.00
321 349  0  5 1.00
321 350  0  5 1.00
321 351  0  5 1.00
322 323  0  5 1.00
322 324  0  5 1.00
322 347  0  5 1.00
322 348  0  5 1.00
322 349  0  5 1.00
322 350  0  5 1.00
323 324  0  5 1.00
323 325  0  5 1.00
323 347  0  5 1.00
323 348  0  5 1.00
324 325  0  5 1.00
324 326  0  5 1.00
324 345  0  5 1.00
324 346  0  5 1.00
324 347  0  5 1.00
325 326  0  5 1.00
325 327  0  5 1.00
325 345  0  5 1.00
325 346  0  5 1.00
326 327  0  5 1.00
326 328  0  5 1.00
326 343  0  5 1.00
326 344  0  5 1.00
326 345  0  5 1.00
326 346  0  5 1.00
327 328  0  5 1.00
327 329  0  5 1.00
327 343  0  5 1.00
327 344  0  5 1.00
327 345  0  5 1.00
328 329  0  5 1.00
328 330  0  5 1.00
328 341  0  5 1.00
328 342  0  5 1.00
328 343  0  5 1.00
328 344  0  5 1.00
329 330  0  5 1.00
329 331  0  5 1.00
329 341  0  5 1.00
329 342  0  5 1.00
330 331  0  5 1.00
330 332  0  5 1.00
330 339  0  5 1.00
330 340  0  5 1.00
330 341  0  5 1.00
331 332  0  5 1.00
331 333  0  5 1.00
331 339  0  5 1.00
331 340  0  5 1.00
332 333  0  5 1.00
332 334  0  5 1.00
332 337  0  5 1.00
332 338  0  5 1.00
332 339  0  5 1.00
333 334  0  5 1.00
333 335  0  5 1.00
333 337  0  5 1.00
333 338  0  5 1.00
334 335  0  5 1.00
334 336  0  5 1.00
334 337  0  5 1.00
335 336  0  5 1.00
335 337  0  5 1.00
336 337  0  5 1.00
336 338  0  5 1.00
337 338  0  5 1.00
337 339  0  5 1.00
338 339  0  5 1.00
338 340  0  5 1.00
339 340  0  5 1.00
339 341  0  5 1.00
340 341  0  5 1.00
340 342  0  5 1.00
341 342  0  5 1.00
341 343  0  5 1.00
342 343  0  5 1.00
342 344  0  5 1.00
343 344  0  5 1.00
343 345  0  5 1.00
344 345  0  5 1.00
344 346  0  5 1.00
345 346  0  5 1.00
345 347  0  5 1.00
346 347  0  5 1.00
346 348  0  5 1.00
347 348  0  5 1.00
347 349  0  5 1.00
348 349  0  5 1.00
348 350  0  5 1.00
349 350  0  5 1.00
349 351  0  5 1.00
350 351  0  5 1.00
350 352  0  5 1.00
351 352  0  5 1.00
351 353  0  5 1.00
352 353  0  5 1.00
352 354  0  5 1.00
353 354  0  5 1.00
353 355  0  5 1.00
354 355  0  5 1.00
354 356  0  5 1.00
355 356  0  5 1.00
355 357  0  5 1.00
356 357  0  5 1.00
356 358  0  5 1.00
357 358  0  5 1.00
357 359  0  5 1.00
358 359  0  5 1.00
358 360  0  5 1.00
358 396  0  5 1.00
359 360  0  5 1.00
359 361  0  5 1.00
359 396  0  5 1.00
360 361  0  5 1.00
360 362  0  5 1.00
360 396  0  5 1.00
361 362  0  5 1.00
361 363  0  5 1.00
361 398  0  5 1.00
362 363  0  5 1.00
362 364  0  5 1.00
363 364  0  5 1.00
363 365  0  5 1.00
364 365  0  5 1.00
364 366  0  5 1.00
365 366  0  5 1.00
365 367  0  5 1.00
366 367  0  5 1.00
366 368  0  5 1.00
367 368  0  5 1.00
367 369  0  5 1.00
367 376  0  5 1.00
368 369  0  5 1.00
368 370  0  5 1.00
368 374  0  5 1.00
368 375  0  5 1.00
368 376  0  5 1.00
369 370  0  5 1.00
369 371  0  5 1.00
369 374  0  5 1.00
369 375  0  5 1.00
369 376  0  5 1.00
369 406  0  5 1.00
370 371  0  5 1.00
370 372  0  5 1.00
370 373  0  5 1.00
370 374  0  5 1.00
370 375  0  5 1.00
370 376  0  5 1.00
370 406  0  5 1.00
371 372  0  5 1.00
371 373  0  5 1.00
371 406  0  5 1.00
372 373  0  5 1.00
372 374  0  5 1.00
373 374  0  5 1.00
373 375  0  5 1.00
374 375  0  5 1.00
374 376  0  5 1.00
375 376  0  5 1.00
375 377  0  5 1.00
376 377  0  5 1.00
376 378  0  5 1.00
377 378  0  5 1.00
377 379  0  5 1.00
378 379  0  5 1.00
378 380  0  5 1.00
378 407  0  5 1.00
378 408  0  5 1.00
379 380  0  5 1.00
379 381  0  5 1.00
379 407  0  5 1.00
379 408  0  5 1.00
379 409  0  5 1.00
380 381  0  5 1.00
380 382  0  5 1.00
380 405  0  5 1.00
380 406  0  5 1.00
380 407  0  5 1.00
380 409  0  5 1.00
381 382  0  5 1.00
381 383  0  5 1.00
381 405  0  5 1.00
381 406  0  5 1.00
382 383  0  5 1.00
382 384  0  5 1.00
382 403  0  5 1.00
382 404  0  5 1.00
382 405  0  5 1.00
382 406  0  5 1.00
383 384  0  5 1.00
383 385  0  5 1.00
383 403  0  5 1.00
383 404  0  5 1.00
383 405  0  5 1.00
384 385  0  5 1.00
384 386  0  5 1.00
384 403  0  5 1.00
384 404  0  5 1.00
385 386  0  5 1.00
385 387  0  5 1.00
386 387  0  5 1.00
386 388  0  5 1.00
387 388  0  5 1.00
387 389  0  5 1.00
388 389  0  5 1.00
388 390  0  5 1.00
389 390  0  5 1.00
389 391  0  5 1.00
390 391  0  5 1.00
390 392  0  5 1.00
390 399  0  5 1.00
390 400  0  5 1.00
391 392  0  5 1.00
391 393  0  5 1.00
391 397  0  5 1.00
391 398  0  5 1.00
391 399  0  5 1.00
392 393  0  5 1.00
392 394  0  5 1.00
392 397  0  5 1.00
392 398  0  5 1.00
393 394  0  5 1.00
393 395  0  5 1.00
393 396  0  5 1.00
393 397  0  5 1.00
394 395  0  5 1.00
394 396  0  5 1.00
394 397  0  5 1.00
395 396  0  5 1.00
395 397  0  5 1.00
396 397  0  5 1.00
396 398  0  5 1.00
397 398  0  5 1.00
397 399  0  5 1.00
398 399  0  5 1.00
398 400  0  5 1.00
399 400  0  5 1.00
399 401  0  5 1.00
400 401  0  5 1.00
400 402  0  5 1.00
401 402  0  5 1.00
401 403  0  5 1.00
402 403  0  5 1.00
402 404  0  5 1.00
403 404  0  5 1.00
403 405  0  5 1.00
404 405  0  5 1.00
404 406  0  5 1.00
405 406  0  5 1.00
405 407  0  5 1.00
406 407  0  5 1.00
406 408  0  5 1.00
407 408  0  5 1.00
407 409  0  5 1.00
408 409  0  5 1.00
408 410  0  5 1.00
409 410  0  5 1.00
409 411  0  5 1.00
410 411  0  5 1.00
410 412  0  5 1.00
411 412  0  5 1.00
411 413  0  5 1.00
412 413  0  5 1.00
412 414  0  5 1.00
413 414  0  5 1.00
413 415  0  5 1.00
414 415  0  5 1.00
414 416  0  5 1.00
415 416  0  5 1.00
415 417  0  5 1.00
415 419  0  5 1.00
416 417  0  5 1.00
416 418  0  5 1.00
416 419  0  5 1.00
417 418  0  5 1.00
417 419  0  5 1.00
418 419  0  5 1.00
418 420  0  5 1.00
418 430  0  5 1.00
418 431  0  5 1.00
418 432  0  5 1.00
419 420  0  5 1.00
419 421  0  5 1.00
419 430  0  5 1.00
419 431  0  5 1.00
419 432  0  5 1.00
420 421  0  5 1.00
420 422  0  5 1.00
420 428  0  5 1.00
420 429  0  5 1.00
420 430  0  5 1.00
420 431  0  5 1.00
420 432  0  5 1.00
421 422  0  5 1.00
421 423  0  5 1.00
421 426  0  5 1.00
421 428  0  5 1.00
421 429  0  5 1.00
421 430  0  5 1.00
422 423  0  5 1.00
422 424  0  5 1.00
422 428  0  5 1.00
422 429  0  5 1.00
422 430  0  5 1.00
423 424  0  5 1.00
423 425  0  5 1.00
423 426  0  5 1.00
423 427  0  5 1.00
423 428  0  5 1.00
424 425  0  5 1.00
424 426  0  5 1.00
425 426  0  5 1.00
425 427  0  5 1.00
426 427  0  5 1.00
426 428  0  5 1.00
427 428  0  5 1.00
427 429  0  5 1.00
428 429  0  5 1.00
428 430  0  5 1.00
429 430  0  5 1.00
429 431  0  5 1.00
430 431  0  5 1.00
430 432  0  5 1.00
431 432  0  5 1.00
END
HELX_P HELX_P1  1  LEU A 41  ? ASP A 43  ? LEU A 41  ASP A 43  5 ? 3 
HELX_P HELX_P2  2  PRO A 85  ? GLN A 88  ? PRO A 85  GLN A 88  5 ? 4 
HELX_P HELX_P3  3  ASN A 186 ? GLN A 189 ? ASN A 186 GLN A 189 5 ? 4 
HELX_P HELX_P4  4  LEU A 227 ? GLN A 230 ? LEU A 227 GLN A 230 5 ? 4 
HELX_P HELX_P5  5  PRO A 235 ? CYS A 239 ? PRO A 235 CYS A 239 5 ? 5 
HELX_P HELX_P6  6  LEU A 274 ? GLN A 277 ? LEU A 274 GLN A 277 5 ? 4 