4aal 341
 18  19  0  5 1.00
 18  20  0  5 1.00
 19  20  0  5 1.00
 19  21  0  5 1.00
 19  22  0  5 1.00
 19  23  0  5 1.00
 20  21  0  5 1.00
 20  22  0  5 1.00
 20  23  0  5 1.00
 20  24  0  5 1.00
 20  25  0  5 1.00
 21  22  0  5 1.00
 21  23  0  5 1.00
 21  24  0  5 1.00
 21  25  0  5 1.00
 22  23  0  5 1.00
 22  24  0  5 1.00
 22  25  0  5 1.00
 22  26  0  5 1.00
 23  24  0  5 1.00
 23  25  0  5 1.00
 23  26  0  5 1.00
 23  27  0  5 1.00
 24  25  0  5 1.00
 24  26  0  5 1.00
 24  27  0  5 1.00
 24  28  0  5 1.00
 25  26  0  5 1.00
 25  27  0  5 1.00
 25  28  0  5 1.00
 26  27  0  5 1.00
 26  28  0  5 1.00
 27  28  0  5 1.00
 27  29  0  5 1.00
 27 219  0  5 1.00
 27 220  0  5 1.00
 28  29  0  5 1.00
 28  30  0  5 1.00
 28 220  0  5 1.00
 28 221  0  5 1.00
 29  30  0  5 1.00
 29  31  0  5 1.00
 29 220  0  5 1.00
 29 221  0  5 1.00
 30  31  0  5 1.00
 30  32  0  5 1.00
 30 188  0  5 1.00
 30 221  0  5 1.00
 31  32  0  5 1.00
 31  33  0  5 1.00
 31 183  0  5 1.00
 31 184  0  5 1.00
 31 221  0  5 1.00
 32  33  0  5 1.00
 32  34  0  5 1.00
 32 183  0  5 1.00
 33  34  0  5 1.00
 33  35  0  5 1.00
 34  35  0  5 1.00
 34  36  0  5 1.00
 35  36  0  5 1.00
 35  37  0  5 1.00
 35 178  0  5 1.00
 35 179  0  5 1.00
 36  37  0  5 1.00
 36  38  0  5 1.00
 36 178  0  5 1.00
 37  38  0  5 1.00
 37  39  0  5 1.00
 38  39  0  5 1.00
 38  40  0  5 1.00
 38  41  0  5 1.00
 38  42  0  5 1.00
 39  40  0  5 1.00
 39  41  0  5 1.00
 40  41  0  5 1.00
 40  42  0  5 1.00
 41  42  0  5 1.00
 41  43  0  5 1.00
 42  43  0  5 1.00
 42  44  0  5 1.00
 43  44  0  5 1.00
 43  45  0  5 1.00
 44  45  0  5 1.00
 44  46  0  5 1.00
 44  47  0  5 1.00
 44  48  0  5 1.00
 44  49  0  5 1.00
 45  46  0  5 1.00
 45  47  0  5 1.00
 45  48  0  5 1.00
 45  49  0  5 1.00
 46  47  0  5 1.00
 46  48  0  5 1.00
 46  49  0  5 1.00
 46  50  0  5 1.00
 46 152  0  5 1.00
 46 156  0  5 1.00
 47  48  0  5 1.00
 47  49  0  5 1.00
 47  50  0  5 1.00
 47  51  0  5 1.00
 47  52  0  5 1.00
 47 156  0  5 1.00
 47 172  0  5 1.00
 48  49  0  5 1.00
 48  50  0  5 1.00
 48  51  0  5 1.00
 48  52  0  5 1.00
 48  53  0  5 1.00
 48 175  0  5 1.00
 48 176  0  5 1.00
 49  50  0  5 1.00
 49  51  0  5 1.00
 49  52  0  5 1.00
 49  53  0  5 1.00
 50  51  0  5 1.00
 50  52  0  5 1.00
 50  53  0  5 1.00
 50  54  0  5 1.00
 50  55  0  5 1.00
 51  52  0  5 1.00
 51  53  0  5 1.00
 51  54  0  5 1.00
 51  55  0  5 1.00
 51 172  0  5 1.00
 51 173  0  5 1.00
 51 176  0  5 1.00
 52  53  0  5 1.00
 52  54  0  5 1.00
 52  55  0  5 1.00
 52  56  0  5 1.00
 52 176  0  5 1.00
 53  54  0  5 1.00
 53  55  0  5 1.00
 53  56  0  5 1.00
 53  57  0  5 1.00
 54  55  0  5 1.00
 54  56  0  5 1.00
 54  57  0  5 1.00
 55  56  0  5 1.00
 55  57  0  5 1.00
 55  67  0  5 1.00
 55  68  0  5 1.00
 55  69  0  5 1.00
 56  57  0  5 1.00
 56  58  0  5 1.00
 56  67  0  5 1.00
 57  58  0  5 1.00
 57  59  0  5 1.00
 57  60  0  5 1.00
 57  61  0  5 1.00
 57  66  0  5 1.00
 57  67  0  5 1.00
 58  59  0  5 1.00
 58  60  0  5 1.00
 58  61  0  5 1.00
 58  64  0  5 1.00
 58  65  0  5 1.00
 58  66  0  5 1.00
 58  67  0  5 1.00
 59  60  0  5 1.00
 59  61  0  5 1.00
 59  64  0  5 1.00
 60  61  0  5 1.00
 60  62  0  5 1.00
 60  66  0  5 1.00
 60 132  0  5 1.00
 61  62  0  5 1.00
 61  63  0  5 1.00
 61  64  0  5 1.00
 61  66  0  5 1.00
 62  63  0  5 1.00
 62  64  0  5 1.00
 62 337  0  5 1.00
 62 338  0  5 1.00
 62 339  0  5 1.00
 63  64  0  5 1.00
 63  65  0  5 1.00
 63 338  0  5 1.00
 63 339  0  5 1.00
 63 340  0  5 1.00
 64  65  0  5 1.00
 64  66  0  5 1.00
 64 338  0  5 1.00
 65  66  0  5 1.00
 65  67  0  5 1.00
 66  67  0  5 1.00
 66  68  0  5 1.00
 67  68  0  5 1.00
 67  69  0  5 1.00
 67  70  0  5 1.00
 67  71  0  5 1.00
 68  69  0  5 1.00
 68  70  0  5 1.00
 68  71  0  5 1.00
 68  72  0  5 1.00
 68  73  0  5 1.00
 69  70  0  5 1.00
 69  71  0  5 1.00
 69  72  0  5 1.00
 69  73  0  5 1.00
 69  74  0  5 1.00
 70  71  0  5 1.00
 70  72  0  5 1.00
 70  73  0  5 1.00
 70  79  0  5 1.00
 70  80  0  5 1.00
 71  72  0  5 1.00
 71  73  0  5 1.00
 71  78  0  5 1.00
 71  79  0  5 1.00
 71  80  0  5 1.00
 71  97  0  5 1.00
 72  73  0  5 1.00
 72  74  0  5 1.00
 72  78  0  5 1.00
 72  79  0  5 1.00
 72  80  0  5 1.00
 73  74  0  5 1.00
 73  75  0  5 1.00
 73  76  0  5 1.00
 73  77  0  5 1.00
 73  78  0  5 1.00
 73  79  0  5 1.00
 73  80  0  5 1.00
 74  75  0  5 1.00
 74  76  0  5 1.00
 74  77  0  5 1.00
 74  78  0  5 1.00
 74 321  0  5 1.00
 75  76  0  5 1.00
 75  77  0  5 1.00
 75  78  0  5 1.00
 76  77  0  5 1.00
 76  78  0  5 1.00
 76  79  0  5 1.00
 76  80  0  5 1.00
 76 272  0  5 1.00
 77  78  0  5 1.00
 77  79  0  5 1.00
 77  99  0  5 1.00
 77 272  0  5 1.00
 78  79  0  5 1.00
 78  80  0  5 1.00
 78  98  0  5 1.00
 78  99  0  5 1.00
 78 100  0  5 1.00
 78 101  0  5 1.00
 79  80  0  5 1.00
 79  81  0  5 1.00
 79  97  0  5 1.00
 79  98  0  5 1.00
 79  99  0  5 1.00
 80  81  0  5 1.00
 80  82  0  5 1.00
 81  82  0  5 1.00
 81  83  0  5 1.00
 81 274  0  5 1.00
 81 275  0  5 1.00
 82  83  0  5 1.00
 82  84  0  5 1.00
 82  96  0  5 1.00
 82 274  0  5 1.00
 82 275  0  5 1.00
 83  84  0  5 1.00
 83  85  0  5 1.00
 83  95  0  5 1.00
 83  96  0  5 1.00
 83  97  0  5 1.00
 83 279  0  5 1.00
 83 280  0  5 1.00
 84  85  0  5 1.00
 84  86  0  5 1.00
 84  94  0  5 1.00
 84  95  0  5 1.00
 84  96  0  5 1.00
 84 279  0  5 1.00
 85  86  0  5 1.00
 85  87  0  5 1.00
 85  93  0  5 1.00
 85  94  0  5 1.00
 85  95  0  5 1.00
 85  96  0  5 1.00
 86  87  0  5 1.00
 86  88  0  5 1.00
 86  94  0  5 1.00
 87  88  0  5 1.00
 87  89  0  5 1.00
 87 128  0  5 1.00
 87 129  0  5 1.00
 87 130  0  5 1.00
 88  89  0  5 1.00
 88  90  0  5 1.00
 88  91  0  5 1.00
 88 128  0  5 1.00
 88 129  0  5 1.00
 88 130  0  5 1.00
 89  90  0  5 1.00
 89  91  0  5 1.00
 89 128  0  5 1.00
 89 129  0  5 1.00
 89 130  0  5 1.00
 90  91  0  5 1.00
 90  92  0  5 1.00
 91  92  0  5 1.00
 91  93  0  5 1.00
 92  93  0  5 1.00
 92  94  0  5 1.00
 93  94  0  5 1.00
 93  95  0  5 1.00
 94  95  0  5 1.00
 94  96  0  5 1.00
 94 278  0  5 1.00
 95  96  0  5 1.00
 95  97  0  5 1.00
 95 278  0  5 1.00
 96  97  0  5 1.00
 96  98  0  5 1.00
 96 277  0  5 1.00
 96 278  0  5 1.00
 96 279  0  5 1.00
 96 280  0  5 1.00
 97  98  0  5 1.00
 97  99  0  5 1.00
 98  99  0  5 1.00
 98 100  0  5 1.00
 99 100  0  5 1.00
 99 101  0  5 1.00
 99 103  0  5 1.00
100 101  0  5 1.00
100 102  0  5 1.00
100 103  0  5 1.00
100 104  0  5 1.00
100 177  0  5 1.00
100 180  0  5 1.00
101 102  0  5 1.00
101 103  0  5 1.00
101 180  0  5 1.00
102 103  0  5 1.00
102 104  0  5 1.00
102 105  0  5 1.00
102 106  0  5 1.00
102 180  0  5 1.00
102 181  0  5 1.00
103 104  0  5 1.00
103 105  0  5 1.00
103 106  0  5 1.00
104 105  0  5 1.00
104 106  0  5 1.00
105 106  0  5 1.00
105 107  0  5 1.00
105 224  0  5 1.00
105 225  0  5 1.00
106 107  0  5 1.00
106 108  0  5 1.00
106 225  0  5 1.00
107 108  0  5 1.00
107 109  0  5 1.00
107 225  0  5 1.00
107 226  0  5 1.00
108 109  0  5 1.00
108 110  0  5 1.00
108 225  0  5 1.00
108 226  0  5 1.00
108 227  0  5 1.00
109 110  0  5 1.00
109 111  0  5 1.00
110 111  0  5 1.00
110 112  0  5 1.00
110 263  0  5 1.00
111 112  0  5 1.00
111 113  0  5 1.00
111 261  0  5 1.00
111 262  0  5 1.00
111 263  0  5 1.00
112 113  0  5 1.00
112 114  0  5 1.00
112 261  0  5 1.00
112 262  0  5 1.00
112 263  0  5 1.00
113 114  0  5 1.00
113 115  0  5 1.00
113 259  0  5 1.00
113 260  0  5 1.00
113 261  0  5 1.00
114 115  0  5 1.00
114 116  0  5 1.00
114 117  0  5 1.00
114 118  0  5 1.00
114 259  0  5 1.00
114 260  0  5 1.00
114 261  0  5 1.00
115 116  0  5 1.00
115 117  0  5 1.00
115 118  0  5 1.00
115 119  0  5 1.00
116 117  0  5 1.00
116 118  0  5 1.00
117 118  0  5 1.00
117 119  0  5 1.00
117 120  0  5 1.00
117 121  0  5 1.00
118 119  0  5 1.00
118 120  0  5 1.00
118 121  0  5 1.00
118 122  0  5 1.00
119 120  0  5 1.00
119 121  0  5 1.00
119 122  0  5 1.00
119 123  0  5 1.00
120 121  0  5 1.00
120 122  0  5 1.00
120 123  0  5 1.00
121 122  0  5 1.00
121 123  0  5 1.00
121 124  0  5 1.00
122 123  0  5 1.00
122 124  0  5 1.00
123 124  0  5 1.00
123 125  0  5 1.00
124 125  0  5 1.00
124 126  0  5 1.00
125 126  0  5 1.00
125 127  0  5 1.00
125 128  0  5 1.00
126 127  0  5 1.00
126 128  0  5 1.00
127 128  0  5 1.00
127 129  0  5 1.00
127 170  0  5 1.00
128 129  0  5 1.00
128 130  0  5 1.00
128 133  0  5 1.00
129 130  0  5 1.00
129 131  0  5 1.00
129 132  0  5 1.00
129 133  0  5 1.00
129 134  0  5 1.00
130 131  0  5 1.00
130 132  0  5 1.00
130 133  0  5 1.00
130 134  0  5 1.00
130 135  0  5 1.00
131 132  0  5 1.00
131 133  0  5 1.00
131 134  0  5 1.00
131 135  0  5 1.00
131 136  0  5 1.00
132 133  0  5 1.00
132 134  0  5 1.00
132 135  0  5 1.00
132 136  0  5 1.00
133 134  0  5 1.00
133 135  0  5 1.00
133 136  0  5 1.00
134 135  0  5 1.00
134 136  0  5 1.00
135 136  0  5 1.00
135 137  0  5 1.00
135 138  0  5 1.00
135 139  0  5 1.00
136 137  0  5 1.00
136 138  0  5 1.00
136 139  0  5 1.00
136 140  0  5 1.00
137 138  0  5 1.00
137 139  0  5 1.00
137 140  0  5 1.00
137 141  0  5 1.00
137 142  0  5 1.00
138 139  0  5 1.00
138 140  0  5 1.00
138 141  0  5 1.00
138 142  0  5 1.00
138 143  0  5 1.00
139 140  0  5 1.00
139 141  0  5 1.00
139 142  0  5 1.00
139 143  0  5 1.00
139 144  0  5 1.00
140 141  0  5 1.00
140 142  0  5 1.00
140 143  0  5 1.00
140 144  0  5 1.00
140 145  0  5 1.00
140 164  0  5 1.00
141 142  0  5 1.00
141 143  0  5 1.00
141 144  0  5 1.00
141 145  0  5 1.00
142 143  0  5 1.00
142 144  0  5 1.00
142 145  0  5 1.00
142 146  0  5 1.00
143 144  0  5 1.00
143 145  0  5 1.00
143 146  0  5 1.00
143 149  0  5 1.00
143 150  0  5 1.00
144 145  0  5 1.00
144 146  0  5 1.00
144 147  0  5 1.00
145 146  0  5 1.00
145 147  0  5 1.00
145 331  0  5 1.00
145 332  0  5 1.00
145 334  0  5 1.00
145 335  0  5 1.00
146 147  0  5 1.00
146 148  0  5 1.00
146 149  0  5 1.00
146 150  0  5 1.00
146 330  0  5 1.00
146 331  0  5 1.00
146 332  0  5 1.00
147 148  0  5 1.00
147 149  0  5 1.00
147 150  0  5 1.00
147 151  0  5 1.00
147 330  0  5 1.00
148 149  0  5 1.00
148 150  0  5 1.00
148 151  0  5 1.00
148 152  0  5 1.00
149 150  0  5 1.00
149 151  0  5 1.00
149 152  0  5 1.00
149 153  0  5 1.00
149 154  0  5 1.00
150 151  0  5 1.00
150 152  0  5 1.00
150 153  0  5 1.00
150 154  0  5 1.00
151 152  0  5 1.00
151 153  0  5 1.00
151 154  0  5 1.00
151 155  0  5 1.00
152 153  0  5 1.00
152 154  0  5 1.00
152 155  0  5 1.00
152 156  0  5 1.00
152 157  0  5 1.00
153 154  0  5 1.00
153 155  0  5 1.00
153 156  0  5 1.00
153 157  0  5 1.00
153 158  0  5 1.00
154 155  0  5 1.00
154 156  0  5 1.00
154 157  0  5 1.00
154 158  0  5 1.00
155 156  0  5 1.00
155 157  0  5 1.00
155 158  0  5 1.00
156 157  0  5 1.00
156 158  0  5 1.00
157 158  0  5 1.00
157 159  0  5 1.00
157 160  0  5 1.00
158 159  0  5 1.00
158 160  0  5 1.00
159 160  0  5 1.00
159 161  0  5 1.00
160 161  0  5 1.00
160 162  0  5 1.00
160 163  0  5 1.00
161 162  0  5 1.00
161 163  0  5 1.00
162 163  0  5 1.00
162 164  0  5 1.00
162 165  0  5 1.00
163 164  0  5 1.00
163 165  0  5 1.00
163 168  0  5 1.00
164 165  0  5 1.00
164 166  0  5 1.00
165 166  0  5 1.00
165 167  0  5 1.00
165 168  0  5 1.00
165 169  0  5 1.00
166 167  0  5 1.00
166 168  0  5 1.00
166 169  0  5 1.00
166 170  0  5 1.00
167 168  0  5 1.00
167 169  0  5 1.00
167 170  0  5 1.00
167 171  0  5 1.00
168 169  0  5 1.00
168 170  0  5 1.00
168 171  0  5 1.00
168 172  0  5 1.00
168 173  0  5 1.00
169 170  0  5 1.00
169 171  0  5 1.00
169 172  0  5 1.00
169 173  0  5 1.00
169 174  0  5 1.00
170 171  0  5 1.00
170 172  0  5 1.00
170 173  0  5 1.00
170 174  0  5 1.00
171 172  0  5 1.00
171 173  0  5 1.00
171 174  0  5 1.00
171 175  0  5 1.00
172 173  0  5 1.00
172 174  0  5 1.00
172 175  0  5 1.00
172 176  0  5 1.00
173 174  0  5 1.00
173 175  0  5 1.00
173 176  0  5 1.00
173 177  0  5 1.00
173 178  0  5 1.00
174 175  0  5 1.00
174 176  0  5 1.00
174 177  0  5 1.00
174 178  0  5 1.00
175 176  0  5 1.00
175 177  0  5 1.00
175 178  0  5 1.00
175 179  0  5 1.00
176 177  0  5 1.00
176 178  0  5 1.00
176 179  0  5 1.00
176 180  0  5 1.00
177 178  0  5 1.00
177 179  0  5 1.00
177 180  0  5 1.00
177 181  0  5 1.00
178 179  0  5 1.00
178 180  0  5 1.00
178 181  0  5 1.00
179 180  0  5 1.00
179 181  0  5 1.00
180 181  0  5 1.00
180 182  0  5 1.00
181 182  0  5 1.00
181 183  0  5 1.00
181 319  0  5 1.00
181 321  0  5 1.00
182 183  0  5 1.00
182 184  0  5 1.00
182 185  0  5 1.00
182 318  0  5 1.00
182 319  0  5 1.00
183 184  0  5 1.00
183 185  0  5 1.00
183 318  0  5 1.00
183 319  0  5 1.00
184 185  0  5 1.00
184 186  0  5 1.00
184 317  0  5 1.00
184 318  0  5 1.00
184 319  0  5 1.00
185 186  0  5 1.00
185 187  0  5 1.00
185 188  0  5 1.00
185 189  0  5 1.00
185 315  0  5 1.00
185 317  0  5 1.00
185 318  0  5 1.00
185 319  0  5 1.00
186 187  0  5 1.00
186 188  0  5 1.00
186 189  0  5 1.00
186 190  0  5 1.00
186 197  0  5 1.00
186 198  0  5 1.00
186 315  0  5 1.00
186 317  0  5 1.00
187 188  0  5 1.00
187 189  0  5 1.00
187 190  0  5 1.00
187 191  0  5 1.00
187 315  0  5 1.00
188 189  0  5 1.00
188 190  0  5 1.00
188 191  0  5 1.00
188 192  0  5 1.00
189 190  0  5 1.00
189 191  0  5 1.00
189 192  0  5 1.00
189 193  0  5 1.00
189 194  0  5 1.00
190 191  0  5 1.00
190 192  0  5 1.00
190 193  0  5 1.00
190 194  0  5 1.00
191 192  0  5 1.00
191 193  0  5 1.00
192 193  0  5 1.00
192 194  0  5 1.00
193 194  0  5 1.00
193 195  0  5 1.00
194 195  0  5 1.00
194 196  0  5 1.00
194 197  0  5 1.00
194 198  0  5 1.00
195 196  0  5 1.00
195 197  0  5 1.00
195 198  0  5 1.00
196 197  0  5 1.00
196 198  0  5 1.00
197 198  0  5 1.00
197 199  0  5 1.00
198 199  0  5 1.00
198 200  0  5 1.00
199 200  0  5 1.00
199 201  0  5 1.00
199 202  0  5 1.00
199 203  0  5 1.00
200 201  0  5 1.00
200 202  0  5 1.00
200 203  0  5 1.00
200 204  0  5 1.00
201 202  0  5 1.00
201 203  0  5 1.00
201 204  0  5 1.00
201 205  0  5 1.00
201 308  0  5 1.00
202 203  0  5 1.00
202 204  0  5 1.00
202 205  0  5 1.00
202 206  0  5 1.00
202 308  0  5 1.00
202 311  0  5 1.00
202 312  0  5 1.00
203 204  0  5 1.00
203 205  0  5 1.00
203 206  0  5 1.00
203 207  0  5 1.00
204 205  0  5 1.00
204 206  0  5 1.00
204 207  0  5 1.00
204 208  0  5 1.00
205 206  0  5 1.00
205 207  0  5 1.00
205 208  0  5 1.00
205 209  0  5 1.00
205 308  0  5 1.00
205 309  0  5 1.00
206 207  0  5 1.00
206 208  0  5 1.00
206 209  0  5 1.00
206 210  0  5 1.00
206 211  0  5 1.00
207 208  0  5 1.00
207 209  0  5 1.00
207 210  0  5 1.00
207 211  0  5 1.00
207 212  0  5 1.00
208 209  0  5 1.00
208 210  0  5 1.00
208 211  0  5 1.00
208 212  0  5 1.00
208 213  0  5 1.00
209 210  0  5 1.00
209 211  0  5 1.00
209 212  0  5 1.00
209 213  0  5 1.00
209 214  0  5 1.00
209 215  0  5 1.00
210 211  0  5 1.00
210 212  0  5 1.00
210 213  0  5 1.00
210 214  0  5 1.00
211 212  0  5 1.00
211 213  0  5 1.00
212 213  0  5 1.00
212 214  0  5 1.00
212 298  0  5 1.00
213 214  0  5 1.00
213 215  0  5 1.00
213 216  0  5 1.00
213 217  0  5 1.00
214 215  0  5 1.00
214 216  0  5 1.00
214 217  0  5 1.00
214 218  0  5 1.00
215 216  0  5 1.00
215 217  0  5 1.00
215 218  0  5 1.00
215 219  0  5 1.00
216 217  0  5 1.00
216 218  0  5 1.00
216 219  0  5 1.00
217 218  0  5 1.00
217 219  0  5 1.00
217 224  0  5 1.00
217 225  0  5 1.00
217 264  0  5 1.00
218 219  0  5 1.00
218 220  0  5 1.00
218 223  0  5 1.00
218 224  0  5 1.00
218 265  0  5 1.00
219 220  0  5 1.00
219 221  0  5 1.00
219 222  0  5 1.00
219 223  0  5 1.00
219 224  0  5 1.00
220 221  0  5 1.00
220 222  0  5 1.00
220 223  0  5 1.00
220 224  0  5 1.00
221 222  0  5 1.00
221 223  0  5 1.00
222 223  0  5 1.00
222 224  0  5 1.00
222 266  0  5 1.00
222 267  0  5 1.00
222 268  0  5 1.00
223 224  0  5 1.00
223 225  0  5 1.00
223 265  0  5 1.00
223 266  0  5 1.00
223 267  0  5 1.00
223 268  0  5 1.00
224 225  0  5 1.00
224 226  0  5 1.00
224 264  0  5 1.00
224 265  0  5 1.00
224 266  0  5 1.00
224 267  0  5 1.00
225 226  0  5 1.00
225 227  0  5 1.00
225 264  0  5 1.00
225 265  0  5 1.00
225 266  0  5 1.00
226 227  0  5 1.00
226 228  0  5 1.00
226 264  0  5 1.00
227 228  0  5 1.00
227 229  0  5 1.00
227 262  0  5 1.00
227 263  0  5 1.00
227 264  0  5 1.00
228 229  0  5 1.00
228 230  0  5 1.00
228 262  0  5 1.00
228 263  0  5 1.00
228 264  0  5 1.00
229 230  0  5 1.00
229 231  0  5 1.00
229 261  0  5 1.00
229 262  0  5 1.00
229 263  0  5 1.00
230 231  0  5 1.00
230 232  0  5 1.00
230 253  0  5 1.00
230 254  0  5 1.00
230 261  0  5 1.00
230 262  0  5 1.00
231 232  0  5 1.00
231 233  0  5 1.00
231 253  0  5 1.00
231 254  0  5 1.00
231 262  0  5 1.00
232 233  0  5 1.00
232 234  0  5 1.00
232 251  0  5 1.00
232 252  0  5 1.00
232 253  0  5 1.00
233 234  0  5 1.00
233 235  0  5 1.00
233 251  0  5 1.00
233 252  0  5 1.00
234 235  0  5 1.00
234 236  0  5 1.00
234 249  0  5 1.00
234 250  0  5 1.00
234 251  0  5 1.00
234 252  0  5 1.00
235 236  0  5 1.00
235 237  0  5 1.00
235 249  0  5 1.00
235 250  0  5 1.00
236 237  0  5 1.00
236 238  0  5 1.00
236 249  0  5 1.00
236 250  0  5 1.00
236 251  0  5 1.00
237 238  0  5 1.00
243 244  0  5 1.00
243 245  0  5 1.00
243 248  0  5 1.00
244 245  0  5 1.00
244 246  0  5 1.00
244 248  0  5 1.00
245 246  0  5 1.00
245 247  0  5 1.00
245 248  0  5 1.00
245 249  0  5 1.00
245 250  0  5 1.00
246 247  0  5 1.00
246 248  0  5 1.00
246 249  0  5 1.00
246 250  0  5 1.00
247 248  0  5 1.00
247 249  0  5 1.00
247 250  0  5 1.00
248 249  0  5 1.00
248 250  0  5 1.00
249 250  0  5 1.00
249 251  0  5 1.00
250 251  0  5 1.00
250 252  0  5 1.00
251 252  0  5 1.00
251 253  0  5 1.00
252 253  0  5 1.00
252 254  0  5 1.00
252 291  0  5 1.00
253 254  0  5 1.00
253 255  0  5 1.00
254 255  0  5 1.00
254 256  0  5 1.00
255 256  0  5 1.00
255 257  0  5 1.00
255 258  0  5 1.00
256 257  0  5 1.00
256 258  0  5 1.00
257 258  0  5 1.00
257 259  0  5 1.00
258 259  0  5 1.00
258 260  0  5 1.00
259 260  0  5 1.00
259 261  0  5 1.00
260 261  0  5 1.00
260 262  0  5 1.00
261 262  0  5 1.00
261 263  0  5 1.00
262 263  0  5 1.00
262 264  0  5 1.00
263 264  0  5 1.00
263 265  0  5 1.00
264 265  0  5 1.00
264 266  0  5 1.00
265 266  0  5 1.00
265 267  0  5 1.00
266 267  0  5 1.00
266 268  0  5 1.00
267 268  0  5 1.00
267 269  0  5 1.00
267 270  0  5 1.00
267 316  0  5 1.00
268 269  0  5 1.00
268 270  0  5 1.00
268 316  0  5 1.00
269 270  0  5 1.00
269 271  0  5 1.00
269 272  0  5 1.00
269 273  0  5 1.00
269 316  0  5 1.00
269 317  0  5 1.00
270 271  0  5 1.00
270 272  0  5 1.00
270 273  0  5 1.00
270 274  0  5 1.00
271 272  0  5 1.00
271 273  0  5 1.00
271 313  0  5 1.00
272 273  0  5 1.00
272 274  0  5 1.00
273 274  0  5 1.00
273 275  0  5 1.00
274 275  0  5 1.00
274 276  0  5 1.00
274 283  0  5 1.00
275 276  0  5 1.00
275 277  0  5 1.00
275 280  0  5 1.00
275 282  0  5 1.00
275 283  0  5 1.00
276 277  0  5 1.00
276 278  0  5 1.00
276 279  0  5 1.00
276 280  0  5 1.00
276 281  0  5 1.00
276 282  0  5 1.00
276 283  0  5 1.00
277 278  0  5 1.00
277 279  0  5 1.00
277 280  0  5 1.00
278 279  0  5 1.00
278 280  0  5 1.00
279 280  0  5 1.00
279 281  0  5 1.00
280 281  0  5 1.00
280 282  0  5 1.00
281 282  0  5 1.00
281 283  0  5 1.00
282 283  0  5 1.00
282 284  0  5 1.00
283 284  0  5 1.00
283 285  0  5 1.00
284 285  0  5 1.00
284 286  0  5 1.00
284 287  0  5 1.00
284 288  0  5 1.00
285 286  0  5 1.00
285 287  0  5 1.00
285 288  0  5 1.00
285 289  0  5 1.00
286 287  0  5 1.00
286 288  0  5 1.00
286 289  0  5 1.00
286 290  0  5 1.00
287 288  0  5 1.00
287 289  0  5 1.00
287 290  0  5 1.00
287 291  0  5 1.00
288 289  0  5 1.00
288 290  0  5 1.00
288 291  0  5 1.00
288 292  0  5 1.00
289 290  0  5 1.00
289 291  0  5 1.00
289 292  0  5 1.00
289 293  0  5 1.00
290 291  0  5 1.00
290 292  0  5 1.00
290 293  0  5 1.00
290 294  0  5 1.00
291 292  0  5 1.00
291 293  0  5 1.00
291 294  0  5 1.00
292 293  0  5 1.00
292 294  0  5 1.00
293 294  0  5 1.00
293 295  0  5 1.00
293 299  0  5 1.00
293 300  0  5 1.00
293 301  0  5 1.00
294 295  0  5 1.00
294 296  0  5 1.00
294 297  0  5 1.00
294 298  0  5 1.00
294 299  0  5 1.00
295 296  0  5 1.00
295 297  0  5 1.00
295 298  0  5 1.00
295 299  0  5 1.00
296 297  0  5 1.00
296 298  0  5 1.00
297 298  0  5 1.00
297 299  0  5 1.00
298 299  0  5 1.00
298 300  0  5 1.00
299 300  0  5 1.00
299 301  0  5 1.00
300 301  0  5 1.00
300 302  0  5 1.00
301 302  0  5 1.00
301 303  0  5 1.00
302 303  0  5 1.00
302 304  0  5 1.00
302 305  0  5 1.00
302 306  0  5 1.00
303 304  0  5 1.00
303 305  0  5 1.00
303 306  0  5 1.00
303 307  0  5 1.00
304 305  0  5 1.00
304 306  0  5 1.00
304 307  0  5 1.00
304 308  0  5 1.00
305 306  0  5 1.00
305 307  0  5 1.00
305 308  0  5 1.00
305 309  0  5 1.00
306 307  0  5 1.00
306 308  0  5 1.00
306 309  0  5 1.00
306 310  0  5 1.00
306 311  0  5 1.00
307 308  0  5 1.00
307 309  0  5 1.00
307 310  0  5 1.00
307 311  0  5 1.00
308 309  0  5 1.00
308 310  0  5 1.00
308 311  0  5 1.00
308 312  0  5 1.00
309 310  0  5 1.00
309 311  0  5 1.00
309 312  0  5 1.00
309 313  0  5 1.00
309 314  0  5 1.00
310 311  0  5 1.00
310 312  0  5 1.00
310 313  0  5 1.00
310 314  0  5 1.00
311 312  0  5 1.00
311 313  0  5 1.00
311 314  0  5 1.00
311 315  0  5 1.00
312 313  0  5 1.00
312 314  0  5 1.00
312 315  0  5 1.00
312 316  0  5 1.00
313 314  0  5 1.00
313 315  0  5 1.00
313 316  0  5 1.00
313 317  0  5 1.00
314 315  0  5 1.00
314 316  0  5 1.00
314 317  0  5 1.00
315 316  0  5 1.00
315 317  0  5 1.00
316 317  0  5 1.00
316 318  0  5 1.00
317 318  0  5 1.00
317 319  0  5 1.00
318 319  0  5 1.00
318 320  0  5 1.00
319 320  0  5 1.00
319 321  0  5 1.00
320 321  0  5 1.00
320 322  0  5 1.00
321 322  0  5 1.00
321 323  0  5 1.00
322 323  0  5 1.00
322 324  0  5 1.00
323 324  0  5 1.00
323 325  0  5 1.00
324 325  0  5 1.00
324 326  0  5 1.00
325 326  0  5 1.00
325 327  0  5 1.00
326 327  0  5 1.00
326 328  0  5 1.00
327 328  0  5 1.00
327 329  0  5 1.00
328 329  0  5 1.00
328 330  0  5 1.00
329 330  0  5 1.00
329 331  0  5 1.00
330 331  0  5 1.00
330 332  0  5 1.00
331 332  0  5 1.00
331 333  0  5 1.00
332 333  0  5 1.00
332 334  0  5 1.00
332 335  0  5 1.00
333 334  0  5 1.00
333 335  0  5 1.00
334 335  0  5 1.00
334 336  0  5 1.00
335 336  0  5 1.00
335 337  0  5 1.00
336 337  0  5 1.00
336 338  0  5 1.00
337 338  0  5 1.00
337 339  0  5 1.00
338 339  0  5 1.00
338 340  0  5 1.00
339 340  0  5 1.00
339 341  0  5 1.00
340 341  0  5 1.00
END
HELX_P HELX_P1  1  ASP A 19  ? PHE A 28  ? ASP A 24  PHE A 33  1 ? 10 
HELX_P HELX_P2  2  SER A 44  ? ASP A 57  ? SER A 49  ASP A 62  1 ? 14 
HELX_P HELX_P3  3  PRO A 58  ? SER A 61  ? PRO A 63  SER A 66  5 ? 4  
HELX_P HELX_P4  4  SER A 67  ? HIS A 72  ? SER A 72  HIS A 77  1 ? 6  
HELX_P HELX_P5  5  ASN A 102 ? ASN A 106 ? ASN A 107 ASN A 111 5 ? 5  
HELX_P HELX_P6  6  ARG A 114 ? ALA A 122 ? ARG A 119 ALA A 127 1 ? 9  
HELX_P HELX_P7  7  SER A 129 ? LYS A 135 ? SER A 134 LYS A 140 1 ? 7  
HELX_P HELX_P8  8  LYS A 135 ? SER A 145 ? LYS A 140 SER A 150 1 ? 11 
HELX_P HELX_P9  9  GLY A 148 ? PHE A 157 ? GLY A 153 PHE A 162 1 ? 10 
HELX_P HELX_P10 10 THR A 165 ? ALA A 178 ? THR A 170 ALA A 183 1 ? 14 
HELX_P HELX_P11 11 ALA A 185 ? LYS A 192 ? ALA A 190 LYS A 197 1 ? 8  
HELX_P HELX_P12 12 ASN A 194 ? ILE A 198 ? ASN A 199 ILE A 203 5 ? 5  
HELX_P HELX_P13 13 SER A 199 ? LYS A 212 ? SER A 204 LYS A 217 1 ? 14 
HELX_P HELX_P14 14 GLY A 213 ? HIS A 218 ? GLY A 218 HIS A 223 1 ? 6  
HELX_P HELX_P15 15 ASP A 245 ? ARG A 249 ? ASP A 250 ARG A 254 1 ? 5  
HELX_P HELX_P16 16 ASN A 269 ? THR A 273 ? ASN A 274 THR A 278 5 ? 5  
HELX_P HELX_P17 17 LYS A 284 ? GLY A 293 ? LYS A 289 GLY A 298 1 ? 10 
HELX_P HELX_P18 18 SER A 294 ? GLY A 298 ? SER A 299 GLY A 303 5 ? 5  
HELX_P HELX_P19 19 THR A 302 ? ASN A 314 ? THR A 307 ASN A 319 1 ? 13 
HELX_P HELX_P20 20 THR A 315 ? THR A 317 ? THR A 320 THR A 322 5 ? 3  
