4avz 600
  3   4  0  5 1.00
  3   5  0  5 1.00
  4   5  0  5 1.00
  4   6  0  5 1.00
  4   7  0  5 1.00
  4   8  0  5 1.00
  5   6  0  5 1.00
  5   7  0  5 1.00
  5   8  0  5 1.00
  5   9  0  5 1.00
  5  10  0  5 1.00
  6   7  0  5 1.00
  6   8  0  5 1.00
  6   9  0  5 1.00
  6  10  0  5 1.00
  7   8  0  5 1.00
  7   9  0  5 1.00
  7  10  0  5 1.00
  7  11  0  5 1.00
  8   9  0  5 1.00
  8  10  0  5 1.00
  8  11  0  5 1.00
  8  13  0  5 1.00
  8  14  0  5 1.00
  9  10  0  5 1.00
  9  11  0  5 1.00
  9  14  0  5 1.00
  9  15  0  5 1.00
 10  11  0  5 1.00
 10  12  0  5 1.00
 10  14  0  5 1.00
 11  12  0  5 1.00
 11  13  0  5 1.00
 11  14  0  5 1.00
 11  15  0  5 1.00
 12  13  0  5 1.00
 12  14  0  5 1.00
 12  15  0  5 1.00
 13  14  0  5 1.00
 13  15  0  5 1.00
 13  16  0  5 1.00
 13  17  0  5 1.00
 14  15  0  5 1.00
 14  16  0  5 1.00
 14  17  0  5 1.00
 14  18  0  5 1.00
 15  16  0  5 1.00
 15  17  0  5 1.00
 15  18  0  5 1.00
 15  32  0  5 1.00
 15  33  0  5 1.00
 15  34  0  5 1.00
 16  17  0  5 1.00
 16  18  0  5 1.00
 16  34  0  5 1.00
 17  18  0  5 1.00
 17  19  0  5 1.00
 18  19  0  5 1.00
 18  20  0  5 1.00
 18  31  0  5 1.00
 18  32  0  5 1.00
 18  33  0  5 1.00
 19  20  0  5 1.00
 19  21  0  5 1.00
 19  31  0  5 1.00
 19  32  0  5 1.00
 19  33  0  5 1.00
 20  21  0  5 1.00
 20  22  0  5 1.00
 20  29  0  5 1.00
 20  30  0  5 1.00
 20  31  0  5 1.00
 20  32  0  5 1.00
 20  33  0  5 1.00
 21  22  0  5 1.00
 21  23  0  5 1.00
 21  24  0  5 1.00
 21  25  0  5 1.00
 21  29  0  5 1.00
 22  23  0  5 1.00
 22  24  0  5 1.00
 22  25  0  5 1.00
 22  29  0  5 1.00
 23  24  0  5 1.00
 23  25  0  5 1.00
 24  25  0  5 1.00
 24  26  0  5 1.00
 25  26  0  5 1.00
 25  27  0  5 1.00
 25  28  0  5 1.00
 26  27  0  5 1.00
 26  28  0  5 1.00
 27  28  0  5 1.00
 27  29  0  5 1.00
 28  29  0  5 1.00
 28  30  0  5 1.00
 29  30  0  5 1.00
 29  31  0  5 1.00
 30  31  0  5 1.00
 30  32  0  5 1.00
 31  32  0  5 1.00
 31  33  0  5 1.00
 32  33  0  5 1.00
 32  34  0  5 1.00
 32  35  0  5 1.00
 32  36  0  5 1.00
 33  34  0  5 1.00
 33  35  0  5 1.00
 33  36  0  5 1.00
 33  37  0  5 1.00
 33  38  0  5 1.00
 34  35  0  5 1.00
 34  36  0  5 1.00
 34  37  0  5 1.00
 34  38  0  5 1.00
 35  36  0  5 1.00
 35  37  0  5 1.00
 35  38  0  5 1.00
 35  39  0  5 1.00
 36  37  0  5 1.00
 36  38  0  5 1.00
 36  39  0  5 1.00
 36  40  0  5 1.00
 37  38  0  5 1.00
 37  39  0  5 1.00
 37  40  0  5 1.00
 38  39  0  5 1.00
 38  40  0  5 1.00
 39  40  0  5 1.00
 39  41  0  5 1.00
 40  41  0  5 1.00
 40  42  0  5 1.00
 41  42  0  5 1.00
 41  43  0  5 1.00
 41  81  0  5 1.00
 41  82  0  5 1.00
 41  83  0  5 1.00
 42  43  0  5 1.00
 42  44  0  5 1.00
 42  45  0  5 1.00
 42  46  0  5 1.00
 42  83  0  5 1.00
 43  44  0  5 1.00
 43  45  0  5 1.00
 43  46  0  5 1.00
 43  47  0  5 1.00
 43  83  0  5 1.00
 44  45  0  5 1.00
 44  46  0  5 1.00
 44  47  0  5 1.00
 45  46  0  5 1.00
 45  47  0  5 1.00
 46  47  0  5 1.00
 46  48  0  5 1.00
 46  66  0  5 1.00
 47  48  0  5 1.00
 47  49  0  5 1.00
 47  53  0  5 1.00
 47  54  0  5 1.00
 47  55  0  5 1.00
 47  66  0  5 1.00
 48  49  0  5 1.00
 48  50  0  5 1.00
 48  52  0  5 1.00
 48  53  0  5 1.00
 48  54  0  5 1.00
 48  55  0  5 1.00
 49  50  0  5 1.00
 49  51  0  5 1.00
 49  52  0  5 1.00
 49  53  0  5 1.00
 49  54  0  5 1.00
 50  51  0  5 1.00
 50  52  0  5 1.00
 51  52  0  5 1.00
 51  53  0  5 1.00
 52  53  0  5 1.00
 52  54  0  5 1.00
 53  54  0  5 1.00
 53  55  0  5 1.00
 54  55  0  5 1.00
 54  56  0  5 1.00
 55  56  0  5 1.00
 55  57  0  5 1.00
 56  57  0  5 1.00
 56  58  0  5 1.00
 57  58  0  5 1.00
 57  59  0  5 1.00
 57  89  0  5 1.00
 58  59  0  5 1.00
 58  60  0  5 1.00
 58  61  0  5 1.00
 58  89  0  5 1.00
 58  91  0  5 1.00
 59  60  0  5 1.00
 59  61  0  5 1.00
 60  61  0  5 1.00
 60  62  0  5 1.00
 61  62  0  5 1.00
 61  63  0  5 1.00
 61  91  0  5 1.00
 62  63  0  5 1.00
 62  64  0  5 1.00
 62  65  0  5 1.00
 62  91  0  5 1.00
 62  93  0  5 1.00
 63  64  0  5 1.00
 63  65  0  5 1.00
 63  66  0  5 1.00
 63  67  0  5 1.00
 63  91  0  5 1.00
 63  92  0  5 1.00
 64  65  0  5 1.00
 64  66  0  5 1.00
 64  67  0  5 1.00
 64  68  0  5 1.00
 64  69  0  5 1.00
 64  91  0  5 1.00
 64  92  0  5 1.00
 65  66  0  5 1.00
 65  67  0  5 1.00
 65  68  0  5 1.00
 65  69  0  5 1.00
 66  67  0  5 1.00
 66  68  0  5 1.00
 66  69  0  5 1.00
 66  70  0  5 1.00
 67  68  0  5 1.00
 67  69  0  5 1.00
 67  70  0  5 1.00
 67  71  0  5 1.00
 67  72  0  5 1.00
 68  69  0  5 1.00
 68  70  0  5 1.00
 68  71  0  5 1.00
 68  72  0  5 1.00
 68  73  0  5 1.00
 69  70  0  5 1.00
 69  71  0  5 1.00
 69  72  0  5 1.00
 69  73  0  5 1.00
 69  74  0  5 1.00
 70  71  0  5 1.00
 70  72  0  5 1.00
 70  73  0  5 1.00
 70  74  0  5 1.00
 70  75  0  5 1.00
 71  72  0  5 1.00
 71  73  0  5 1.00
 71  74  0  5 1.00
 71  75  0  5 1.00
 72  73  0  5 1.00
 72  74  0  5 1.00
 72  75  0  5 1.00
 72  76  0  5 1.00
 73  74  0  5 1.00
 73  75  0  5 1.00
 73  76  0  5 1.00
 73  77  0  5 1.00
 74  75  0  5 1.00
 74  76  0  5 1.00
 74  77  0  5 1.00
 74  78  0  5 1.00
 74  79  0  5 1.00
 74  80  0  5 1.00
 75  76  0  5 1.00
 75  77  0  5 1.00
 75  78  0  5 1.00
 75  79  0  5 1.00
 75 111  0  5 1.00
 76  77  0  5 1.00
 76  78  0  5 1.00
 77  78  0  5 1.00
 77  79  0  5 1.00
 78  79  0  5 1.00
 78  80  0  5 1.00
 78 112  0  5 1.00
 79  80  0  5 1.00
 79  81  0  5 1.00
 79 111  0  5 1.00
 79 112  0  5 1.00
 79 113  0  5 1.00
 80  81  0  5 1.00
 80  82  0  5 1.00
 80 112  0  5 1.00
 80 113  0  5 1.00
 80 114  0  5 1.00
 81  82  0  5 1.00
 81  83  0  5 1.00
 81 114  0  5 1.00
 82  83  0  5 1.00
 82  84  0  5 1.00
 82 114  0  5 1.00
 82 115  0  5 1.00
 82 116  0  5 1.00
 83  84  0  5 1.00
 83  85  0  5 1.00
 83 116  0  5 1.00
 84  85  0  5 1.00
 84  86  0  5 1.00
 84 116  0  5 1.00
 84 117  0  5 1.00
 84 118  0  5 1.00
 84 119  0  5 1.00
 85  86  0  5 1.00
 85  87  0  5 1.00
 85  88  0  5 1.00
 85 118  0  5 1.00
 85 119  0  5 1.00
 85 120  0  5 1.00
 86  87  0  5 1.00
 86  88  0  5 1.00
 86 118  0  5 1.00
 86 119  0  5 1.00
 87  88  0  5 1.00
 87  89  0  5 1.00
 87 119  0  5 1.00
 88  89  0  5 1.00
 88  90  0  5 1.00
 88 119  0  5 1.00
 88 120  0  5 1.00
 89  90  0  5 1.00
 89  91  0  5 1.00
 89 120  0  5 1.00
 90  91  0  5 1.00
 90  92  0  5 1.00
 90 120  0  5 1.00
 90 121  0  5 1.00
 90 122  0  5 1.00
 91  92  0  5 1.00
 91  93  0  5 1.00
 91 122  0  5 1.00
 92  93  0  5 1.00
 92  94  0  5 1.00
 92 122  0  5 1.00
 92 123  0  5 1.00
 92 124  0  5 1.00
 93  94  0  5 1.00
 93  95  0  5 1.00
 93 126  0  5 1.00
 94  95  0  5 1.00
 94  96  0  5 1.00
 94 106  0  5 1.00
 95  96  0  5 1.00
 95  97  0  5 1.00
 95 105  0  5 1.00
 95 106  0  5 1.00
 96  97  0  5 1.00
 96  98  0  5 1.00
 96 101  0  5 1.00
 96 105  0  5 1.00
 96 106  0  5 1.00
 97  98  0  5 1.00
 97  99  0  5 1.00
 97 100  0  5 1.00
 97 101  0  5 1.00
 98  99  0  5 1.00
 98 100  0  5 1.00
 98 101  0  5 1.00
 98 102  0  5 1.00
 99 100  0  5 1.00
 99 101  0  5 1.00
 99 102  0  5 1.00
 99 138  0  5 1.00
 99 139  0  5 1.00
 99 140  0  5 1.00
 99 141  0  5 1.00
100 101  0  5 1.00
100 102  0  5 1.00
100 103  0  5 1.00
100 104  0  5 1.00
100 105  0  5 1.00
100 138  0  5 1.00
100 140  0  5 1.00
101 102  0  5 1.00
101 103  0  5 1.00
101 104  0  5 1.00
101 105  0  5 1.00
102 103  0  5 1.00
102 104  0  5 1.00
102 141  0  5 1.00
103 104  0  5 1.00
103 105  0  5 1.00
103 132  0  5 1.00
103 133  0  5 1.00
104 105  0  5 1.00
104 106  0  5 1.00
104 131  0  5 1.00
104 132  0  5 1.00
104 133  0  5 1.00
105 106  0  5 1.00
105 107  0  5 1.00
105 133  0  5 1.00
105 134  0  5 1.00
106 107  0  5 1.00
106 108  0  5 1.00
106 133  0  5 1.00
106 134  0  5 1.00
107 108  0  5 1.00
107 109  0  5 1.00
107 133  0  5 1.00
107 134  0  5 1.00
107 135  0  5 1.00
107 136  0  5 1.00
108 109  0  5 1.00
108 110  0  5 1.00
108 136  0  5 1.00
109 110  0  5 1.00
109 111  0  5 1.00
109 136  0  5 1.00
109 137  0  5 1.00
110 111  0  5 1.00
110 112  0  5 1.00
110 113  0  5 1.00
110 150  0  5 1.00
111 112  0  5 1.00
111 113  0  5 1.00
111 150  0  5 1.00
111 151  0  5 1.00
112 113  0  5 1.00
112 114  0  5 1.00
112 150  0  5 1.00
112 151  0  5 1.00
112 152  0  5 1.00
113 114  0  5 1.00
113 115  0  5 1.00
113 151  0  5 1.00
113 152  0  5 1.00
113 153  0  5 1.00
114 115  0  5 1.00
114 116  0  5 1.00
114 153  0  5 1.00
115 116  0  5 1.00
115 117  0  5 1.00
115 153  0  5 1.00
115 154  0  5 1.00
115 155  0  5 1.00
116 117  0  5 1.00
116 118  0  5 1.00
116 155  0  5 1.00
117 118  0  5 1.00
117 119  0  5 1.00
117 155  0  5 1.00
117 156  0  5 1.00
117 157  0  5 1.00
117 158  0  5 1.00
118 119  0  5 1.00
118 120  0  5 1.00
118 157  0  5 1.00
118 158  0  5 1.00
119 120  0  5 1.00
119 121  0  5 1.00
119 158  0  5 1.00
119 159  0  5 1.00
120 121  0  5 1.00
120 122  0  5 1.00
120 159  0  5 1.00
121 122  0  5 1.00
121 123  0  5 1.00
121 159  0  5 1.00
121 160  0  5 1.00
121 161  0  5 1.00
122 123  0  5 1.00
122 124  0  5 1.00
122 161  0  5 1.00
123 124  0  5 1.00
123 125  0  5 1.00
123 161  0  5 1.00
123 162  0  5 1.00
123 163  0  5 1.00
124 125  0  5 1.00
124 126  0  5 1.00
124 127  0  5 1.00
124 128  0  5 1.00
125 126  0  5 1.00
125 127  0  5 1.00
125 128  0  5 1.00
126 127  0  5 1.00
126 128  0  5 1.00
127 128  0  5 1.00
127 129  0  5 1.00
127 130  0  5 1.00
128 129  0  5 1.00
128 130  0  5 1.00
128 166  0  5 1.00
129 130  0  5 1.00
129 131  0  5 1.00
129 166  0  5 1.00
129 167  0  5 1.00
129 168  0  5 1.00
130 131  0  5 1.00
130 132  0  5 1.00
130 166  0  5 1.00
130 168  0  5 1.00
131 132  0  5 1.00
131 133  0  5 1.00
131 173  0  5 1.00
132 133  0  5 1.00
132 134  0  5 1.00
132 173  0  5 1.00
132 174  0  5 1.00
132 175  0  5 1.00
133 134  0  5 1.00
133 135  0  5 1.00
133 136  0  5 1.00
133 175  0  5 1.00
133 176  0  5 1.00
134 135  0  5 1.00
134 136  0  5 1.00
134 175  0  5 1.00
134 176  0  5 1.00
135 136  0  5 1.00
135 137  0  5 1.00
135 176  0  5 1.00
135 177  0  5 1.00
135 178  0  5 1.00
135 179  0  5 1.00
136 137  0  5 1.00
136 138  0  5 1.00
136 178  0  5 1.00
137 138  0  5 1.00
137 139  0  5 1.00
137 147  0  5 1.00
137 148  0  5 1.00
137 149  0  5 1.00
137 178  0  5 1.00
137 179  0  5 1.00
137 180  0  5 1.00
138 139  0  5 1.00
138 140  0  5 1.00
138 147  0  5 1.00
138 178  0  5 1.00
138 179  0  5 1.00
138 180  0  5 1.00
139 140  0  5 1.00
139 141  0  5 1.00
139 146  0  5 1.00
139 147  0  5 1.00
140 141  0  5 1.00
140 142  0  5 1.00
140 143  0  5 1.00
140 146  0  5 1.00
141 142  0  5 1.00
141 143  0  5 1.00
142 143  0  5 1.00
142 144  0  5 1.00
142 145  0  5 1.00
142 146  0  5 1.00
143 144  0  5 1.00
143 145  0  5 1.00
143 146  0  5 1.00
144 145  0  5 1.00
144 146  0  5 1.00
145 146  0  5 1.00
145 147  0  5 1.00
146 147  0  5 1.00
146 148  0  5 1.00
147 148  0  5 1.00
147 149  0  5 1.00
147 181  0  5 1.00
148 149  0  5 1.00
148 150  0  5 1.00
148 181  0  5 1.00
149 150  0  5 1.00
149 151  0  5 1.00
149 179  0  5 1.00
149 181  0  5 1.00
149 182  0  5 1.00
149 183  0  5 1.00
150 151  0  5 1.00
150 152  0  5 1.00
150 183  0  5 1.00
150 184  0  5 1.00
151 152  0  5 1.00
151 153  0  5 1.00
151 183  0  5 1.00
151 184  0  5 1.00
151 185  0  5 1.00
152 153  0  5 1.00
152 154  0  5 1.00
152 183  0  5 1.00
152 184  0  5 1.00
152 185  0  5 1.00
152 186  0  5 1.00
153 154  0  5 1.00
153 155  0  5 1.00
153 186  0  5 1.00
154 155  0  5 1.00
154 156  0  5 1.00
154 186  0  5 1.00
154 187  0  5 1.00
154 188  0  5 1.00
155 156  0  5 1.00
155 157  0  5 1.00
155 188  0  5 1.00
156 157  0  5 1.00
156 158  0  5 1.00
156 188  0  5 1.00
156 189  0  5 1.00
156 190  0  5 1.00
157 158  0  5 1.00
157 159  0  5 1.00
157 189  0  5 1.00
158 159  0  5 1.00
158 160  0  5 1.00
158 189  0  5 1.00
158 190  0  5 1.00
158 191  0  5 1.00
159 160  0  5 1.00
159 161  0  5 1.00
159 191  0  5 1.00
160 161  0  5 1.00
160 162  0  5 1.00
160 191  0  5 1.00
160 192  0  5 1.00
160 193  0  5 1.00
161 162  0  5 1.00
161 163  0  5 1.00
161 193  0  5 1.00
161 194  0  5 1.00
162 163  0  5 1.00
162 164  0  5 1.00
162 165  0  5 1.00
162 193  0  5 1.00
162 194  0  5 1.00
162 195  0  5 1.00
163 164  0  5 1.00
163 165  0  5 1.00
163 193  0  5 1.00
163 194  0  5 1.00
164 165  0  5 1.00
164 166  0  5 1.00
164 194  0  5 1.00
164 195  0  5 1.00
165 166  0  5 1.00
165 167  0  5 1.00
165 194  0  5 1.00
165 195  0  5 1.00
165 196  0  5 1.00
166 167  0  5 1.00
166 168  0  5 1.00
167 168  0  5 1.00
167 169  0  5 1.00
167 196  0  5 1.00
168 169  0  5 1.00
168 170  0  5 1.00
169 170  0  5 1.00
169 171  0  5 1.00
169 172  0  5 1.00
169 227  0  5 1.00
170 171  0  5 1.00
170 172  0  5 1.00
170 227  0  5 1.00
170 229  0  5 1.00
171 172  0  5 1.00
171 173  0  5 1.00
172 173  0  5 1.00
172 174  0  5 1.00
173 174  0  5 1.00
173 175  0  5 1.00
174 175  0  5 1.00
174 176  0  5 1.00
174 197  0  5 1.00
174 198  0  5 1.00
174 199  0  5 1.00
175 176  0  5 1.00
175 177  0  5 1.00
175 198  0  5 1.00
175 199  0  5 1.00
175 200  0  5 1.00
176 177  0  5 1.00
176 178  0  5 1.00
176 199  0  5 1.00
176 200  0  5 1.00
176 201  0  5 1.00
177 178  0  5 1.00
177 179  0  5 1.00
177 200  0  5 1.00
177 201  0  5 1.00
177 202  0  5 1.00
178 179  0  5 1.00
178 180  0  5 1.00
178 202  0  5 1.00
179 180  0  5 1.00
179 181  0  5 1.00
179 182  0  5 1.00
179 202  0  5 1.00
180 181  0  5 1.00
180 182  0  5 1.00
180 202  0  5 1.00
180 203  0  5 1.00
180 204  0  5 1.00
180 205  0  5 1.00
180 208  0  5 1.00
181 182  0  5 1.00
181 183  0  5 1.00
181 204  0  5 1.00
181 205  0  5 1.00
181 208  0  5 1.00
181 209  0  5 1.00
182 183  0  5 1.00
182 184  0  5 1.00
182 204  0  5 1.00
182 208  0  5 1.00
182 209  0  5 1.00
182 210  0  5 1.00
183 184  0  5 1.00
183 185  0  5 1.00
183 209  0  5 1.00
183 210  0  5 1.00
183 211  0  5 1.00
184 185  0  5 1.00
184 186  0  5 1.00
184 210  0  5 1.00
184 211  0  5 1.00
184 212  0  5 1.00
185 186  0  5 1.00
185 187  0  5 1.00
185 210  0  5 1.00
185 211  0  5 1.00
185 212  0  5 1.00
185 213  0  5 1.00
186 187  0  5 1.00
186 188  0  5 1.00
186 213  0  5 1.00
187 188  0  5 1.00
187 189  0  5 1.00
187 213  0  5 1.00
187 214  0  5 1.00
187 215  0  5 1.00
188 189  0  5 1.00
188 190  0  5 1.00
188 215  0  5 1.00
188 216  0  5 1.00
189 190  0  5 1.00
189 191  0  5 1.00
189 215  0  5 1.00
189 216  0  5 1.00
189 217  0  5 1.00
190 191  0  5 1.00
190 192  0  5 1.00
190 216  0  5 1.00
190 217  0  5 1.00
190 218  0  5 1.00
191 192  0  5 1.00
191 193  0  5 1.00
191 218  0  5 1.00
192 193  0  5 1.00
192 194  0  5 1.00
192 218  0  5 1.00
192 219  0  5 1.00
192 220  0  5 1.00
193 194  0  5 1.00
193 195  0  5 1.00
193 220  0  5 1.00
193 221  0  5 1.00
194 195  0  5 1.00
194 196  0  5 1.00
194 220  0  5 1.00
194 221  0  5 1.00
194 222  0  5 1.00
195 196  0  5 1.00
195 197  0  5 1.00
195 221  0  5 1.00
195 222  0  5 1.00
195 223  0  5 1.00
195 224  0  5 1.00
196 197  0  5 1.00
196 198  0  5 1.00
196 222  0  5 1.00
196 223  0  5 1.00
196 224  0  5 1.00
197 198  0  5 1.00
197 199  0  5 1.00
197 222  0  5 1.00
197 223  0  5 1.00
197 230  0  5 1.00
197 231  0  5 1.00
198 199  0  5 1.00
198 200  0  5 1.00
198 230  0  5 1.00
198 231  0  5 1.00
198 232  0  5 1.00
198 233  0  5 1.00
199 200  0  5 1.00
199 201  0  5 1.00
199 232  0  5 1.00
199 233  0  5 1.00
200 201  0  5 1.00
200 202  0  5 1.00
200 232  0  5 1.00
200 233  0  5 1.00
200 234  0  5 1.00
201 202  0  5 1.00
201 203  0  5 1.00
201 233  0  5 1.00
201 234  0  5 1.00
201 235  0  5 1.00
202 203  0  5 1.00
202 204  0  5 1.00
202 235  0  5 1.00
203 204  0  5 1.00
203 205  0  5 1.00
203 235  0  5 1.00
203 236  0  5 1.00
203 237  0  5 1.00
203 238  0  5 1.00
204 205  0  5 1.00
204 206  0  5 1.00
204 208  0  5 1.00
204 209  0  5 1.00
204 237  0  5 1.00
204 238  0  5 1.00
205 206  0  5 1.00
205 207  0  5 1.00
205 208  0  5 1.00
205 237  0  5 1.00
206 207  0  5 1.00
206 208  0  5 1.00
206 237  0  5 1.00
206 291  0  5 1.00
206 292  0  5 1.00
206 293  0  5 1.00
206 294  0  5 1.00
206 295  0  5 1.00
207 208  0  5 1.00
207 209  0  5 1.00
207 237  0  5 1.00
207 238  0  5 1.00
207 239  0  5 1.00
207 291  0  5 1.00
207 294  0  5 1.00
207 295  0  5 1.00
208 209  0  5 1.00
208 210  0  5 1.00
208 237  0  5 1.00
208 238  0  5 1.00
208 294  0  5 1.00
208 295  0  5 1.00
209 210  0  5 1.00
209 211  0  5 1.00
209 238  0  5 1.00
209 239  0  5 1.00
210 211  0  5 1.00
210 212  0  5 1.00
210 239  0  5 1.00
210 240  0  5 1.00
211 212  0  5 1.00
211 213  0  5 1.00
211 239  0  5 1.00
211 240  0  5 1.00
211 241  0  5 1.00
212 213  0  5 1.00
212 214  0  5 1.00
212 240  0  5 1.00
212 241  0  5 1.00
212 242  0  5 1.00
213 214  0  5 1.00
213 215  0  5 1.00
213 242  0  5 1.00
214 215  0  5 1.00
214 216  0  5 1.00
214 242  0  5 1.00
214 243  0  5 1.00
214 244  0  5 1.00
215 216  0  5 1.00
215 217  0  5 1.00
215 244  0  5 1.00
215 245  0  5 1.00
216 217  0  5 1.00
216 218  0  5 1.00
216 244  0  5 1.00
216 245  0  5 1.00
216 246  0  5 1.00
217 218  0  5 1.00
217 219  0  5 1.00
217 245  0  5 1.00
217 246  0  5 1.00
217 247  0  5 1.00
218 219  0  5 1.00
218 220  0  5 1.00
218 247  0  5 1.00
219 220  0  5 1.00
219 221  0  5 1.00
219 247  0  5 1.00
219 248  0  5 1.00
219 249  0  5 1.00
220 221  0  5 1.00
220 222  0  5 1.00
220 249  0  5 1.00
221 222  0  5 1.00
221 223  0  5 1.00
221 249  0  5 1.00
221 250  0  5 1.00
222 223  0  5 1.00
222 224  0  5 1.00
222 249  0  5 1.00
223 224  0  5 1.00
223 225  0  5 1.00
223 252  0  5 1.00
224 225  0  5 1.00
224 226  0  5 1.00
225 226  0  5 1.00
225 227  0  5 1.00
225 228  0  5 1.00
226 227  0  5 1.00
226 228  0  5 1.00
227 228  0  5 1.00
227 229  0  5 1.00
228 229  0  5 1.00
228 230  0  5 1.00
229 230  0  5 1.00
229 231  0  5 1.00
230 231  0  5 1.00
230 232  0  5 1.00
230 258  0  5 1.00
231 232  0  5 1.00
231 233  0  5 1.00
231 258  0  5 1.00
231 259  0  5 1.00
231 260  0  5 1.00
232 233  0  5 1.00
232 234  0  5 1.00
232 235  0  5 1.00
232 260  0  5 1.00
232 261  0  5 1.00
233 234  0  5 1.00
233 235  0  5 1.00
233 260  0  5 1.00
233 261  0  5 1.00
233 262  0  5 1.00
234 235  0  5 1.00
234 236  0  5 1.00
234 261  0  5 1.00
234 262  0  5 1.00
234 263  0  5 1.00
235 236  0  5 1.00
235 237  0  5 1.00
235 263  0  5 1.00
236 237  0  5 1.00
236 238  0  5 1.00
236 263  0  5 1.00
236 264  0  5 1.00
236 265  0  5 1.00
236 266  0  5 1.00
237 238  0  5 1.00
237 239  0  5 1.00
238 239  0  5 1.00
238 240  0  5 1.00
238 241  0  5 1.00
238 267  0  5 1.00
239 240  0  5 1.00
239 241  0  5 1.00
239 266  0  5 1.00
239 267  0  5 1.00
239 268  0  5 1.00
240 241  0  5 1.00
240 242  0  5 1.00
240 267  0  5 1.00
240 268  0  5 1.00
240 269  0  5 1.00
241 242  0  5 1.00
241 243  0  5 1.00
241 268  0  5 1.00
241 269  0  5 1.00
241 270  0  5 1.00
242 243  0  5 1.00
242 244  0  5 1.00
242 270  0  5 1.00
243 244  0  5 1.00
243 245  0  5 1.00
243 270  0  5 1.00
243 271  0  5 1.00
243 272  0  5 1.00
244 245  0  5 1.00
244 246  0  5 1.00
244 272  0  5 1.00
244 273  0  5 1.00
245 246  0  5 1.00
245 247  0  5 1.00
245 272  0  5 1.00
245 273  0  5 1.00
245 274  0  5 1.00
246 247  0  5 1.00
246 248  0  5 1.00
246 272  0  5 1.00
246 273  0  5 1.00
246 274  0  5 1.00
246 275  0  5 1.00
247 248  0  5 1.00
247 249  0  5 1.00
247 275  0  5 1.00
248 249  0  5 1.00
248 250  0  5 1.00
248 275  0  5 1.00
248 276  0  5 1.00
248 277  0  5 1.00
249 250  0  5 1.00
249 251  0  5 1.00
249 277  0  5 1.00
250 251  0  5 1.00
250 252  0  5 1.00
250 277  0  5 1.00
250 278  0  5 1.00
251 252  0  5 1.00
251 253  0  5 1.00
252 253  0  5 1.00
252 254  0  5 1.00
252 255  0  5 1.00
252 256  0  5 1.00
252 278  0  5 1.00
253 254  0  5 1.00
253 255  0  5 1.00
253 256  0  5 1.00
253 257  0  5 1.00
254 255  0  5 1.00
254 256  0  5 1.00
254 257  0  5 1.00
254 258  0  5 1.00
254 259  0  5 1.00
255 256  0  5 1.00
255 257  0  5 1.00
255 258  0  5 1.00
255 259  0  5 1.00
255 278  0  5 1.00
255 279  0  5 1.00
255 280  0  5 1.00
256 257  0  5 1.00
256 258  0  5 1.00
256 278  0  5 1.00
256 279  0  5 1.00
256 280  0  5 1.00
256 312  0  5 1.00
256 313  0  5 1.00
257 258  0  5 1.00
257 259  0  5 1.00
257 280  0  5 1.00
258 259  0  5 1.00
258 260  0  5 1.00
259 260  0  5 1.00
259 261  0  5 1.00
259 279  0  5 1.00
259 280  0  5 1.00
259 281  0  5 1.00
260 261  0  5 1.00
260 262  0  5 1.00
260 281  0  5 1.00
260 282  0  5 1.00
261 262  0  5 1.00
261 263  0  5 1.00
261 281  0  5 1.00
261 282  0  5 1.00
262 263  0  5 1.00
262 264  0  5 1.00
262 282  0  5 1.00
262 283  0  5 1.00
262 284  0  5 1.00
263 264  0  5 1.00
263 265  0  5 1.00
263 284  0  5 1.00
264 265  0  5 1.00
264 266  0  5 1.00
264 284  0  5 1.00
264 285  0  5 1.00
264 286  0  5 1.00
265 266  0  5 1.00
265 267  0  5 1.00
265 286  0  5 1.00
265 287  0  5 1.00
266 267  0  5 1.00
266 268  0  5 1.00
266 269  0  5 1.00
266 286  0  5 1.00
266 299  0  5 1.00
266 300  0  5 1.00
267 268  0  5 1.00
267 269  0  5 1.00
267 298  0  5 1.00
267 299  0  5 1.00
267 300  0  5 1.00
267 301  0  5 1.00
268 269  0  5 1.00
268 270  0  5 1.00
268 300  0  5 1.00
268 301  0  5 1.00
268 302  0  5 1.00
269 270  0  5 1.00
269 271  0  5 1.00
269 300  0  5 1.00
269 301  0  5 1.00
269 302  0  5 1.00
269 303  0  5 1.00
270 271  0  5 1.00
270 272  0  5 1.00
270 303  0  5 1.00
271 272  0  5 1.00
271 273  0  5 1.00
271 303  0  5 1.00
271 304  0  5 1.00
271 305  0  5 1.00
272 273  0  5 1.00
272 274  0  5 1.00
272 305  0  5 1.00
272 306  0  5 1.00
273 274  0  5 1.00
273 275  0  5 1.00
273 305  0  5 1.00
273 306  0  5 1.00
273 307  0  5 1.00
274 275  0  5 1.00
274 276  0  5 1.00
274 306  0  5 1.00
274 307  0  5 1.00
274 308  0  5 1.00
275 276  0  5 1.00
275 277  0  5 1.00
275 308  0  5 1.00
276 277  0  5 1.00
276 278  0  5 1.00
276 308  0  5 1.00
276 309  0  5 1.00
276 310  0  5 1.00
277 278  0  5 1.00
277 279  0  5 1.00
277 310  0  5 1.00
278 279  0  5 1.00
278 280  0  5 1.00
278 310  0  5 1.00
279 280  0  5 1.00
279 281  0  5 1.00
279 310  0  5 1.00
279 311  0  5 1.00
279 312  0  5 1.00
279 313  0  5 1.00
280 281  0  5 1.00
280 282  0  5 1.00
280 311  0  5 1.00
280 312  0  5 1.00
280 313  0  5 1.00
280 314  0  5 1.00
281 282  0  5 1.00
281 283  0  5 1.00
281 313  0  5 1.00
281 314  0  5 1.00
281 315  0  5 1.00
282 283  0  5 1.00
282 284  0  5 1.00
282 314  0  5 1.00
282 315  0  5 1.00
283 284  0  5 1.00
283 285  0  5 1.00
283 314  0  5 1.00
283 315  0  5 1.00
283 316  0  5 1.00
283 317  0  5 1.00
284 285  0  5 1.00
284 286  0  5 1.00
284 317  0  5 1.00
285 286  0  5 1.00
285 287  0  5 1.00
285 317  0  5 1.00
285 318  0  5 1.00
285 319  0  5 1.00
286 287  0  5 1.00
286 288  0  5 1.00
286 317  0  5 1.00
286 319  0  5 1.00
287 288  0  5 1.00
287 289  0  5 1.00
287 319  0  5 1.00
287 320  0  5 1.00
287 321  0  5 1.00
287 328  0  5 1.00
287 329  0  5 1.00
288 289  0  5 1.00
288 290  0  5 1.00
288 291  0  5 1.00
288 292  0  5 1.00
288 321  0  5 1.00
289 290  0  5 1.00
289 291  0  5 1.00
289 292  0  5 1.00
289 321  0  5 1.00
289 322  0  5 1.00
289 323  0  5 1.00
289 326  0  5 1.00
289 328  0  5 1.00
290 291  0  5 1.00
290 292  0  5 1.00
291 292  0  5 1.00
291 293  0  5 1.00
291 294  0  5 1.00
292 293  0  5 1.00
292 294  0  5 1.00
292 295  0  5 1.00
292 296  0  5 1.00
292 297  0  5 1.00
293 294  0  5 1.00
293 295  0  5 1.00
293 296  0  5 1.00
294 295  0  5 1.00
294 296  0  5 1.00
295 296  0  5 1.00
295 297  0  5 1.00
295 298  0  5 1.00
296 297  0  5 1.00
296 298  0  5 1.00
297 298  0  5 1.00
297 299  0  5 1.00
297 327  0  5 1.00
297 328  0  5 1.00
297 329  0  5 1.00
298 299  0  5 1.00
298 300  0  5 1.00
298 329  0  5 1.00
299 300  0  5 1.00
299 301  0  5 1.00
299 329  0  5 1.00
299 330  0  5 1.00
299 331  0  5 1.00
300 301  0  5 1.00
300 302  0  5 1.00
300 331  0  5 1.00
300 332  0  5 1.00
301 302  0  5 1.00
301 303  0  5 1.00
301 331  0  5 1.00
301 332  0  5 1.00
302 303  0  5 1.00
302 304  0  5 1.00
302 332  0  5 1.00
302 333  0  5 1.00
302 334  0  5 1.00
303 304  0  5 1.00
303 305  0  5 1.00
303 334  0  5 1.00
304 305  0  5 1.00
304 306  0  5 1.00
304 334  0  5 1.00
304 335  0  5 1.00
304 336  0  5 1.00
305 306  0  5 1.00
305 307  0  5 1.00
305 336  0  5 1.00
306 307  0  5 1.00
306 308  0  5 1.00
306 336  0  5 1.00
306 337  0  5 1.00
306 338  0  5 1.00
307 308  0  5 1.00
307 309  0  5 1.00
307 337  0  5 1.00
307 338  0  5 1.00
307 339  0  5 1.00
308 309  0  5 1.00
308 310  0  5 1.00
308 339  0  5 1.00
309 310  0  5 1.00
309 311  0  5 1.00
309 339  0  5 1.00
309 340  0  5 1.00
309 341  0  5 1.00
310 311  0  5 1.00
310 312  0  5 1.00
310 341  0  5 1.00
311 312  0  5 1.00
311 313  0  5 1.00
311 341  0  5 1.00
311 342  0  5 1.00
311 343  0  5 1.00
312 313  0  5 1.00
312 314  0  5 1.00
312 343  0  5 1.00
312 350  0  5 1.00
312 351  0  5 1.00
312 353  0  5 1.00
313 314  0  5 1.00
313 315  0  5 1.00
313 351  0  5 1.00
313 352  0  5 1.00
313 353  0  5 1.00
313 354  0  5 1.00
314 315  0  5 1.00
314 316  0  5 1.00
314 352  0  5 1.00
314 353  0  5 1.00
314 354  0  5 1.00
314 355  0  5 1.00
315 316  0  5 1.00
315 317  0  5 1.00
315 354  0  5 1.00
315 355  0  5 1.00
316 317  0  5 1.00
316 318  0  5 1.00
316 354  0  5 1.00
316 355  0  5 1.00
316 356  0  5 1.00
316 357  0  5 1.00
317 318  0  5 1.00
317 319  0  5 1.00
317 357  0  5 1.00
318 319  0  5 1.00
318 320  0  5 1.00
318 357  0  5 1.00
318 358  0  5 1.00
318 359  0  5 1.00
319 320  0  5 1.00
319 321  0  5 1.00
319 359  0  5 1.00
320 321  0  5 1.00
320 322  0  5 1.00
320 328  0  5 1.00
320 368  0  5 1.00
320 369  0  5 1.00
320 370  0  5 1.00
321 322  0  5 1.00
321 323  0  5 1.00
321 326  0  5 1.00
321 327  0  5 1.00
321 328  0  5 1.00
321 368  0  5 1.00
322 323  0  5 1.00
322 324  0  5 1.00
322 326  0  5 1.00
322 327  0  5 1.00
322 328  0  5 1.00
323 324  0  5 1.00
323 325  0  5 1.00
323 326  0  5 1.00
323 327  0  5 1.00
324 325  0  5 1.00
324 326  0  5 1.00
325 326  0  5 1.00
325 327  0  5 1.00
326 327  0  5 1.00
326 328  0  5 1.00
327 328  0  5 1.00
327 329  0  5 1.00
328 329  0  5 1.00
328 330  0  5 1.00
328 370  0  5 1.00
329 330  0  5 1.00
329 331  0  5 1.00
329 370  0  5 1.00
330 331  0  5 1.00
330 332  0  5 1.00
330 370  0  5 1.00
330 371  0  5 1.00
330 372  0  5 1.00
331 332  0  5 1.00
331 333  0  5 1.00
331 372  0  5 1.00
331 373  0  5 1.00
332 333  0  5 1.00
332 334  0  5 1.00
332 372  0  5 1.00
332 373  0  5 1.00
332 374  0  5 1.00
333 334  0  5 1.00
333 335  0  5 1.00
333 372  0  5 1.00
333 373  0  5 1.00
333 374  0  5 1.00
333 375  0  5 1.00
334 335  0  5 1.00
334 336  0  5 1.00
334 375  0  5 1.00
335 336  0  5 1.00
335 337  0  5 1.00
335 375  0  5 1.00
335 376  0  5 1.00
335 377  0  5 1.00
336 337  0  5 1.00
336 338  0  5 1.00
336 377  0  5 1.00
336 378  0  5 1.00
337 338  0  5 1.00
337 339  0  5 1.00
337 377  0  5 1.00
337 378  0  5 1.00
337 379  0  5 1.00
338 339  0  5 1.00
338 340  0  5 1.00
338 378  0  5 1.00
338 379  0  5 1.00
338 380  0  5 1.00
339 340  0  5 1.00
339 341  0  5 1.00
339 380  0  5 1.00
340 341  0  5 1.00
340 342  0  5 1.00
340 380  0  5 1.00
340 381  0  5 1.00
340 382  0  5 1.00
341 342  0  5 1.00
341 343  0  5 1.00
341 382  0  5 1.00
342 343  0  5 1.00
342 344  0  5 1.00
342 382  0  5 1.00
342 383  0  5 1.00
342 384  0  5 1.00
343 344  0  5 1.00
343 345  0  5 1.00
344 345  0  5 1.00
344 346  0  5 1.00
345 346  0  5 1.00
345 347  0  5 1.00
346 347  0  5 1.00
346 348  0  5 1.00
346 349  0  5 1.00
346 350  0  5 1.00
347 348  0  5 1.00
347 349  0  5 1.00
347 386  0  5 1.00
347 387  0  5 1.00
347 388  0  5 1.00
348 349  0  5 1.00
348 350  0  5 1.00
349 350  0  5 1.00
349 351  0  5 1.00
350 351  0  5 1.00
350 352  0  5 1.00
351 352  0  5 1.00
351 353  0  5 1.00
352 353  0  5 1.00
352 354  0  5 1.00
352 389  0  5 1.00
353 354  0  5 1.00
353 355  0  5 1.00
353 389  0  5 1.00
353 390  0  5 1.00
353 391  0  5 1.00
354 355  0  5 1.00
354 356  0  5 1.00
354 390  0  5 1.00
354 391  0  5 1.00
354 392  0  5 1.00
355 356  0  5 1.00
355 357  0  5 1.00
355 391  0  5 1.00
355 392  0  5 1.00
355 393  0  5 1.00
356 357  0  5 1.00
356 358  0  5 1.00
356 391  0  5 1.00
356 392  0  5 1.00
356 393  0  5 1.00
356 394  0  5 1.00
357 358  0  5 1.00
357 359  0  5 1.00
357 394  0  5 1.00
358 359  0  5 1.00
358 360  0  5 1.00
358 394  0  5 1.00
358 395  0  5 1.00
358 396  0  5 1.00
358 397  0  5 1.00
359 360  0  5 1.00
359 361  0  5 1.00
360 361  0  5 1.00
360 362  0  5 1.00
360 364  0  5 1.00
360 365  0  5 1.00
360 366  0  5 1.00
361 362  0  5 1.00
361 363  0  5 1.00
361 364  0  5 1.00
361 365  0  5 1.00
362 363  0  5 1.00
362 364  0  5 1.00
363 364  0  5 1.00
363 365  0  5 1.00
364 365  0  5 1.00
364 366  0  5 1.00
365 366  0  5 1.00
365 367  0  5 1.00
366 367  0  5 1.00
366 368  0  5 1.00
366 396  0  5 1.00
366 397  0  5 1.00
366 398  0  5 1.00
367 368  0  5 1.00
367 369  0  5 1.00
368 369  0  5 1.00
368 370  0  5 1.00
369 370  0  5 1.00
369 371  0  5 1.00
369 398  0  5 1.00
370 371  0  5 1.00
370 372  0  5 1.00
371 372  0  5 1.00
371 373  0  5 1.00
371 399  0  5 1.00
371 400  0  5 1.00
371 401  0  5 1.00
372 373  0  5 1.00
372 374  0  5 1.00
372 400  0  5 1.00
372 401  0  5 1.00
373 374  0  5 1.00
373 375  0  5 1.00
373 401  0  5 1.00
374 375  0  5 1.00
374 376  0  5 1.00
374 401  0  5 1.00
374 402  0  5 1.00
374 403  0  5 1.00
375 376  0  5 1.00
375 377  0  5 1.00
375 403  0  5 1.00
376 377  0  5 1.00
376 378  0  5 1.00
376 403  0  5 1.00
376 404  0  5 1.00
376 405  0  5 1.00
377 378  0  5 1.00
377 379  0  5 1.00
377 405  0  5 1.00
377 406  0  5 1.00
378 379  0  5 1.00
378 380  0  5 1.00
378 405  0  5 1.00
378 406  0  5 1.00
378 407  0  5 1.00
379 380  0  5 1.00
379 381  0  5 1.00
379 406  0  5 1.00
379 407  0  5 1.00
379 408  0  5 1.00
380 381  0  5 1.00
380 382  0  5 1.00
380 408  0  5 1.00
381 382  0  5 1.00
381 383  0  5 1.00
381 408  0  5 1.00
381 409  0  5 1.00
381 410  0  5 1.00
381 411  0  5 1.00
382 383  0  5 1.00
382 384  0  5 1.00
382 410  0  5 1.00
383 384  0  5 1.00
383 385  0  5 1.00
383 410  0  5 1.00
383 411  0  5 1.00
384 385  0  5 1.00
384 386  0  5 1.00
384 387  0  5 1.00
385 386  0  5 1.00
385 387  0  5 1.00
385 440  0  5 1.00
385 441  0  5 1.00
386 387  0  5 1.00
386 388  0  5 1.00
387 388  0  5 1.00
387 389  0  5 1.00
387 390  0  5 1.00
387 412  0  5 1.00
388 389  0  5 1.00
388 390  0  5 1.00
388 412  0  5 1.00
389 390  0  5 1.00
389 391  0  5 1.00
390 391  0  5 1.00
390 392  0  5 1.00
390 411  0  5 1.00
390 412  0  5 1.00
390 413  0  5 1.00
391 392  0  5 1.00
391 393  0  5 1.00
391 413  0  5 1.00
391 414  0  5 1.00
392 393  0  5 1.00
392 394  0  5 1.00
392 413  0  5 1.00
392 414  0  5 1.00
393 394  0  5 1.00
393 395  0  5 1.00
393 414  0  5 1.00
393 415  0  5 1.00
393 416  0  5 1.00
394 395  0  5 1.00
394 396  0  5 1.00
394 416  0  5 1.00
395 396  0  5 1.00
395 397  0  5 1.00
395 416  0  5 1.00
395 417  0  5 1.00
396 397  0  5 1.00
396 398  0  5 1.00
396 422  0  5 1.00
397 398  0  5 1.00
397 399  0  5 1.00
397 424  0  5 1.00
397 425  0  5 1.00
398 399  0  5 1.00
398 400  0  5 1.00
398 424  0  5 1.00
398 425  0  5 1.00
399 400  0  5 1.00
399 401  0  5 1.00
399 425  0  5 1.00
399 426  0  5 1.00
399 427  0  5 1.00
400 401  0  5 1.00
400 402  0  5 1.00
400 427  0  5 1.00
400 428  0  5 1.00
401 402  0  5 1.00
401 403  0  5 1.00
401 427  0  5 1.00
401 428  0  5 1.00
401 429  0  5 1.00
402 403  0  5 1.00
402 404  0  5 1.00
402 427  0  5 1.00
402 428  0  5 1.00
402 429  0  5 1.00
402 430  0  5 1.00
403 404  0  5 1.00
403 405  0  5 1.00
403 428  0  5 1.00
403 430  0  5 1.00
404 405  0  5 1.00
404 406  0  5 1.00
404 430  0  5 1.00
404 431  0  5 1.00
404 432  0  5 1.00
405 406  0  5 1.00
405 407  0  5 1.00
406 407  0  5 1.00
406 408  0  5 1.00
406 434  0  5 1.00
406 435  0  5 1.00
407 408  0  5 1.00
407 409  0  5 1.00
407 434  0  5 1.00
407 435  0  5 1.00
407 436  0  5 1.00
408 409  0  5 1.00
408 410  0  5 1.00
408 436  0  5 1.00
409 410  0  5 1.00
409 411  0  5 1.00
409 436  0  5 1.00
409 437  0  5 1.00
409 438  0  5 1.00
410 411  0  5 1.00
410 412  0  5 1.00
410 438  0  5 1.00
411 412  0  5 1.00
411 413  0  5 1.00
412 413  0  5 1.00
412 414  0  5 1.00
412 450  0  5 1.00
413 414  0  5 1.00
413 415  0  5 1.00
413 450  0  5 1.00
414 415  0  5 1.00
414 416  0  5 1.00
414 450  0  5 1.00
414 451  0  5 1.00
415 416  0  5 1.00
415 417  0  5 1.00
415 449  0  5 1.00
415 450  0  5 1.00
415 451  0  5 1.00
415 452  0  5 1.00
416 417  0  5 1.00
416 418  0  5 1.00
416 452  0  5 1.00
417 418  0  5 1.00
417 419  0  5 1.00
417 452  0  5 1.00
417 454  0  5 1.00
418 419  0  5 1.00
418 420  0  5 1.00
418 421  0  5 1.00
418 422  0  5 1.00
418 454  0  5 1.00
419 420  0  5 1.00
419 421  0  5 1.00
420 421  0  5 1.00
420 422  0  5 1.00
421 422  0  5 1.00
421 423  0  5 1.00
422 423  0  5 1.00
422 424  0  5 1.00
422 454  0  5 1.00
423 424  0  5 1.00
423 425  0  5 1.00
423 454  0  5 1.00
423 455  0  5 1.00
423 456  0  5 1.00
424 425  0  5 1.00
424 426  0  5 1.00
424 454  0  5 1.00
424 455  0  5 1.00
424 456  0  5 1.00
424 457  0  5 1.00
425 426  0  5 1.00
425 427  0  5 1.00
425 456  0  5 1.00
425 457  0  5 1.00
426 427  0  5 1.00
426 428  0  5 1.00
426 457  0  5 1.00
426 458  0  5 1.00
426 459  0  5 1.00
427 428  0  5 1.00
427 429  0  5 1.00
427 459  0  5 1.00
427 460  0  5 1.00
428 429  0  5 1.00
428 430  0  5 1.00
428 459  0  5 1.00
428 460  0  5 1.00
428 461  0  5 1.00
429 430  0  5 1.00
429 431  0  5 1.00
429 459  0  5 1.00
429 460  0  5 1.00
429 461  0  5 1.00
429 462  0  5 1.00
430 431  0  5 1.00
430 432  0  5 1.00
430 462  0  5 1.00
431 432  0  5 1.00
431 433  0  5 1.00
431 462  0  5 1.00
431 463  0  5 1.00
431 464  0  5 1.00
432 433  0  5 1.00
432 434  0  5 1.00
432 435  0  5 1.00
432 464  0  5 1.00
433 434  0  5 1.00
433 435  0  5 1.00
433 464  0  5 1.00
434 435  0  5 1.00
434 436  0  5 1.00
435 436  0  5 1.00
435 437  0  5 1.00
435 466  0  5 1.00
436 437  0  5 1.00
436 438  0  5 1.00
437 438  0  5 1.00
437 439  0  5 1.00
437 466  0  5 1.00
437 467  0  5 1.00
437 468  0  5 1.00
438 439  0  5 1.00
438 440  0  5 1.00
439 440  0  5 1.00
439 441  0  5 1.00
439 442  0  5 1.00
440 441  0  5 1.00
440 442  0  5 1.00
441 442  0  5 1.00
441 443  0  5 1.00
441 444  0  5 1.00
441 445  0  5 1.00
442 443  0  5 1.00
442 444  0  5 1.00
442 470  0  5 1.00
442 471  0  5 1.00
443 444  0  5 1.00
443 445  0  5 1.00
443 471  0  5 1.00
443 473  0  5 1.00
444 445  0  5 1.00
444 446  0  5 1.00
445 446  0  5 1.00
445 447  0  5 1.00
445 448  0  5 1.00
445 473  0  5 1.00
445 474  0  5 1.00
445 475  0  5 1.00
446 447  0  5 1.00
446 448  0  5 1.00
446 473  0  5 1.00
446 474  0  5 1.00
447 448  0  5 1.00
447 449  0  5 1.00
447 473  0  5 1.00
447 475  0  5 1.00
448 449  0  5 1.00
448 450  0  5 1.00
448 474  0  5 1.00
448 475  0  5 1.00
448 476  0  5 1.00
449 450  0  5 1.00
449 451  0  5 1.00
449 452  0  5 1.00
449 475  0  5 1.00
449 476  0  5 1.00
449 477  0  5 1.00
450 451  0  5 1.00
450 452  0  5 1.00
450 476  0  5 1.00
450 477  0  5 1.00
450 478  0  5 1.00
451 452  0  5 1.00
451 453  0  5 1.00
451 477  0  5 1.00
451 478  0  5 1.00
451 479  0  5 1.00
452 453  0  5 1.00
452 454  0  5 1.00
452 479  0  5 1.00
453 454  0  5 1.00
453 455  0  5 1.00
453 479  0  5 1.00
453 480  0  5 1.00
453 481  0  5 1.00
454 455  0  5 1.00
454 456  0  5 1.00
455 456  0  5 1.00
455 457  0  5 1.00
455 483  0  5 1.00
455 484  0  5 1.00
456 457  0  5 1.00
456 458  0  5 1.00
456 483  0  5 1.00
456 484  0  5 1.00
456 485  0  5 1.00
457 458  0  5 1.00
457 459  0  5 1.00
457 484  0  5 1.00
457 485  0  5 1.00
458 459  0  5 1.00
458 460  0  5 1.00
458 485  0  5 1.00
458 486  0  5 1.00
458 487  0  5 1.00
459 460  0  5 1.00
459 461  0  5 1.00
459 487  0  5 1.00
459 488  0  5 1.00
460 461  0  5 1.00
460 462  0  5 1.00
460 487  0  5 1.00
460 488  0  5 1.00
460 489  0  5 1.00
461 462  0  5 1.00
461 463  0  5 1.00
461 488  0  5 1.00
461 489  0  5 1.00
461 490  0  5 1.00
462 463  0  5 1.00
462 464  0  5 1.00
462 490  0  5 1.00
463 464  0  5 1.00
463 465  0  5 1.00
463 490  0  5 1.00
463 491  0  5 1.00
463 492  0  5 1.00
464 465  0  5 1.00
464 466  0  5 1.00
464 492  0  5 1.00
465 466  0  5 1.00
465 467  0  5 1.00
465 492  0  5 1.00
465 493  0  5 1.00
465 494  0  5 1.00
466 467  0  5 1.00
466 468  0  5 1.00
467 468  0  5 1.00
467 469  0  5 1.00
467 496  0  5 1.00
468 469  0  5 1.00
468 470  0  5 1.00
469 470  0  5 1.00
469 471  0  5 1.00
469 497  0  5 1.00
470 471  0  5 1.00
470 472  0  5 1.00
470 497  0  5 1.00
471 472  0  5 1.00
471 473  0  5 1.00
471 474  0  5 1.00
472 473  0  5 1.00
472 474  0  5 1.00
473 474  0  5 1.00
473 475  0  5 1.00
474 475  0  5 1.00
474 476  0  5 1.00
475 476  0  5 1.00
475 477  0  5 1.00
475 503  0  5 1.00
476 477  0  5 1.00
476 478  0  5 1.00
476 503  0  5 1.00
476 504  0  5 1.00
477 478  0  5 1.00
477 479  0  5 1.00
477 503  0  5 1.00
477 504  0  5 1.00
478 479  0  5 1.00
478 480  0  5 1.00
478 504  0  5 1.00
478 505  0  5 1.00
478 506  0  5 1.00
479 480  0  5 1.00
479 481  0  5 1.00
479 506  0  5 1.00
480 481  0  5 1.00
480 482  0  5 1.00
480 506  0  5 1.00
480 507  0  5 1.00
480 508  0  5 1.00
480 509  0  5 1.00
481 482  0  5 1.00
481 483  0  5 1.00
481 484  0  5 1.00
481 508  0  5 1.00
481 509  0  5 1.00
482 483  0  5 1.00
482 484  0  5 1.00
482 508  0  5 1.00
482 509  0  5 1.00
483 484  0  5 1.00
483 485  0  5 1.00
484 485  0  5 1.00
484 486  0  5 1.00
485 486  0  5 1.00
485 487  0  5 1.00
486 487  0  5 1.00
486 488  0  5 1.00
486 511  0  5 1.00
487 488  0  5 1.00
487 489  0  5 1.00
487 516  0  5 1.00
488 489  0  5 1.00
488 490  0  5 1.00
488 516  0  5 1.00
488 517  0  5 1.00
489 490  0  5 1.00
489 491  0  5 1.00
489 516  0  5 1.00
489 517  0  5 1.00
489 518  0  5 1.00
490 491  0  5 1.00
490 492  0  5 1.00
490 518  0  5 1.00
491 492  0  5 1.00
491 493  0  5 1.00
491 518  0  5 1.00
491 519  0  5 1.00
491 520  0  5 1.00
492 493  0  5 1.00
492 494  0  5 1.00
492 520  0  5 1.00
493 494  0  5 1.00
493 495  0  5 1.00
493 520  0  5 1.00
493 521  0  5 1.00
493 522  0  5 1.00
494 495  0  5 1.00
494 496  0  5 1.00
495 496  0  5 1.00
495 497  0  5 1.00
495 498  0  5 1.00
495 499  0  5 1.00
496 497  0  5 1.00
496 498  0  5 1.00
497 498  0  5 1.00
497 499  0  5 1.00
498 499  0  5 1.00
498 500  0  5 1.00
498 501  0  5 1.00
499 500  0  5 1.00
499 501  0  5 1.00
500 501  0  5 1.00
500 502  0  5 1.00
501 502  0  5 1.00
501 503  0  5 1.00
502 503  0  5 1.00
502 504  0  5 1.00
503 504  0  5 1.00
503 505  0  5 1.00
504 505  0  5 1.00
504 506  0  5 1.00
504 522  0  5 1.00
505 506  0  5 1.00
505 507  0  5 1.00
506 507  0  5 1.00
506 508  0  5 1.00
507 508  0  5 1.00
507 509  0  5 1.00
507 510  0  5 1.00
507 511  0  5 1.00
508 509  0  5 1.00
508 510  0  5 1.00
509 510  0  5 1.00
509 511  0  5 1.00
510 511  0  5 1.00
510 512  0  5 1.00
510 513  0  5 1.00
510 514  0  5 1.00
511 512  0  5 1.00
511 513  0  5 1.00
511 514  0  5 1.00
512 513  0  5 1.00
512 514  0  5 1.00
512 517  0  5 1.00
513 514  0  5 1.00
513 515  0  5 1.00
514 515  0  5 1.00
514 516  0  5 1.00
514 517  0  5 1.00
515 516  0  5 1.00
515 517  0  5 1.00
516 517  0  5 1.00
516 518  0  5 1.00
517 518  0  5 1.00
517 519  0  5 1.00
517 598  0  5 1.00
518 519  0  5 1.00
518 520  0  5 1.00
518 598  0  5 1.00
519 520  0  5 1.00
519 521  0  5 1.00
519 596  0  5 1.00
519 597  0  5 1.00
519 598  0  5 1.00
520 521  0  5 1.00
520 522  0  5 1.00
520 596  0  5 1.00
520 597  0  5 1.00
520 598  0  5 1.00
521 522  0  5 1.00
521 523  0  5 1.00
521 594  0  5 1.00
521 595  0  5 1.00
521 596  0  5 1.00
522 523  0  5 1.00
522 524  0  5 1.00
522 594  0  5 1.00
522 595  0  5 1.00
522 596  0  5 1.00
523 524  0  5 1.00
523 525  0  5 1.00
523 592  0  5 1.00
523 593  0  5 1.00
523 594  0  5 1.00
524 525  0  5 1.00
524 526  0  5 1.00
524 592  0  5 1.00
524 593  0  5 1.00
524 594  0  5 1.00
525 526  0  5 1.00
525 527  0  5 1.00
525 590  0  5 1.00
525 591  0  5 1.00
525 592  0  5 1.00
525 593  0  5 1.00
526 527  0  5 1.00
526 528  0  5 1.00
526 539  0  5 1.00
526 540  0  5 1.00
526 541  0  5 1.00
526 542  0  5 1.00
526 590  0  5 1.00
526 591  0  5 1.00
527 528  0  5 1.00
527 529  0  5 1.00
527 539  0  5 1.00
527 540  0  5 1.00
527 541  0  5 1.00
527 588  0  5 1.00
527 589  0  5 1.00
527 590  0  5 1.00
527 591  0  5 1.00
528 529  0  5 1.00
528 530  0  5 1.00
528 537  0  5 1.00
528 538  0  5 1.00
528 539  0  5 1.00
528 540  0  5 1.00
528 588  0  5 1.00
528 589  0  5 1.00
529 530  0  5 1.00
529 531  0  5 1.00
529 537  0  5 1.00
529 538  0  5 1.00
529 539  0  5 1.00
529 587  0  5 1.00
529 588  0  5 1.00
529 589  0  5 1.00
530 531  0  5 1.00
530 532  0  5 1.00
530 537  0  5 1.00
530 586  0  5 1.00
530 587  0  5 1.00
530 588  0  5 1.00
531 532  0  5 1.00
531 533  0  5 1.00
531 585  0  5 1.00
531 586  0  5 1.00
531 587  0  5 1.00
532 533  0  5 1.00
532 534  0  5 1.00
532 536  0  5 1.00
532 582  0  5 1.00
532 585  0  5 1.00
532 586  0  5 1.00
533 534  0  5 1.00
533 535  0  5 1.00
533 582  0  5 1.00
533 584  0  5 1.00
533 585  0  5 1.00
534 535  0  5 1.00
534 536  0  5 1.00
534 580  0  5 1.00
534 581  0  5 1.00
534 582  0  5 1.00
534 583  0  5 1.00
535 536  0  5 1.00
535 537  0  5 1.00
535 580  0  5 1.00
535 581  0  5 1.00
535 582  0  5 1.00
536 537  0  5 1.00
536 538  0  5 1.00
536 578  0  5 1.00
536 579  0  5 1.00
536 580  0  5 1.00
536 581  0  5 1.00
537 538  0  5 1.00
537 539  0  5 1.00
537 578  0  5 1.00
537 579  0  5 1.00
537 580  0  5 1.00
538 539  0  5 1.00
538 540  0  5 1.00
538 576  0  5 1.00
538 577  0  5 1.00
538 578  0  5 1.00
538 579  0  5 1.00
538 580  0  5 1.00
539 540  0  5 1.00
539 541  0  5 1.00
539 576  0  5 1.00
539 577  0  5 1.00
540 541  0  5 1.00
540 542  0  5 1.00
540 575  0  5 1.00
540 576  0  5 1.00
541 542  0  5 1.00
541 543  0  5 1.00
542 543  0  5 1.00
542 544  0  5 1.00
542 574  0  5 1.00
542 575  0  5 1.00
542 576  0  5 1.00
543 544  0  5 1.00
543 545  0  5 1.00
543 546  0  5 1.00
543 573  0  5 1.00
543 574  0  5 1.00
543 575  0  5 1.00
544 545  0  5 1.00
544 546  0  5 1.00
544 574  0  5 1.00
545 546  0  5 1.00
545 547  0  5 1.00
545 548  0  5 1.00
545 574  0  5 1.00
545 575  0  5 1.00
546 547  0  5 1.00
546 548  0  5 1.00
546 571  0  5 1.00
546 574  0  5 1.00
547 548  0  5 1.00
547 549  0  5 1.00
547 597  0  5 1.00
547 598  0  5 1.00
548 549  0  5 1.00
548 550  0  5 1.00
548 569  0  5 1.00
548 570  0  5 1.00
548 597  0  5 1.00
548 598  0  5 1.00
549 550  0  5 1.00
549 551  0  5 1.00
549 568  0  5 1.00
549 569  0  5 1.00
549 570  0  5 1.00
549 597  0  5 1.00
549 598  0  5 1.00
550 551  0  5 1.00
550 552  0  5 1.00
550 568  0  5 1.00
550 569  0  5 1.00
550 595  0  5 1.00
550 596  0  5 1.00
550 597  0  5 1.00
551 552  0  5 1.00
551 553  0  5 1.00
551 566  0  5 1.00
551 567  0  5 1.00
551 568  0  5 1.00
551 595  0  5 1.00
551 596  0  5 1.00
551 597  0  5 1.00
552 553  0  5 1.00
552 554  0  5 1.00
552 566  0  5 1.00
552 567  0  5 1.00
552 568  0  5 1.00
552 593  0  5 1.00
552 594  0  5 1.00
552 595  0  5 1.00
553 554  0  5 1.00
553 555  0  5 1.00
553 566  0  5 1.00
553 593  0  5 1.00
553 594  0  5 1.00
554 555  0  5 1.00
554 556  0  5 1.00
554 593  0  5 1.00
554 594  0  5 1.00
554 595  0  5 1.00
555 556  0  5 1.00
555 557  0  5 1.00
555 593  0  5 1.00
556 557  0  5 1.00
556 558  0  5 1.00
557 558  0  5 1.00
557 559  0  5 1.00
558 559  0  5 1.00
558 560  0  5 1.00
559 560  0  5 1.00
559 561  0  5 1.00
559 562  0  5 1.00
560 561  0  5 1.00
560 562  0  5 1.00
561 562  0  5 1.00
561 563  0  5 1.00
561 581  0  5 1.00
561 582  0  5 1.00
561 583  0  5 1.00
561 584  0  5 1.00
562 563  0  5 1.00
562 564  0  5 1.00
562 581  0  5 1.00
562 582  0  5 1.00
562 583  0  5 1.00
563 564  0  5 1.00
563 565  0  5 1.00
563 580  0  5 1.00
563 581  0  5 1.00
564 565  0  5 1.00
564 566  0  5 1.00
564 580  0  5 1.00
565 566  0  5 1.00
565 567  0  5 1.00
565 579  0  5 1.00
565 580  0  5 1.00
566 567  0  5 1.00
566 568  0  5 1.00
567 568  0  5 1.00
567 569  0  5 1.00
567 577  0  5 1.00
567 578  0  5 1.00
567 579  0  5 1.00
568 569  0  5 1.00
568 570  0  5 1.00
568 577  0  5 1.00
568 578  0  5 1.00
569 570  0  5 1.00
569 571  0  5 1.00
569 575  0  5 1.00
569 576  0  5 1.00
569 577  0  5 1.00
569 578  0  5 1.00
570 571  0  5 1.00
570 572  0  5 1.00
570 575  0  5 1.00
570 576  0  5 1.00
570 577  0  5 1.00
571 572  0  5 1.00
571 573  0  5 1.00
571 574  0  5 1.00
571 575  0  5 1.00
572 573  0  5 1.00
572 574  0  5 1.00
573 574  0  5 1.00
573 575  0  5 1.00
574 575  0  5 1.00
574 576  0  5 1.00
575 576  0  5 1.00
575 577  0  5 1.00
576 577  0  5 1.00
576 578  0  5 1.00
577 578  0  5 1.00
577 579  0  5 1.00
578 579  0  5 1.00
578 580  0  5 1.00
579 580  0  5 1.00
579 581  0  5 1.00
580 581  0  5 1.00
580 582  0  5 1.00
581 582  0  5 1.00
581 583  0  5 1.00
582 583  0  5 1.00
582 584  0  5 1.00
582 585  0  5 1.00
583 584  0  5 1.00
583 585  0  5 1.00
584 585  0  5 1.00
584 586  0  5 1.00
585 586  0  5 1.00
585 587  0  5 1.00
586 587  0  5 1.00
586 588  0  5 1.00
587 588  0  5 1.00
587 589  0  5 1.00
588 589  0  5 1.00
588 590  0  5 1.00
589 590  0  5 1.00
589 591  0  5 1.00
590 591  0  5 1.00
590 592  0  5 1.00
591 592  0  5 1.00
591 593  0  5 1.00
592 593  0  5 1.00
592 594  0  5 1.00
593 594  0  5 1.00
593 595  0  5 1.00
594 595  0  5 1.00
594 596  0  5 1.00
595 596  0  5 1.00
595 597  0  5 1.00
596 597  0  5 1.00
596 598  0  5 1.00
597 598  0  5 1.00
597 599  0  5 1.00
597 600  0  5 1.00
598 599  0  5 1.00
598 600  0  5 1.00
599 600  0  5 1.00
END
HELX_P HELX_P1  1  GLN A 4   ? SER A 11  ? GLN A 113 SER A 120 1 ? 8  
HELX_P HELX_P2  2  GLU A 13  ? HIS A 17  ? GLU A 122 HIS A 126 5 ? 5  
HELX_P HELX_P3  3  GLN A 21  ? ASN A 25  ? GLN A 130 ASN A 134 5 ? 5  
HELX_P HELX_P4  4  VAL A 33  ? ASP A 38  ? VAL A 142 ASP A 147 1 ? 6  
HELX_P HELX_P5  5  LEU A 43  ? PHE A 46  ? LEU A 152 PHE A 155 5 ? 4  
HELX_P HELX_P6  6  SER A 63  ? ASN A 77  ? SER A 172 ASN A 186 1 ? 15 
HELX_P HELX_P7  7  ILE A 100 ? HIS A 103 ? ILE A 209 HIS A 212 5 ? 4  
HELX_P HELX_P8  8  PRO A 125 ? ASP A 128 ? PRO A 234 ASP A 237 5 ? 4  
HELX_P HELX_P9  9  ASP A 142 ? SER A 146 ? ASP A 251 SER A 255 5 ? 5  
HELX_P HELX_P10 10 PHE A 254 ? ILE A 258 ? PHE A 363 ILE A 367 1 ? 5  
HELX_P HELX_P11 11 HIS A 288 ? ALA A 292 ? HIS A 397 ALA A 401 5 ? 5  
HELX_P HELX_P12 12 ASN A 510 ? GLY A 514 ? ASN A 619 GLY A 623 5 ? 5  