4l8n 457
  6   7  0  5 1.00
  6   8  0  5 1.00
  6 102  0  5 1.00
  7   8  0  5 1.00
  7   9  0  5 1.00
  7 100  0  5 1.00
  7 101  0  5 1.00
  7 102  0  5 1.00
  8   9  0  5 1.00
  8  10  0  5 1.00
  8 100  0  5 1.00
  8 101  0  5 1.00
  8 102  0  5 1.00
  9  10  0  5 1.00
  9  11  0  5 1.00
  9  98  0  5 1.00
  9  99  0  5 1.00
  9 100  0  5 1.00
  9 101  0  5 1.00
  9 102  0  5 1.00
 10  11  0  5 1.00
 10  12  0  5 1.00
 10  98  0  5 1.00
 10  99  0  5 1.00
 11  12  0  5 1.00
 11  13  0  5 1.00
 11  97  0  5 1.00
 11  98  0  5 1.00
 12  13  0  5 1.00
 12  14  0  5 1.00
 13  14  0  5 1.00
 13  15  0  5 1.00
 13  33  0  5 1.00
 13  34  0  5 1.00
 13  35  0  5 1.00
 13  40  0  5 1.00
 13  41  0  5 1.00
 14  15  0  5 1.00
 14  16  0  5 1.00
 14  33  0  5 1.00
 14  34  0  5 1.00
 14  35  0  5 1.00
 15  16  0  5 1.00
 15  17  0  5 1.00
 15  30  0  5 1.00
 15  31  0  5 1.00
 15  32  0  5 1.00
 15  33  0  5 1.00
 16  17  0  5 1.00
 16  18  0  5 1.00
 16  30  0  5 1.00
 16  31  0  5 1.00
 16  32  0  5 1.00
 17  18  0  5 1.00
 17  19  0  5 1.00
 17  28  0  5 1.00
 17  29  0  5 1.00
 17  30  0  5 1.00
 18  19  0  5 1.00
 18  20  0  5 1.00
 18  28  0  5 1.00
 18  29  0  5 1.00
 19  20  0  5 1.00
 19  21  0  5 1.00
 19  25  0  5 1.00
 19  26  0  5 1.00
 19  27  0  5 1.00
 19  28  0  5 1.00
 19  29  0  5 1.00
 19  30  0  5 1.00
 20  21  0  5 1.00
 20  22  0  5 1.00
 21  22  0  5 1.00
 21  23  0  5 1.00
 21  24  0  5 1.00
 21  25  0  5 1.00
 21  26  0  5 1.00
 21 292  0  5 1.00
 22  23  0  5 1.00
 22  24  0  5 1.00
 22 139  0  5 1.00
 22 140  0  5 1.00
 23  24  0  5 1.00
 23  25  0  5 1.00
 23 140  0  5 1.00
 23 141  0  5 1.00
 23 142  0  5 1.00
 23 143  0  5 1.00
 23 290  0  5 1.00
 24  25  0  5 1.00
 24  26  0  5 1.00
 24 290  0  5 1.00
 25  26  0  5 1.00
 25  27  0  5 1.00
 25  28  0  5 1.00
 26  27  0  5 1.00
 26  28  0  5 1.00
 27  28  0  5 1.00
 27  29  0  5 1.00
 27  59  0  5 1.00
 28  29  0  5 1.00
 28  30  0  5 1.00
 28  51  0  5 1.00
 29  30  0  5 1.00
 29  31  0  5 1.00
 29  49  0  5 1.00
 29  50  0  5 1.00
 29  51  0  5 1.00
 30  31  0  5 1.00
 30  32  0  5 1.00
 30  49  0  5 1.00
 30  50  0  5 1.00
 31  32  0  5 1.00
 31  33  0  5 1.00
 31  46  0  5 1.00
 31  47  0  5 1.00
 31  48  0  5 1.00
 31  49  0  5 1.00
 32  33  0  5 1.00
 32  34  0  5 1.00
 32  47  0  5 1.00
 32  48  0  5 1.00
 33  34  0  5 1.00
 33  35  0  5 1.00
 34  35  0  5 1.00
 34  36  0  5 1.00
 35  36  0  5 1.00
 35  37  0  5 1.00
 35  38  0  5 1.00
 35  41  0  5 1.00
 36  37  0  5 1.00
 36  38  0  5 1.00
 37  38  0  5 1.00
 37  39  0  5 1.00
 38  39  0  5 1.00
 38  40  0  5 1.00
 38  41  0  5 1.00
 38  42  0  5 1.00
 39  40  0  5 1.00
 39  41  0  5 1.00
 39  42  0  5 1.00
 39  43  0  5 1.00
 39  96  0  5 1.00
 40  41  0  5 1.00
 40  42  0  5 1.00
 40  43  0  5 1.00
 40  44  0  5 1.00
 40  45  0  5 1.00
 40  96  0  5 1.00
 41  42  0  5 1.00
 41  43  0  5 1.00
 41  44  0  5 1.00
 41  45  0  5 1.00
 42  43  0  5 1.00
 42  44  0  5 1.00
 43  44  0  5 1.00
 43  45  0  5 1.00
 43  94  0  5 1.00
 44  45  0  5 1.00
 44  46  0  5 1.00
 45  46  0  5 1.00
 45  47  0  5 1.00
 46  47  0  5 1.00
 46  48  0  5 1.00
 46  49  0  5 1.00
 47  48  0  5 1.00
 47  49  0  5 1.00
 48  49  0  5 1.00
 48  50  0  5 1.00
 48  84  0  5 1.00
 49  50  0  5 1.00
 49  51  0  5 1.00
 49  84  0  5 1.00
 50  51  0  5 1.00
 50  52  0  5 1.00
 50  82  0  5 1.00
 50  83  0  5 1.00
 50  84  0  5 1.00
 51  52  0  5 1.00
 51  53  0  5 1.00
 51  82  0  5 1.00
 51  83  0  5 1.00
 52  53  0  5 1.00
 52  54  0  5 1.00
 52  57  0  5 1.00
 52  58  0  5 1.00
 52  59  0  5 1.00
 52  60  0  5 1.00
 52  82  0  5 1.00
 52  83  0  5 1.00
 53  54  0  5 1.00
 53  55  0  5 1.00
 53  56  0  5 1.00
 53  57  0  5 1.00
 53  58  0  5 1.00
 53  59  0  5 1.00
 53  80  0  5 1.00
 53  81  0  5 1.00
 53  82  0  5 1.00
 54  55  0  5 1.00
 54  56  0  5 1.00
 54  57  0  5 1.00
 54  58  0  5 1.00
 54  80  0  5 1.00
 55  56  0  5 1.00
 55  57  0  5 1.00
 55  80  0  5 1.00
 55  81  0  5 1.00
 56  57  0  5 1.00
 56  58  0  5 1.00
 56  80  0  5 1.00
 57  58  0  5 1.00
 57  59  0  5 1.00
 58  59  0  5 1.00
 58  60  0  5 1.00
 58  61  0  5 1.00
 58  62  0  5 1.00
 59  60  0  5 1.00
 59  61  0  5 1.00
 59  62  0  5 1.00
 60  61  0  5 1.00
 60  62  0  5 1.00
 61  62  0  5 1.00
 61  63  0  5 1.00
 62  63  0  5 1.00
 62  64  0  5 1.00
 63  64  0  5 1.00
 63  65  0  5 1.00
 63  66  0  5 1.00
 63  67  0  5 1.00
 64  65  0  5 1.00
 64  66  0  5 1.00
 64  67  0  5 1.00
 64  68  0  5 1.00
 65  66  0  5 1.00
 65  67  0  5 1.00
 65  68  0  5 1.00
 66  67  0  5 1.00
 66  68  0  5 1.00
 66  69  0  5 1.00
 66  70  0  5 1.00
 67  68  0  5 1.00
 67  69  0  5 1.00
 67  70  0  5 1.00
 67  71  0  5 1.00
 68  69  0  5 1.00
 68  70  0  5 1.00
 68  71  0  5 1.00
 68  72  0  5 1.00
 69  70  0  5 1.00
 69  71  0  5 1.00
 69  72  0  5 1.00
 69  73  0  5 1.00
 70  71  0  5 1.00
 70  72  0  5 1.00
 70  73  0  5 1.00
 71  72  0  5 1.00
 71  73  0  5 1.00
 72  73  0  5 1.00
 72  74  0  5 1.00
 73  74  0  5 1.00
 73  75  0  5 1.00
 73  76  0  5 1.00
 74  75  0  5 1.00
 74  76  0  5 1.00
 75  76  0  5 1.00
 75  77  0  5 1.00
 76  77  0  5 1.00
 76  78  0  5 1.00
 77  78  0  5 1.00
 77  79  0  5 1.00
 77  95  0  5 1.00
 77  96  0  5 1.00
 77  97  0  5 1.00
 78  79  0  5 1.00
 78  80  0  5 1.00
 78  95  0  5 1.00
 78  96  0  5 1.00
 79  80  0  5 1.00
 79  81  0  5 1.00
 79  93  0  5 1.00
 79  94  0  5 1.00
 79  95  0  5 1.00
 80  81  0  5 1.00
 80  82  0  5 1.00
 80  93  0  5 1.00
 80  94  0  5 1.00
 80  95  0  5 1.00
 81  82  0  5 1.00
 81  83  0  5 1.00
 81  91  0  5 1.00
 81  92  0  5 1.00
 81  93  0  5 1.00
 81  94  0  5 1.00
 82  83  0  5 1.00
 82  84  0  5 1.00
 82  91  0  5 1.00
 82  92  0  5 1.00
 82  93  0  5 1.00
 83  84  0  5 1.00
 83  85  0  5 1.00
 83  88  0  5 1.00
 83  89  0  5 1.00
 83  90  0  5 1.00
 83  91  0  5 1.00
 84  85  0  5 1.00
 84  86  0  5 1.00
 84  88  0  5 1.00
 84  89  0  5 1.00
 84  90  0  5 1.00
 85  86  0  5 1.00
 85  87  0  5 1.00
 85  88  0  5 1.00
 85  89  0  5 1.00
 86  87  0  5 1.00
 86  88  0  5 1.00
 86 175  0  5 1.00
 86 176  0  5 1.00
 86 177  0  5 1.00
 87  88  0  5 1.00
 87  89  0  5 1.00
 87 175  0  5 1.00
 87 176  0  5 1.00
 88  89  0  5 1.00
 88  90  0  5 1.00
 89  90  0  5 1.00
 89  91  0  5 1.00
 90  91  0  5 1.00
 90  92  0  5 1.00
 91  92  0  5 1.00
 91  93  0  5 1.00
 92  93  0  5 1.00
 92  94  0  5 1.00
 93  94  0  5 1.00
 93  95  0  5 1.00
 94  95  0  5 1.00
 94  96  0  5 1.00
 95  96  0  5 1.00
 95  97  0  5 1.00
 96  97  0  5 1.00
 96  98  0  5 1.00
 97  98  0  5 1.00
 97  99  0  5 1.00
 98  99  0  5 1.00
 98 100  0  5 1.00
 99 100  0  5 1.00
 99 101  0  5 1.00
100 101  0  5 1.00
100 102  0  5 1.00
101 102  0  5 1.00
101 103  0  5 1.00
101 104  0  5 1.00
102 103  0  5 1.00
102 104  0  5 1.00
103 104  0  5 1.00
103 105  0  5 1.00
103 314  0  5 1.00
103 315  0  5 1.00
103 316  0  5 1.00
104 105  0  5 1.00
104 106  0  5 1.00
104 314  0  5 1.00
105 106  0  5 1.00
105 107  0  5 1.00
105 312  0  5 1.00
105 313  0  5 1.00
105 314  0  5 1.00
105 315  0  5 1.00
105 316  0  5 1.00
106 107  0  5 1.00
106 108  0  5 1.00
106 109  0  5 1.00
106 110  0  5 1.00
106 312  0  5 1.00
106 313  0  5 1.00
106 314  0  5 1.00
107 108  0  5 1.00
107 109  0  5 1.00
107 110  0  5 1.00
107 111  0  5 1.00
107 312  0  5 1.00
108 109  0  5 1.00
108 110  0  5 1.00
108 111  0  5 1.00
108 112  0  5 1.00
109 110  0  5 1.00
109 111  0  5 1.00
109 112  0  5 1.00
109 113  0  5 1.00
110 111  0  5 1.00
110 112  0  5 1.00
110 113  0  5 1.00
110 114  0  5 1.00
110 115  0  5 1.00
111 112  0  5 1.00
111 113  0  5 1.00
111 114  0  5 1.00
111 115  0  5 1.00
112 113  0  5 1.00
112 114  0  5 1.00
112 115  0  5 1.00
113 114  0  5 1.00
113 115  0  5 1.00
114 115  0  5 1.00
114 117  0  5 1.00
114 118  0  5 1.00
115 117  0  5 1.00
115 118  0  5 1.00
115 119  0  5 1.00
115 122  0  5 1.00
117 118  0  5 1.00
117 119  0  5 1.00
118 119  0  5 1.00
118 120  0  5 1.00
118 121  0  5 1.00
118 122  0  5 1.00
119 120  0  5 1.00
119 121  0  5 1.00
119 122  0  5 1.00
119 123  0  5 1.00
120 121  0  5 1.00
120 122  0  5 1.00
121 122  0  5 1.00
121 123  0  5 1.00
121 304  0  5 1.00
121 305  0  5 1.00
121 306  0  5 1.00
122 123  0  5 1.00
122 124  0  5 1.00
122 304  0  5 1.00
122 305  0  5 1.00
122 306  0  5 1.00
123 124  0  5 1.00
123 125  0  5 1.00
123 302  0  5 1.00
123 303  0  5 1.00
123 304  0  5 1.00
124 125  0  5 1.00
124 126  0  5 1.00
124 302  0  5 1.00
124 303  0  5 1.00
124 380  0  5 1.00
124 381  0  5 1.00
125 126  0  5 1.00
125 127  0  5 1.00
125 300  0  5 1.00
125 301  0  5 1.00
125 302  0  5 1.00
125 380  0  5 1.00
125 381  0  5 1.00
126 127  0  5 1.00
126 128  0  5 1.00
126 300  0  5 1.00
126 301  0  5 1.00
126 302  0  5 1.00
126 381  0  5 1.00
127 128  0  5 1.00
127 129  0  5 1.00
127 298  0  5 1.00
127 299  0  5 1.00
127 300  0  5 1.00
128 129  0  5 1.00
128 130  0  5 1.00
128 298  0  5 1.00
128 299  0  5 1.00
128 300  0  5 1.00
129 130  0  5 1.00
129 131  0  5 1.00
129 296  0  5 1.00
129 297  0  5 1.00
129 298  0  5 1.00
130 131  0  5 1.00
130 132  0  5 1.00
130 263  0  5 1.00
130 264  0  5 1.00
130 265  0  5 1.00
130 296  0  5 1.00
131 132  0  5 1.00
131 133  0  5 1.00
131 263  0  5 1.00
131 264  0  5 1.00
131 295  0  5 1.00
131 296  0  5 1.00
131 297  0  5 1.00
131 298  0  5 1.00
132 133  0  5 1.00
132 134  0  5 1.00
132 261  0  5 1.00
132 262  0  5 1.00
132 263  0  5 1.00
132 264  0  5 1.00
132 295  0  5 1.00
132 296  0  5 1.00
133 134  0  5 1.00
133 135  0  5 1.00
133 261  0  5 1.00
133 262  0  5 1.00
133 263  0  5 1.00
133 294  0  5 1.00
133 295  0  5 1.00
133 296  0  5 1.00
134 135  0  5 1.00
134 136  0  5 1.00
134 259  0  5 1.00
134 260  0  5 1.00
134 261  0  5 1.00
135 136  0  5 1.00
135 137  0  5 1.00
135 258  0  5 1.00
135 259  0  5 1.00
135 260  0  5 1.00
136 137  0  5 1.00
136 138  0  5 1.00
136 258  0  5 1.00
136 259  0  5 1.00
136 260  0  5 1.00
137 138  0  5 1.00
137 139  0  5 1.00
138 139  0  5 1.00
138 140  0  5 1.00
139 140  0  5 1.00
139 141  0  5 1.00
140 141  0  5 1.00
140 142  0  5 1.00
141 142  0  5 1.00
141 143  0  5 1.00
141 144  0  5 1.00
141 145  0  5 1.00
142 143  0  5 1.00
142 144  0  5 1.00
142 145  0  5 1.00
143 144  0  5 1.00
143 145  0  5 1.00
144 145  0  5 1.00
144 146  0  5 1.00
145 146  0  5 1.00
145 147  0  5 1.00
146 147  0  5 1.00
146 148  0  5 1.00
146 176  0  5 1.00
146 177  0  5 1.00
146 178  0  5 1.00
147 148  0  5 1.00
147 149  0  5 1.00
147 178  0  5 1.00
147 184  0  5 1.00
147 185  0  5 1.00
147 186  0  5 1.00
148 149  0  5 1.00
148 150  0  5 1.00
148 178  0  5 1.00
148 179  0  5 1.00
148 180  0  5 1.00
148 181  0  5 1.00
148 184  0  5 1.00
148 185  0  5 1.00
148 186  0  5 1.00
149 150  0  5 1.00
149 151  0  5 1.00
149 180  0  5 1.00
149 186  0  5 1.00
149 187  0  5 1.00
149 188  0  5 1.00
150 151  0  5 1.00
150 152  0  5 1.00
150 188  0  5 1.00
151 152  0  5 1.00
151 153  0  5 1.00
151 188  0  5 1.00
152 153  0  5 1.00
152 154  0  5 1.00
153 154  0  5 1.00
153 155  0  5 1.00
154 155  0  5 1.00
154 156  0  5 1.00
154 157  0  5 1.00
154 158  0  5 1.00
155 156  0  5 1.00
155 157  0  5 1.00
155 158  0  5 1.00
156 157  0  5 1.00
156 158  0  5 1.00
157 158  0  5 1.00
157 159  0  5 1.00
157 160  0  5 1.00
157 161  0  5 1.00
157 162  0  5 1.00
158 159  0  5 1.00
158 160  0  5 1.00
158 161  0  5 1.00
158 162  0  5 1.00
159 160  0  5 1.00
159 161  0  5 1.00
159 162  0  5 1.00
159 163  0  5 1.00
160 161  0  5 1.00
160 162  0  5 1.00
160 163  0  5 1.00
160 164  0  5 1.00
161 162  0  5 1.00
161 163  0  5 1.00
161 164  0  5 1.00
161 165  0  5 1.00
161 166  0  5 1.00
162 163  0  5 1.00
162 164  0  5 1.00
162 165  0  5 1.00
162 166  0  5 1.00
163 164  0  5 1.00
163 165  0  5 1.00
163 166  0  5 1.00
163 167  0  5 1.00
164 165  0  5 1.00
164 166  0  5 1.00
164 167  0  5 1.00
164 168  0  5 1.00
165 166  0  5 1.00
165 167  0  5 1.00
165 168  0  5 1.00
165 169  0  5 1.00
165 170  0  5 1.00
166 167  0  5 1.00
166 168  0  5 1.00
166 169  0  5 1.00
166 170  0  5 1.00
167 168  0  5 1.00
167 169  0  5 1.00
167 170  0  5 1.00
167 171  0  5 1.00
168 169  0  5 1.00
168 170  0  5 1.00
168 171  0  5 1.00
168 172  0  5 1.00
168 173  0  5 1.00
169 170  0  5 1.00
169 171  0  5 1.00
169 172  0  5 1.00
169 173  0  5 1.00
169 174  0  5 1.00
170 171  0  5 1.00
170 172  0  5 1.00
170 173  0  5 1.00
170 174  0  5 1.00
171 172  0  5 1.00
171 173  0  5 1.00
171 174  0  5 1.00
171 175  0  5 1.00
172 173  0  5 1.00
172 174  0  5 1.00
172 175  0  5 1.00
172 176  0  5 1.00
172 177  0  5 1.00
173 174  0  5 1.00
173 175  0  5 1.00
173 176  0  5 1.00
173 177  0  5 1.00
174 175  0  5 1.00
174 176  0  5 1.00
175 176  0  5 1.00
175 177  0  5 1.00
176 177  0  5 1.00
176 178  0  5 1.00
177 178  0  5 1.00
177 179  0  5 1.00
178 179  0  5 1.00
178 180  0  5 1.00
179 180  0  5 1.00
179 181  0  5 1.00
180 181  0  5 1.00
180 182  0  5 1.00
180 183  0  5 1.00
180 184  0  5 1.00
181 182  0  5 1.00
181 183  0  5 1.00
181 184  0  5 1.00
182 183  0  5 1.00
182 184  0  5 1.00
183 184  0  5 1.00
183 185  0  5 1.00
184 185  0  5 1.00
184 186  0  5 1.00
184 251  0  5 1.00
185 186  0  5 1.00
185 187  0  5 1.00
185 249  0  5 1.00
185 250  0  5 1.00
185 251  0  5 1.00
185 252  0  5 1.00
186 187  0  5 1.00
186 188  0  5 1.00
186 249  0  5 1.00
186 250  0  5 1.00
186 251  0  5 1.00
187 188  0  5 1.00
187 189  0  5 1.00
187 247  0  5 1.00
187 248  0  5 1.00
187 249  0  5 1.00
188 189  0  5 1.00
188 190  0  5 1.00
188 247  0  5 1.00
188 248  0  5 1.00
189 190  0  5 1.00
189 191  0  5 1.00
189 245  0  5 1.00
189 246  0  5 1.00
189 247  0  5 1.00
190 191  0  5 1.00
190 192  0  5 1.00
190 245  0  5 1.00
190 246  0  5 1.00
190 247  0  5 1.00
191 192  0  5 1.00
191 193  0  5 1.00
191 243  0  5 1.00
191 244  0  5 1.00
191 245  0  5 1.00
192 193  0  5 1.00
192 194  0  5 1.00
192 243  0  5 1.00
192 244  0  5 1.00
192 245  0  5 1.00
193 194  0  5 1.00
193 195  0  5 1.00
193 241  0  5 1.00
193 242  0  5 1.00
193 243  0  5 1.00
193 244  0  5 1.00
194 195  0  5 1.00
194 196  0  5 1.00
194 241  0  5 1.00
194 242  0  5 1.00
194 243  0  5 1.00
195 196  0  5 1.00
195 197  0  5 1.00
195 239  0  5 1.00
195 240  0  5 1.00
195 241  0  5 1.00
196 197  0  5 1.00
196 198  0  5 1.00
196 239  0  5 1.00
196 240  0  5 1.00
196 241  0  5 1.00
197 198  0  5 1.00
197 199  0  5 1.00
197 200  0  5 1.00
197 238  0  5 1.00
197 239  0  5 1.00
197 240  0  5 1.00
197 241  0  5 1.00
198 199  0  5 1.00
198 200  0  5 1.00
199 200  0  5 1.00
199 201  0  5 1.00
199 235  0  5 1.00
199 236  0  5 1.00
200 201  0  5 1.00
200 202  0  5 1.00
200 236  0  5 1.00
200 238  0  5 1.00
201 202  0  5 1.00
201 203  0  5 1.00
201 236  0  5 1.00
202 203  0  5 1.00
202 204  0  5 1.00
203 204  0  5 1.00
203 236  0  5 1.00
203 237  0  5 1.00
209 210  0  5 1.00
209 211  0  5 1.00
210 211  0  5 1.00
210 212  0  5 1.00
211 212  0  5 1.00
211 213  0  5 1.00
211 230  0  5 1.00
212 213  0  5 1.00
212 214  0  5 1.00
213 214  0  5 1.00
213 215  0  5 1.00
213 224  0  5 1.00
213 225  0  5 1.00
213 226  0  5 1.00
213 228  0  5 1.00
214 215  0  5 1.00
214 216  0  5 1.00
214 224  0  5 1.00
214 225  0  5 1.00
214 226  0  5 1.00
215 216  0  5 1.00
215 217  0  5 1.00
215 222  0  5 1.00
215 224  0  5 1.00
216 217  0  5 1.00
216 218  0  5 1.00
216 222  0  5 1.00
216 224  0  5 1.00
217 218  0  5 1.00
217 219  0  5 1.00
217 220  0  5 1.00
217 221  0  5 1.00
217 222  0  5 1.00
218 219  0  5 1.00
218 220  0  5 1.00
218 221  0  5 1.00
219 220  0  5 1.00
219 221  0  5 1.00
220 221  0  5 1.00
220 222  0  5 1.00
221 222  0  5 1.00
222 224  0  5 1.00
224 225  0  5 1.00
224 226  0  5 1.00
225 226  0  5 1.00
225 227  0  5 1.00
226 227  0  5 1.00
226 228  0  5 1.00
227 228  0  5 1.00
227 229  0  5 1.00
228 229  0  5 1.00
228 230  0  5 1.00
229 230  0  5 1.00
229 231  0  5 1.00
230 231  0  5 1.00
230 232  0  5 1.00
230 233  0  5 1.00
231 232  0  5 1.00
231 233  0  5 1.00
231 234  0  5 1.00
231 235  0  5 1.00
232 233  0  5 1.00
232 234  0  5 1.00
232 235  0  5 1.00
232 236  0  5 1.00
233 234  0  5 1.00
233 235  0  5 1.00
233 236  0  5 1.00
233 237  0  5 1.00
234 235  0  5 1.00
234 236  0  5 1.00
234 237  0  5 1.00
234 238  0  5 1.00
235 236  0  5 1.00
235 237  0  5 1.00
235 238  0  5 1.00
236 237  0  5 1.00
236 238  0  5 1.00
237 238  0  5 1.00
237 239  0  5 1.00
238 239  0  5 1.00
238 240  0  5 1.00
238 268  0  5 1.00
239 240  0  5 1.00
239 241  0  5 1.00
239 268  0  5 1.00
239 269  0  5 1.00
240 241  0  5 1.00
240 242  0  5 1.00
240 266  0  5 1.00
240 267  0  5 1.00
240 268  0  5 1.00
241 242  0  5 1.00
241 243  0  5 1.00
241 266  0  5 1.00
241 268  0  5 1.00
242 243  0  5 1.00
242 244  0  5 1.00
242 264  0  5 1.00
242 265  0  5 1.00
242 266  0  5 1.00
243 244  0  5 1.00
243 245  0  5 1.00
243 264  0  5 1.00
243 265  0  5 1.00
244 245  0  5 1.00
244 246  0  5 1.00
244 262  0  5 1.00
244 263  0  5 1.00
244 264  0  5 1.00
245 246  0  5 1.00
245 247  0  5 1.00
245 262  0  5 1.00
245 263  0  5 1.00
245 264  0  5 1.00
246 247  0  5 1.00
246 248  0  5 1.00
246 260  0  5 1.00
246 261  0  5 1.00
246 262  0  5 1.00
247 248  0  5 1.00
247 249  0  5 1.00
247 260  0  5 1.00
247 261  0  5 1.00
248 249  0  5 1.00
248 250  0  5 1.00
248 257  0  5 1.00
248 258  0  5 1.00
248 259  0  5 1.00
248 260  0  5 1.00
248 261  0  5 1.00
249 250  0  5 1.00
249 251  0  5 1.00
249 257  0  5 1.00
249 258  0  5 1.00
249 259  0  5 1.00
250 251  0  5 1.00
250 252  0  5 1.00
250 254  0  5 1.00
250 255  0  5 1.00
250 256  0  5 1.00
250 257  0  5 1.00
250 259  0  5 1.00
251 252  0  5 1.00
251 253  0  5 1.00
251 255  0  5 1.00
251 256  0  5 1.00
252 253  0  5 1.00
252 254  0  5 1.00
252 255  0  5 1.00
253 254  0  5 1.00
253 255  0  5 1.00
254 255  0  5 1.00
254 256  0  5 1.00
254 257  0  5 1.00
255 256  0  5 1.00
255 257  0  5 1.00
256 257  0  5 1.00
256 258  0  5 1.00
257 258  0  5 1.00
257 259  0  5 1.00
258 259  0  5 1.00
258 260  0  5 1.00
259 260  0  5 1.00
259 261  0  5 1.00
260 261  0  5 1.00
260 262  0  5 1.00
261 262  0  5 1.00
261 263  0  5 1.00
262 263  0  5 1.00
262 264  0  5 1.00
263 264  0  5 1.00
263 265  0  5 1.00
264 265  0  5 1.00
264 266  0  5 1.00
265 266  0  5 1.00
265 267  0  5 1.00
266 267  0  5 1.00
266 268  0  5 1.00
267 268  0  5 1.00
267 269  0  5 1.00
268 269  0  5 1.00
268 270  0  5 1.00
269 270  0  5 1.00
269 271  0  5 1.00
270 271  0  5 1.00
270 272  0  5 1.00
271 272  0  5 1.00
271 273  0  5 1.00
272 273  0  5 1.00
272 274  0  5 1.00
273 274  0  5 1.00
273 275  0  5 1.00
273 276  0  5 1.00
273 277  0  5 1.00
274 275  0  5 1.00
274 276  0  5 1.00
274 277  0  5 1.00
274 278  0  5 1.00
275 276  0  5 1.00
275 277  0  5 1.00
275 278  0  5 1.00
275 279  0  5 1.00
276 277  0  5 1.00
276 278  0  5 1.00
276 279  0  5 1.00
276 280  0  5 1.00
277 278  0  5 1.00
277 279  0  5 1.00
277 280  0  5 1.00
277 281  0  5 1.00
277 282  0  5 1.00
278 279  0  5 1.00
278 280  0  5 1.00
278 281  0  5 1.00
278 282  0  5 1.00
278 283  0  5 1.00
279 280  0  5 1.00
279 281  0  5 1.00
279 282  0  5 1.00
279 283  0  5 1.00
280 281  0  5 1.00
280 282  0  5 1.00
280 283  0  5 1.00
280 284  0  5 1.00
281 282  0  5 1.00
281 283  0  5 1.00
281 284  0  5 1.00
281 286  0  5 1.00
282 283  0  5 1.00
282 284  0  5 1.00
282 286  0  5 1.00
283 284  0  5 1.00
283 286  0  5 1.00
284 286  0  5 1.00
284 288  0  5 1.00
286 288  0  5 1.00
286 289  0  5 1.00
288 289  0  5 1.00
288 290  0  5 1.00
288 291  0  5 1.00
288 292  0  5 1.00
289 290  0  5 1.00
289 291  0  5 1.00
290 291  0  5 1.00
290 292  0  5 1.00
291 292  0  5 1.00
291 293  0  5 1.00
292 293  0  5 1.00
292 294  0  5 1.00
293 294  0  5 1.00
293 295  0  5 1.00
294 295  0  5 1.00
294 296  0  5 1.00
295 296  0  5 1.00
295 297  0  5 1.00
296 297  0  5 1.00
296 298  0  5 1.00
297 298  0  5 1.00
297 299  0  5 1.00
298 299  0  5 1.00
298 300  0  5 1.00
299 300  0  5 1.00
299 301  0  5 1.00
299 455  0  5 1.00
299 456  0  5 1.00
299 457  0  5 1.00
300 301  0  5 1.00
300 302  0  5 1.00
300 455  0  5 1.00
300 456  0  5 1.00
300 457  0  5 1.00
301 302  0  5 1.00
301 303  0  5 1.00
301 453  0  5 1.00
301 454  0  5 1.00
301 455  0  5 1.00
301 457  0  5 1.00
302 303  0  5 1.00
302 304  0  5 1.00
302 453  0  5 1.00
302 454  0  5 1.00
303 304  0  5 1.00
303 305  0  5 1.00
303 451  0  5 1.00
303 452  0  5 1.00
303 453  0  5 1.00
304 305  0  5 1.00
304 306  0  5 1.00
304 451  0  5 1.00
304 452  0  5 1.00
305 306  0  5 1.00
305 307  0  5 1.00
305 449  0  5 1.00
305 450  0  5 1.00
305 451  0  5 1.00
306 307  0  5 1.00
306 308  0  5 1.00
306 414  0  5 1.00
306 449  0  5 1.00
306 450  0  5 1.00
307 308  0  5 1.00
307 309  0  5 1.00
307 414  0  5 1.00
307 447  0  5 1.00
307 448  0  5 1.00
307 449  0  5 1.00
308 309  0  5 1.00
308 310  0  5 1.00
308 413  0  5 1.00
308 414  0  5 1.00
308 415  0  5 1.00
308 447  0  5 1.00
308 448  0  5 1.00
309 310  0  5 1.00
309 311  0  5 1.00
309 446  0  5 1.00
309 447  0  5 1.00
309 449  0  5 1.00
310 311  0  5 1.00
310 312  0  5 1.00
310 329  0  5 1.00
310 330  0  5 1.00
310 331  0  5 1.00
310 332  0  5 1.00
311 312  0  5 1.00
311 313  0  5 1.00
311 324  0  5 1.00
311 325  0  5 1.00
311 326  0  5 1.00
311 331  0  5 1.00
312 313  0  5 1.00
312 314  0  5 1.00
312 324  0  5 1.00
312 325  0  5 1.00
313 314  0  5 1.00
313 315  0  5 1.00
313 321  0  5 1.00
313 322  0  5 1.00
313 323  0  5 1.00
313 324  0  5 1.00
314 315  0  5 1.00
314 316  0  5 1.00
314 319  0  5 1.00
314 321  0  5 1.00
314 322  0  5 1.00
314 323  0  5 1.00
315 316  0  5 1.00
315 317  0  5 1.00
315 318  0  5 1.00
315 319  0  5 1.00
315 321  0  5 1.00
315 323  0  5 1.00
316 317  0  5 1.00
316 318  0  5 1.00
317 318  0  5 1.00
317 319  0  5 1.00
318 319  0  5 1.00
318 320  0  5 1.00
318 321  0  5 1.00
319 320  0  5 1.00
319 321  0  5 1.00
320 321  0  5 1.00
320 322  0  5 1.00
320 340  0  5 1.00
320 341  0  5 1.00
320 342  0  5 1.00
321 322  0  5 1.00
321 323  0  5 1.00
321 340  0  5 1.00
321 341  0  5 1.00
322 323  0  5 1.00
322 324  0  5 1.00
322 338  0  5 1.00
322 339  0  5 1.00
322 340  0  5 1.00
323 324  0  5 1.00
323 325  0  5 1.00
323 338  0  5 1.00
323 339  0  5 1.00
324 325  0  5 1.00
324 326  0  5 1.00
324 338  0  5 1.00
325 326  0  5 1.00
325 327  0  5 1.00
326 327  0  5 1.00
326 328  0  5 1.00
326 329  0  5 1.00
326 332  0  5 1.00
327 328  0  5 1.00
327 329  0  5 1.00
328 329  0  5 1.00
328 330  0  5 1.00
329 330  0  5 1.00
329 331  0  5 1.00
329 332  0  5 1.00
329 333  0  5 1.00
329 334  0  5 1.00
330 331  0  5 1.00
330 332  0  5 1.00
330 333  0  5 1.00
330 334  0  5 1.00
330 445  0  5 1.00
331 332  0  5 1.00
331 333  0  5 1.00
331 334  0  5 1.00
331 335  0  5 1.00
331 336  0  5 1.00
332 333  0  5 1.00
332 334  0  5 1.00
332 335  0  5 1.00
332 336  0  5 1.00
333 334  0  5 1.00
333 335  0  5 1.00
334 335  0  5 1.00
334 336  0  5 1.00
335 336  0  5 1.00
335 337  0  5 1.00
336 337  0  5 1.00
336 338  0  5 1.00
337 338  0  5 1.00
337 339  0  5 1.00
337 340  0  5 1.00
338 339  0  5 1.00
338 340  0  5 1.00
339 340  0  5 1.00
339 341  0  5 1.00
340 341  0  5 1.00
340 342  0  5 1.00
340 434  0  5 1.00
341 342  0  5 1.00
341 343  0  5 1.00
341 432  0  5 1.00
341 433  0  5 1.00
341 434  0  5 1.00
342 343  0  5 1.00
342 344  0  5 1.00
342 432  0  5 1.00
342 433  0  5 1.00
343 344  0  5 1.00
343 345  0  5 1.00
343 348  0  5 1.00
343 349  0  5 1.00
343 351  0  5 1.00
343 432  0  5 1.00
343 433  0  5 1.00
344 345  0  5 1.00
344 346  0  5 1.00
344 348  0  5 1.00
344 349  0  5 1.00
344 430  0  5 1.00
344 431  0  5 1.00
344 432  0  5 1.00
345 346  0  5 1.00
345 347  0  5 1.00
345 348  0  5 1.00
345 410  0  5 1.00
345 430  0  5 1.00
345 431  0  5 1.00
346 347  0  5 1.00
346 348  0  5 1.00
346 430  0  5 1.00
347 348  0  5 1.00
347 349  0  5 1.00
348 349  0  5 1.00
348 410  0  5 1.00
349 351  0  5 1.00
349 410  0  5 1.00
351 352  0  5 1.00
351 353  0  5 1.00
352 353  0  5 1.00
352 354  0  5 1.00
353 354  0  5 1.00
353 355  0  5 1.00
353 356  0  5 1.00
353 357  0  5 1.00
354 355  0  5 1.00
354 356  0  5 1.00
354 357  0  5 1.00
354 358  0  5 1.00
355 356  0  5 1.00
355 357  0  5 1.00
355 358  0  5 1.00
355 359  0  5 1.00
355 360  0  5 1.00
356 357  0  5 1.00
356 358  0  5 1.00
356 359  0  5 1.00
356 360  0  5 1.00
357 358  0  5 1.00
357 359  0  5 1.00
357 360  0  5 1.00
357 361  0  5 1.00
357 407  0  5 1.00
358 359  0  5 1.00
358 360  0  5 1.00
358 361  0  5 1.00
358 362  0  5 1.00
359 360  0  5 1.00
359 361  0  5 1.00
359 362  0  5 1.00
359 363  0  5 1.00
360 361  0  5 1.00
360 362  0  5 1.00
360 363  0  5 1.00
360 364  0  5 1.00
360 406  0  5 1.00
360 407  0  5 1.00
361 362  0  5 1.00
361 363  0  5 1.00
361 364  0  5 1.00
361 365  0  5 1.00
361 407  0  5 1.00
362 363  0  5 1.00
362 364  0  5 1.00
362 365  0  5 1.00
362 366  0  5 1.00
363 364  0  5 1.00
363 365  0  5 1.00
363 366  0  5 1.00
363 367  0  5 1.00
364 365  0  5 1.00
364 366  0  5 1.00
364 367  0  5 1.00
364 368  0  5 1.00
365 366  0  5 1.00
365 367  0  5 1.00
365 368  0  5 1.00
366 367  0  5 1.00
366 368  0  5 1.00
367 368  0  5 1.00
368 370  0  5 1.00
368 371  0  5 1.00
368 372  0  5 1.00
370 371  0  5 1.00
370 372  0  5 1.00
371 372  0  5 1.00
371 373  0  5 1.00
371 389  0  5 1.00
371 390  0  5 1.00
371 391  0  5 1.00
372 373  0  5 1.00
372 374  0  5 1.00
372 389  0  5 1.00
372 390  0  5 1.00
372 391  0  5 1.00
373 374  0  5 1.00
373 375  0  5 1.00
373 376  0  5 1.00
373 389  0  5 1.00
373 390  0  5 1.00
373 391  0  5 1.00
374 375  0  5 1.00
374 376  0  5 1.00
375 376  0  5 1.00
376 378  0  5 1.00
376 387  0  5 1.00
378 379  0  5 1.00
378 380  0  5 1.00
378 384  0  5 1.00
378 385  0  5 1.00
378 386  0  5 1.00
378 387  0  5 1.00
379 380  0  5 1.00
379 381  0  5 1.00
379 384  0  5 1.00
379 385  0  5 1.00
380 381  0  5 1.00
380 382  0  5 1.00
380 383  0  5 1.00
380 384  0  5 1.00
381 382  0  5 1.00
381 383  0  5 1.00
382 383  0  5 1.00
382 384  0  5 1.00
383 384  0  5 1.00
383 385  0  5 1.00
384 385  0  5 1.00
384 386  0  5 1.00
384 387  0  5 1.00
385 386  0  5 1.00
385 387  0  5 1.00
386 387  0  5 1.00
387 389  0  5 1.00
389 390  0  5 1.00
389 391  0  5 1.00
390 391  0  5 1.00
390 392  0  5 1.00
391 392  0  5 1.00
391 393  0  5 1.00
391 394  0  5 1.00
391 395  0  5 1.00
392 393  0  5 1.00
392 394  0  5 1.00
392 395  0  5 1.00
393 394  0  5 1.00
393 395  0  5 1.00
394 395  0  5 1.00
394 396  0  5 1.00
394 397  0  5 1.00
394 398  0  5 1.00
395 396  0  5 1.00
395 397  0  5 1.00
395 398  0  5 1.00
395 399  0  5 1.00
395 400  0  5 1.00
395 419  0  5 1.00
395 420  0  5 1.00
396 397  0  5 1.00
396 398  0  5 1.00
396 399  0  5 1.00
396 400  0  5 1.00
397 398  0  5 1.00
397 399  0  5 1.00
397 400  0  5 1.00
397 401  0  5 1.00
398 399  0  5 1.00
398 400  0  5 1.00
398 401  0  5 1.00
398 402  0  5 1.00
398 403  0  5 1.00
398 420  0  5 1.00
399 400  0  5 1.00
399 401  0  5 1.00
399 402  0  5 1.00
399 403  0  5 1.00
399 419  0  5 1.00
399 420  0  5 1.00
399 421  0  5 1.00
400 401  0  5 1.00
400 402  0  5 1.00
400 403  0  5 1.00
400 404  0  5 1.00
401 402  0  5 1.00
401 403  0  5 1.00
401 404  0  5 1.00
402 403  0  5 1.00
402 404  0  5 1.00
402 409  0  5 1.00
403 404  0  5 1.00
403 405  0  5 1.00
404 405  0  5 1.00
404 406  0  5 1.00
404 407  0  5 1.00
404 408  0  5 1.00
404 409  0  5 1.00
405 406  0  5 1.00
405 407  0  5 1.00
405 408  0  5 1.00
406 407  0  5 1.00
406 408  0  5 1.00
407 408  0  5 1.00
407 409  0  5 1.00
408 409  0  5 1.00
408 410  0  5 1.00
408 411  0  5 1.00
409 410  0  5 1.00
409 411  0  5 1.00
409 412  0  5 1.00
409 413  0  5 1.00
410 411  0  5 1.00
410 412  0  5 1.00
410 413  0  5 1.00
411 412  0  5 1.00
411 413  0  5 1.00
411 414  0  5 1.00
411 415  0  5 1.00
412 413  0  5 1.00
412 414  0  5 1.00
412 415  0  5 1.00
412 416  0  5 1.00
413 414  0  5 1.00
413 415  0  5 1.00
413 416  0  5 1.00
414 415  0  5 1.00
414 416  0  5 1.00
415 416  0  5 1.00
415 417  0  5 1.00
415 418  0  5 1.00
415 421  0  5 1.00
415 422  0  5 1.00
416 417  0  5 1.00
416 418  0  5 1.00
416 422  0  5 1.00
416 427  0  5 1.00
417 418  0  5 1.00
417 419  0  5 1.00
418 419  0  5 1.00
418 420  0  5 1.00
418 421  0  5 1.00
418 422  0  5 1.00
418 423  0  5 1.00
419 420  0  5 1.00
419 421  0  5 1.00
419 422  0  5 1.00
419 423  0  5 1.00
420 421  0  5 1.00
420 422  0  5 1.00
421 422  0  5 1.00
421 423  0  5 1.00
422 423  0  5 1.00
422 424  0  5 1.00
423 424  0  5 1.00
423 425  0  5 1.00
424 425  0  5 1.00
424 426  0  5 1.00
425 426  0  5 1.00
425 427  0  5 1.00
426 427  0  5 1.00
426 428  0  5 1.00
427 428  0  5 1.00
427 429  0  5 1.00
427 444  0  5 1.00
427 445  0  5 1.00
427 446  0  5 1.00
428 429  0  5 1.00
428 430  0  5 1.00
428 444  0  5 1.00
428 445  0  5 1.00
429 430  0  5 1.00
429 431  0  5 1.00
429 442  0  5 1.00
429 443  0  5 1.00
429 444  0  5 1.00
429 445  0  5 1.00
430 431  0  5 1.00
430 432  0  5 1.00
430 442  0  5 1.00
430 443  0  5 1.00
430 444  0  5 1.00
431 432  0  5 1.00
431 433  0  5 1.00
431 440  0  5 1.00
431 441  0  5 1.00
431 442  0  5 1.00
431 443  0  5 1.00
432 433  0  5 1.00
432 434  0  5 1.00
432 440  0  5 1.00
432 441  0  5 1.00
433 434  0  5 1.00
433 435  0  5 1.00
433 438  0  5 1.00
433 439  0  5 1.00
433 440  0  5 1.00
433 441  0  5 1.00
434 435  0  5 1.00
434 436  0  5 1.00
434 438  0  5 1.00
434 439  0  5 1.00
434 440  0  5 1.00
435 436  0  5 1.00
435 437  0  5 1.00
435 438  0  5 1.00
436 437  0  5 1.00
436 438  0  5 1.00
437 438  0  5 1.00
437 439  0  5 1.00
438 439  0  5 1.00
438 440  0  5 1.00
439 440  0  5 1.00
439 441  0  5 1.00
440 441  0  5 1.00
440 442  0  5 1.00
441 442  0  5 1.00
441 443  0  5 1.00
442 443  0  5 1.00
442 444  0  5 1.00
443 444  0  5 1.00
443 445  0  5 1.00
444 445  0  5 1.00
444 446  0  5 1.00
445 446  0  5 1.00
445 447  0  5 1.00
446 447  0  5 1.00
446 448  0  5 1.00
447 448  0  5 1.00
447 449  0  5 1.00
448 449  0  5 1.00
448 450  0  5 1.00
449 450  0  5 1.00
449 451  0  5 1.00
450 451  0  5 1.00
450 452  0  5 1.00
451 452  0  5 1.00
451 453  0  5 1.00
452 453  0  5 1.00
452 454  0  5 1.00
453 454  0  5 1.00
453 455  0  5 1.00
454 455  0  5 1.00
454 456  0  5 1.00
455 456  0  5 1.00
455 457  0  5 1.00
456 457  0  5 1.00
END
HELX_P HELX_P1  1  SER A 38  ? GLY A 44  ? SER A 57  GLY A 63  1 ? 7  
HELX_P HELX_P2  2  THR A 60  ? VAL A 62  ? THR A 79  VAL A 81  5 ? 3  
HELX_P HELX_P3  3  SER A 63  ? ASP A 65  ? SER A 82  ASP A 84  5 ? 3  
HELX_P HELX_P4  4  GLU A 66  ? ASN A 72  ? GLU A 85  ASN A 91  1 ? 7  
HELX_P HELX_P5  5  THR A 106 ? TYR A 114 ? THR A 125 TYR A 133 1 ? 9  
HELX_P HELX_P6  6  ALA A 115 ? SER A 118 ? ALA A 134 SER A 137 5 ? 4  
HELX_P HELX_P7  7  ASP A 141 ? PHE A 145 ? ASP A 160 PHE A 164 5 ? 5  
HELX_P HELX_P8  8  ASP A 154 ? ASN A 156 ? ASP A 173 ASN A 175 5 ? 3  
HELX_P HELX_P9  9  ASN A 157 ? GLY A 176 ? ASN A 176 GLY A 195 1 ? 20 
HELX_P HELX_P10 10 TYR A 231 ? GLU A 237 ? TYR A 250 GLU A 256 1 ? 7  
HELX_P HELX_P11 11 ARG A 273 ? CYS A 286 ? ARG A 292 CYS A 305 1 ? 14 
HELX_P HELX_P12 12 MSE A 287 ? TYR A 289 ? MSE A 306 TYR A 308 5 ? 3  
HELX_P HELX_P13 13 SER A 329 ? ALA A 334 ? SER A 348 ALA A 353 1 ? 6  
HELX_P HELX_P14 14 SER A 353 ? THR A 368 ? SER A 372 THR A 387 1 ? 16 
HELX_P HELX_P15 15 MSE A 369 ? ARG A 372 ? MSE A 388 ARG A 391 5 ? 4  
HELX_P HELX_P16 16 ASP A 373 ? MSE A 377 ? ASP A 392 MSE A 396 5 ? 5  
HELX_P HELX_P17 17 ASP A 391 ? PHE A 393 ? ASP A 410 PHE A 412 5 ? 3  
HELX_P HELX_P18 18 LYS A 394 ? GLN A 403 ? LYS A 413 GLN A 422 1 ? 10 
HELX_P HELX_P19 19 SER A 404 ? LEU A 408 ? SER A 423 LEU A 427 5 ? 5  
HELX_P HELX_P20 20 PRO A 409 ? TYR A 416 ? PRO A 428 TYR A 435 5 ? 8 