4urr 514
  6   7  0  5 1.00
  6   8  0  5 1.00
  6   9  0  5 1.00
  6  10  0  5 1.00
  7   8  0  5 1.00
  7   9  0  5 1.00
  7  10  0  5 1.00
  7  11  0  5 1.00
  8   9  0  5 1.00
  8  10  0  5 1.00
  8  11  0  5 1.00
  8  12  0  5 1.00
  9  10  0  5 1.00
  9  11  0  5 1.00
  9  12  0  5 1.00
  9  13  0  5 1.00
  9  14  0  5 1.00
 10  11  0  5 1.00
 10  12  0  5 1.00
 10  13  0  5 1.00
 10  14  0  5 1.00
 10  15  0  5 1.00
 11  12  0  5 1.00
 11  13  0  5 1.00
 11  14  0  5 1.00
 11  15  0  5 1.00
 11  16  0  5 1.00
 12  13  0  5 1.00
 12  14  0  5 1.00
 12  15  0  5 1.00
 12  25  0  5 1.00
 12  26  0  5 1.00
 13  14  0  5 1.00
 13  15  0  5 1.00
 13  26  0  5 1.00
 13  27  0  5 1.00
 14  15  0  5 1.00
 14  16  0  5 1.00
 14  26  0  5 1.00
 15  16  0  5 1.00
 15  17  0  5 1.00
 15  19  0  5 1.00
 15  20  0  5 1.00
 15  26  0  5 1.00
 16  17  0  5 1.00
 16  18  0  5 1.00
 16  19  0  5 1.00
 16  20  0  5 1.00
 17  18  0  5 1.00
 17  19  0  5 1.00
 17  20  0  5 1.00
 18  19  0  5 1.00
 18  20  0  5 1.00
 19  20  0  5 1.00
 19  21  0  5 1.00
 19  22  0  5 1.00
 20  21  0  5 1.00
 20  22  0  5 1.00
 21  22  0  5 1.00
 21  23  0  5 1.00
 22  23  0  5 1.00
 22  24  0  5 1.00
 22  25  0  5 1.00
 23  24  0  5 1.00
 23  25  0  5 1.00
 23  28  0  5 1.00
 24  25  0  5 1.00
 24  26  0  5 1.00
 24  28  0  5 1.00
 24  29  0  5 1.00
 25  26  0  5 1.00
 25  27  0  5 1.00
 25  28  0  5 1.00
 25  29  0  5 1.00
 26  27  0  5 1.00
 26  28  0  5 1.00
 26  29  0  5 1.00
 26  30  0  5 1.00
 27  28  0  5 1.00
 27  29  0  5 1.00
 27  30  0  5 1.00
 27  43  0  5 1.00
 27  44  0  5 1.00
 27  45  0  5 1.00
 28  29  0  5 1.00
 28  30  0  5 1.00
 28  43  0  5 1.00
 28  45  0  5 1.00
 29  30  0  5 1.00
 29  31  0  5 1.00
 30  31  0  5 1.00
 30  32  0  5 1.00
 30  42  0  5 1.00
 30  43  0  5 1.00
 30  44  0  5 1.00
 31  32  0  5 1.00
 31  33  0  5 1.00
 31  42  0  5 1.00
 31  43  0  5 1.00
 32  33  0  5 1.00
 32  34  0  5 1.00
 32  40  0  5 1.00
 32  41  0  5 1.00
 32  42  0  5 1.00
 32  43  0  5 1.00
 32  44  0  5 1.00
 33  34  0  5 1.00
 33  35  0  5 1.00
 33  40  0  5 1.00
 33  41  0  5 1.00
 34  35  0  5 1.00
 34  36  0  5 1.00
 34  39  0  5 1.00
 35  36  0  5 1.00
 35  37  0  5 1.00
 36  37  0  5 1.00
 36  38  0  5 1.00
 36  39  0  5 1.00
 37  38  0  5 1.00
 37  39  0  5 1.00
 38  39  0  5 1.00
 38  40  0  5 1.00
 39  40  0  5 1.00
 39  41  0  5 1.00
 40  41  0  5 1.00
 40  42  0  5 1.00
 41  42  0  5 1.00
 41  43  0  5 1.00
 42  43  0  5 1.00
 42  44  0  5 1.00
 43  44  0  5 1.00
 43  45  0  5 1.00
 43  46  0  5 1.00
 43  47  0  5 1.00
 44  45  0  5 1.00
 44  46  0  5 1.00
 44  47  0  5 1.00
 44  48  0  5 1.00
 45  46  0  5 1.00
 45  47  0  5 1.00
 45  48  0  5 1.00
 45  49  0  5 1.00
 46  47  0  5 1.00
 46  48  0  5 1.00
 46  49  0  5 1.00
 46  50  0  5 1.00
 47  48  0  5 1.00
 47  49  0  5 1.00
 47  50  0  5 1.00
 47  51  0  5 1.00
 48  49  0  5 1.00
 48  50  0  5 1.00
 48  51  0  5 1.00
 48  52  0  5 1.00
 49  50  0  5 1.00
 49  51  0  5 1.00
 49  52  0  5 1.00
 50  51  0  5 1.00
 50  52  0  5 1.00
 51  52  0  5 1.00
 51  53  0  5 1.00
 52  53  0  5 1.00
 52  54  0  5 1.00
 52  86  0  5 1.00
 52  87  0  5 1.00
 52  88  0  5 1.00
 53  54  0  5 1.00
 53  55  0  5 1.00
 53  56  0  5 1.00
 53  57  0  5 1.00
 53  88  0  5 1.00
 54  55  0  5 1.00
 54  56  0  5 1.00
 54  57  0  5 1.00
 54  58  0  5 1.00
 54  59  0  5 1.00
 54  70  0  5 1.00
 54  88  0  5 1.00
 55  56  0  5 1.00
 55  57  0  5 1.00
 55  58  0  5 1.00
 55  59  0  5 1.00
 56  57  0  5 1.00
 56  58  0  5 1.00
 57  58  0  5 1.00
 57  59  0  5 1.00
 57  70  0  5 1.00
 58  59  0  5 1.00
 58  60  0  5 1.00
 59  60  0  5 1.00
 59  61  0  5 1.00
 60  61  0  5 1.00
 60  62  0  5 1.00
 60  63  0  5 1.00
 60  65  0  5 1.00
 61  62  0  5 1.00
 61  63  0  5 1.00
 62  63  0  5 1.00
 62  64  0  5 1.00
 63  64  0  5 1.00
 63  65  0  5 1.00
 63  97  0  5 1.00
 64  65  0  5 1.00
 64  66  0  5 1.00
 65  66  0  5 1.00
 65  67  0  5 1.00
 65  99  0  5 1.00
 66  67  0  5 1.00
 66  68  0  5 1.00
 66  69  0  5 1.00
 66  99  0  5 1.00
 66 100  0  5 1.00
 67  68  0  5 1.00
 67  69  0  5 1.00
 67  70  0  5 1.00
 67  71  0  5 1.00
 67  72  0  5 1.00
 67  99  0  5 1.00
 67 100  0  5 1.00
 68  69  0  5 1.00
 68  70  0  5 1.00
 68  71  0  5 1.00
 68  72  0  5 1.00
 68  73  0  5 1.00
 68  99  0  5 1.00
 68 100  0  5 1.00
 68 101  0  5 1.00
 69  70  0  5 1.00
 69  71  0  5 1.00
 69  72  0  5 1.00
 69  73  0  5 1.00
 69  74  0  5 1.00
 70  71  0  5 1.00
 70  72  0  5 1.00
 70  73  0  5 1.00
 70  74  0  5 1.00
 71  72  0  5 1.00
 71  73  0  5 1.00
 71  74  0  5 1.00
 71  75  0  5 1.00
 71  76  0  5 1.00
 72  73  0  5 1.00
 72  74  0  5 1.00
 72  75  0  5 1.00
 72  76  0  5 1.00
 73  74  0  5 1.00
 73  75  0  5 1.00
 73  76  0  5 1.00
 73  77  0  5 1.00
 74  75  0  5 1.00
 74  76  0  5 1.00
 74  77  0  5 1.00
 74  78  0  5 1.00
 75  76  0  5 1.00
 75  77  0  5 1.00
 75  78  0  5 1.00
 75  79  0  5 1.00
 76  77  0  5 1.00
 76  78  0  5 1.00
 76  79  0  5 1.00
 76  80  0  5 1.00
 77  78  0  5 1.00
 77  79  0  5 1.00
 77  80  0  5 1.00
 77  81  0  5 1.00
 78  79  0  5 1.00
 78  80  0  5 1.00
 78  81  0  5 1.00
 78  84  0  5 1.00
 78  85  0  5 1.00
 79  80  0  5 1.00
 79  81  0  5 1.00
 79 108  0  5 1.00
 80  81  0  5 1.00
 80  82  0  5 1.00
 81  82  0  5 1.00
 81  83  0  5 1.00
 81  84  0  5 1.00
 82  83  0  5 1.00
 82  84  0  5 1.00
 83  84  0  5 1.00
 83  85  0  5 1.00
 83 109  0  5 1.00
 84  85  0  5 1.00
 84  86  0  5 1.00
 84 109  0  5 1.00
 84 110  0  5 1.00
 85  86  0  5 1.00
 85  87  0  5 1.00
 85 109  0  5 1.00
 85 110  0  5 1.00
 85 111  0  5 1.00
 86  87  0  5 1.00
 86  88  0  5 1.00
 86 111  0  5 1.00
 87  88  0  5 1.00
 87  89  0  5 1.00
 87 111  0  5 1.00
 87 112  0  5 1.00
 87 113  0  5 1.00
 88  89  0  5 1.00
 88  90  0  5 1.00
 88 113  0  5 1.00
 89  90  0  5 1.00
 89  91  0  5 1.00
 89 113  0  5 1.00
 89 114  0  5 1.00
 89 115  0  5 1.00
 89 119  0  5 1.00
 90  91  0  5 1.00
 90  92  0  5 1.00
 90 118  0  5 1.00
 90 119  0  5 1.00
 91  92  0  5 1.00
 91  93  0  5 1.00
 91 118  0  5 1.00
 91 119  0  5 1.00
 92  93  0  5 1.00
 92  94  0  5 1.00
 92 118  0  5 1.00
 92 119  0  5 1.00
 93  94  0  5 1.00
 93  95  0  5 1.00
 94  95  0  5 1.00
 94  96  0  5 1.00
 94  97  0  5 1.00
 95  96  0  5 1.00
 95  97  0  5 1.00
 96  97  0  5 1.00
 96  98  0  5 1.00
 96 120  0  5 1.00
 96 122  0  5 1.00
 97  98  0  5 1.00
 97  99  0  5 1.00
 97 120  0  5 1.00
 98  99  0  5 1.00
 98 100  0  5 1.00
 98 120  0  5 1.00
 98 121  0  5 1.00
 98 122  0  5 1.00
 99 100  0  5 1.00
 99 101  0  5 1.00
 99 122  0  5 1.00
100 101  0  5 1.00
100 102  0  5 1.00
100 122  0  5 1.00
100 123  0  5 1.00
100 124  0  5 1.00
101 102  0  5 1.00
101 103  0  5 1.00
101 124  0  5 1.00
101 126  0  5 1.00
101 127  0  5 1.00
101 128  0  5 1.00
102 103  0  5 1.00
102 104  0  5 1.00
102 130  0  5 1.00
102 131  0  5 1.00
103 104  0  5 1.00
103 105  0  5 1.00
103 128  0  5 1.00
103 130  0  5 1.00
103 131  0  5 1.00
104 105  0  5 1.00
104 106  0  5 1.00
104 130  0  5 1.00
104 131  0  5 1.00
104 132  0  5 1.00
104 133  0  5 1.00
105 106  0  5 1.00
105 107  0  5 1.00
105 133  0  5 1.00
106 107  0  5 1.00
106 108  0  5 1.00
106 133  0  5 1.00
106 134  0  5 1.00
106 135  0  5 1.00
107 108  0  5 1.00
107 109  0  5 1.00
107 110  0  5 1.00
108 109  0  5 1.00
108 110  0  5 1.00
108 136  0  5 1.00
109 110  0  5 1.00
109 111  0  5 1.00
110 111  0  5 1.00
110 112  0  5 1.00
110 144  0  5 1.00
111 112  0  5 1.00
111 113  0  5 1.00
111 144  0  5 1.00
112 113  0  5 1.00
112 114  0  5 1.00
112 144  0  5 1.00
112 145  0  5 1.00
112 146  0  5 1.00
113 114  0  5 1.00
113 115  0  5 1.00
113 146  0  5 1.00
113 147  0  5 1.00
114 115  0  5 1.00
114 116  0  5 1.00
114 146  0  5 1.00
114 147  0  5 1.00
114 148  0  5 1.00
115 116  0  5 1.00
115 117  0  5 1.00
115 119  0  5 1.00
115 147  0  5 1.00
116 117  0  5 1.00
116 118  0  5 1.00
116 119  0  5 1.00
116 120  0  5 1.00
116 147  0  5 1.00
116 148  0  5 1.00
116 149  0  5 1.00
117 118  0  5 1.00
117 119  0  5 1.00
117 120  0  5 1.00
118 119  0  5 1.00
118 120  0  5 1.00
119 120  0  5 1.00
119 121  0  5 1.00
119 147  0  5 1.00
119 148  0  5 1.00
119 149  0  5 1.00
120 121  0  5 1.00
120 122  0  5 1.00
120 149  0  5 1.00
121 122  0  5 1.00
121 123  0  5 1.00
121 149  0  5 1.00
121 150  0  5 1.00
121 151  0  5 1.00
122 123  0  5 1.00
122 124  0  5 1.00
122 151  0  5 1.00
123 124  0  5 1.00
123 125  0  5 1.00
123 151  0  5 1.00
123 152  0  5 1.00
123 153  0  5 1.00
124 125  0  5 1.00
124 126  0  5 1.00
124 127  0  5 1.00
125 126  0  5 1.00
125 127  0  5 1.00
126 127  0  5 1.00
126 128  0  5 1.00
127 128  0  5 1.00
127 129  0  5 1.00
127 156  0  5 1.00
128 129  0  5 1.00
128 130  0  5 1.00
129 130  0  5 1.00
129 131  0  5 1.00
129 156  0  5 1.00
129 157  0  5 1.00
130 131  0  5 1.00
130 132  0  5 1.00
130 157  0  5 1.00
130 158  0  5 1.00
131 132  0  5 1.00
131 133  0  5 1.00
131 157  0  5 1.00
131 158  0  5 1.00
132 133  0  5 1.00
132 134  0  5 1.00
132 158  0  5 1.00
132 159  0  5 1.00
132 160  0  5 1.00
133 134  0  5 1.00
133 135  0  5 1.00
133 160  0  5 1.00
133 161  0  5 1.00
134 135  0  5 1.00
134 136  0  5 1.00
134 160  0  5 1.00
134 161  0  5 1.00
134 162  0  5 1.00
135 136  0  5 1.00
135 137  0  5 1.00
135 162  0  5 1.00
135 173  0  5 1.00
136 137  0  5 1.00
136 138  0  5 1.00
136 172  0  5 1.00
136 173  0  5 1.00
137 138  0  5 1.00
137 139  0  5 1.00
137 172  0  5 1.00
138 139  0  5 1.00
138 140  0  5 1.00
139 140  0  5 1.00
139 141  0  5 1.00
139 174  0  5 1.00
140 141  0  5 1.00
140 142  0  5 1.00
140 174  0  5 1.00
140 175  0  5 1.00
141 142  0  5 1.00
141 143  0  5 1.00
141 174  0  5 1.00
141 175  0  5 1.00
142 143  0  5 1.00
142 144  0  5 1.00
142 175  0  5 1.00
143 144  0  5 1.00
143 145  0  5 1.00
143 175  0  5 1.00
143 176  0  5 1.00
143 177  0  5 1.00
144 145  0  5 1.00
144 146  0  5 1.00
144 176  0  5 1.00
144 177  0  5 1.00
145 146  0  5 1.00
145 147  0  5 1.00
145 177  0  5 1.00
145 178  0  5 1.00
145 179  0  5 1.00
146 147  0  5 1.00
146 148  0  5 1.00
146 179  0  5 1.00
146 180  0  5 1.00
147 148  0  5 1.00
147 149  0  5 1.00
147 179  0  5 1.00
147 180  0  5 1.00
147 181  0  5 1.00
148 149  0  5 1.00
148 150  0  5 1.00
148 180  0  5 1.00
148 181  0  5 1.00
148 182  0  5 1.00
149 150  0  5 1.00
149 151  0  5 1.00
149 182  0  5 1.00
150 151  0  5 1.00
150 152  0  5 1.00
150 182  0  5 1.00
150 183  0  5 1.00
150 184  0  5 1.00
151 152  0  5 1.00
151 153  0  5 1.00
151 184  0  5 1.00
151 185  0  5 1.00
152 153  0  5 1.00
152 154  0  5 1.00
152 184  0  5 1.00
152 185  0  5 1.00
152 186  0  5 1.00
153 154  0  5 1.00
153 155  0  5 1.00
153 156  0  5 1.00
153 185  0  5 1.00
154 155  0  5 1.00
154 156  0  5 1.00
154 185  0  5 1.00
154 186  0  5 1.00
154 187  0  5 1.00
155 156  0  5 1.00
155 157  0  5 1.00
155 185  0  5 1.00
155 187  0  5 1.00
156 157  0  5 1.00
156 158  0  5 1.00
156 185  0  5 1.00
156 186  0  5 1.00
156 187  0  5 1.00
156 188  0  5 1.00
157 158  0  5 1.00
157 159  0  5 1.00
157 187  0  5 1.00
157 188  0  5 1.00
157 189  0  5 1.00
158 159  0  5 1.00
158 160  0  5 1.00
158 188  0  5 1.00
158 189  0  5 1.00
159 160  0  5 1.00
159 161  0  5 1.00
159 188  0  5 1.00
159 189  0  5 1.00
159 190  0  5 1.00
159 191  0  5 1.00
160 161  0  5 1.00
160 162  0  5 1.00
160 191  0  5 1.00
161 162  0  5 1.00
161 163  0  5 1.00
161 191  0  5 1.00
162 163  0  5 1.00
162 164  0  5 1.00
163 164  0  5 1.00
163 165  0  5 1.00
164 165  0  5 1.00
164 166  0  5 1.00
164 167  0  5 1.00
165 166  0  5 1.00
165 167  0  5 1.00
165 247  0  5 1.00
165 248  0  5 1.00
165 249  0  5 1.00
166 167  0  5 1.00
166 168  0  5 1.00
166 249  0  5 1.00
167 168  0  5 1.00
167 169  0  5 1.00
167 248  0  5 1.00
167 249  0  5 1.00
167 250  0  5 1.00
168 169  0  5 1.00
168 170  0  5 1.00
168 249  0  5 1.00
168 250  0  5 1.00
169 170  0  5 1.00
169 171  0  5 1.00
170 171  0  5 1.00
170 172  0  5 1.00
171 172  0  5 1.00
171 173  0  5 1.00
171 194  0  5 1.00
172 173  0  5 1.00
172 174  0  5 1.00
172 194  0  5 1.00
173 174  0  5 1.00
173 175  0  5 1.00
173 193  0  5 1.00
173 194  0  5 1.00
173 195  0  5 1.00
173 196  0  5 1.00
174 175  0  5 1.00
174 176  0  5 1.00
174 194  0  5 1.00
174 196  0  5 1.00
175 176  0  5 1.00
175 177  0  5 1.00
175 196  0  5 1.00
175 197  0  5 1.00
176 177  0  5 1.00
176 178  0  5 1.00
176 196  0  5 1.00
176 197  0  5 1.00
176 198  0  5 1.00
176 199  0  5 1.00
177 178  0  5 1.00
177 179  0  5 1.00
177 199  0  5 1.00
178 179  0  5 1.00
178 180  0  5 1.00
178 199  0  5 1.00
178 200  0  5 1.00
178 201  0  5 1.00
179 180  0  5 1.00
179 181  0  5 1.00
179 201  0  5 1.00
180 181  0  5 1.00
180 182  0  5 1.00
180 201  0  5 1.00
180 202  0  5 1.00
180 203  0  5 1.00
181 182  0  5 1.00
181 183  0  5 1.00
181 202  0  5 1.00
181 203  0  5 1.00
181 204  0  5 1.00
182 183  0  5 1.00
182 184  0  5 1.00
182 204  0  5 1.00
183 184  0  5 1.00
183 185  0  5 1.00
183 204  0  5 1.00
183 205  0  5 1.00
183 206  0  5 1.00
184 185  0  5 1.00
184 186  0  5 1.00
184 206  0  5 1.00
184 207  0  5 1.00
185 186  0  5 1.00
185 187  0  5 1.00
185 206  0  5 1.00
185 207  0  5 1.00
186 187  0  5 1.00
186 188  0  5 1.00
186 206  0  5 1.00
186 207  0  5 1.00
186 208  0  5 1.00
186 209  0  5 1.00
187 188  0  5 1.00
187 189  0  5 1.00
187 208  0  5 1.00
187 209  0  5 1.00
187 210  0  5 1.00
188 189  0  5 1.00
188 190  0  5 1.00
188 210  0  5 1.00
188 211  0  5 1.00
189 190  0  5 1.00
189 191  0  5 1.00
189 210  0  5 1.00
189 211  0  5 1.00
190 191  0  5 1.00
190 192  0  5 1.00
190 210  0  5 1.00
190 211  0  5 1.00
190 212  0  5 1.00
190 213  0  5 1.00
191 192  0  5 1.00
191 193  0  5 1.00
191 213  0  5 1.00
192 193  0  5 1.00
192 194  0  5 1.00
192 213  0  5 1.00
192 214  0  5 1.00
192 215  0  5 1.00
193 194  0  5 1.00
193 195  0  5 1.00
193 215  0  5 1.00
193 217  0  5 1.00
194 195  0  5 1.00
194 196  0  5 1.00
194 215  0  5 1.00
194 217  0  5 1.00
194 218  0  5 1.00
195 196  0  5 1.00
195 197  0  5 1.00
195 217  0  5 1.00
195 218  0  5 1.00
195 219  0  5 1.00
196 197  0  5 1.00
196 198  0  5 1.00
196 219  0  5 1.00
196 220  0  5 1.00
197 198  0  5 1.00
197 199  0  5 1.00
197 219  0  5 1.00
197 220  0  5 1.00
198 199  0  5 1.00
198 200  0  5 1.00
198 220  0  5 1.00
198 221  0  5 1.00
198 222  0  5 1.00
199 200  0  5 1.00
199 201  0  5 1.00
199 222  0  5 1.00
200 201  0  5 1.00
200 202  0  5 1.00
200 222  0  5 1.00
200 223  0  5 1.00
200 224  0  5 1.00
201 202  0  5 1.00
201 203  0  5 1.00
201 224  0  5 1.00
202 203  0  5 1.00
202 204  0  5 1.00
202 224  0  5 1.00
202 225  0  5 1.00
202 226  0  5 1.00
203 204  0  5 1.00
203 205  0  5 1.00
203 224  0  5 1.00
203 225  0  5 1.00
203 226  0  5 1.00
203 227  0  5 1.00
204 205  0  5 1.00
204 206  0  5 1.00
204 227  0  5 1.00
205 206  0  5 1.00
205 207  0  5 1.00
205 227  0  5 1.00
205 228  0  5 1.00
205 229  0  5 1.00
206 207  0  5 1.00
206 208  0  5 1.00
206 229  0  5 1.00
206 230  0  5 1.00
207 208  0  5 1.00
207 209  0  5 1.00
207 229  0  5 1.00
207 230  0  5 1.00
207 231  0  5 1.00
207 232  0  5 1.00
208 209  0  5 1.00
208 210  0  5 1.00
208 229  0  5 1.00
208 230  0  5 1.00
208 234  0  5 1.00
209 210  0  5 1.00
209 211  0  5 1.00
209 234  0  5 1.00
209 237  0  5 1.00
209 238  0  5 1.00
209 239  0  5 1.00
210 211  0  5 1.00
210 212  0  5 1.00
210 239  0  5 1.00
210 240  0  5 1.00
211 212  0  5 1.00
211 213  0  5 1.00
211 239  0  5 1.00
211 240  0  5 1.00
212 213  0  5 1.00
212 214  0  5 1.00
212 239  0  5 1.00
212 240  0  5 1.00
212 241  0  5 1.00
212 242  0  5 1.00
213 214  0  5 1.00
213 215  0  5 1.00
213 242  0  5 1.00
214 215  0  5 1.00
214 216  0  5 1.00
214 242  0  5 1.00
214 243  0  5 1.00
214 244  0  5 1.00
215 216  0  5 1.00
215 217  0  5 1.00
215 218  0  5 1.00
215 244  0  5 1.00
216 217  0  5 1.00
216 218  0  5 1.00
216 244  0  5 1.00
216 245  0  5 1.00
216 246  0  5 1.00
216 255  0  5 1.00
216 256  0  5 1.00
216 257  0  5 1.00
217 218  0  5 1.00
217 219  0  5 1.00
217 255  0  5 1.00
217 256  0  5 1.00
217 257  0  5 1.00
218 219  0  5 1.00
218 220  0  5 1.00
218 256  0  5 1.00
218 257  0  5 1.00
218 258  0  5 1.00
219 220  0  5 1.00
219 221  0  5 1.00
219 258  0  5 1.00
219 259  0  5 1.00
220 221  0  5 1.00
220 222  0  5 1.00
220 258  0  5 1.00
220 259  0  5 1.00
221 222  0  5 1.00
221 223  0  5 1.00
221 258  0  5 1.00
221 259  0  5 1.00
221 260  0  5 1.00
221 261  0  5 1.00
222 223  0  5 1.00
222 224  0  5 1.00
222 261  0  5 1.00
223 224  0  5 1.00
223 225  0  5 1.00
223 261  0  5 1.00
223 262  0  5 1.00
223 263  0  5 1.00
224 225  0  5 1.00
224 226  0  5 1.00
224 263  0  5 1.00
224 264  0  5 1.00
225 226  0  5 1.00
225 227  0  5 1.00
225 263  0  5 1.00
225 264  0  5 1.00
225 265  0  5 1.00
225 266  0  5 1.00
226 227  0  5 1.00
226 228  0  5 1.00
226 265  0  5 1.00
226 266  0  5 1.00
226 267  0  5 1.00
227 228  0  5 1.00
227 229  0  5 1.00
227 267  0  5 1.00
228 229  0  5 1.00
228 230  0  5 1.00
228 267  0  5 1.00
228 268  0  5 1.00
228 269  0  5 1.00
229 230  0  5 1.00
229 231  0  5 1.00
229 269  0  5 1.00
230 231  0  5 1.00
230 232  0  5 1.00
230 233  0  5 1.00
230 269  0  5 1.00
230 270  0  5 1.00
231 232  0  5 1.00
231 233  0  5 1.00
231 269  0  5 1.00
232 233  0  5 1.00
232 234  0  5 1.00
233 234  0  5 1.00
233 235  0  5 1.00
234 235  0  5 1.00
234 236  0  5 1.00
235 236  0  5 1.00
235 237  0  5 1.00
235 238  0  5 1.00
235 272  0  5 1.00
236 237  0  5 1.00
236 238  0  5 1.00
237 238  0  5 1.00
237 239  0  5 1.00
238 239  0  5 1.00
238 240  0  5 1.00
238 271  0  5 1.00
238 272  0  5 1.00
238 273  0  5 1.00
239 240  0  5 1.00
239 241  0  5 1.00
239 273  0  5 1.00
239 274  0  5 1.00
240 241  0  5 1.00
240 242  0  5 1.00
240 273  0  5 1.00
240 274  0  5 1.00
241 242  0  5 1.00
241 243  0  5 1.00
241 273  0  5 1.00
241 274  0  5 1.00
241 275  0  5 1.00
241 276  0  5 1.00
242 243  0  5 1.00
242 244  0  5 1.00
242 276  0  5 1.00
243 244  0  5 1.00
243 245  0  5 1.00
243 276  0  5 1.00
243 277  0  5 1.00
243 278  0  5 1.00
243 279  0  5 1.00
244 245  0  5 1.00
244 246  0  5 1.00
244 255  0  5 1.00
245 246  0  5 1.00
245 247  0  5 1.00
245 255  0  5 1.00
245 256  0  5 1.00
246 247  0  5 1.00
246 248  0  5 1.00
246 253  0  5 1.00
246 254  0  5 1.00
246 255  0  5 1.00
247 248  0  5 1.00
247 249  0  5 1.00
247 253  0  5 1.00
247 254  0  5 1.00
247 255  0  5 1.00
248 249  0  5 1.00
248 250  0  5 1.00
248 251  0  5 1.00
248 252  0  5 1.00
249 250  0  5 1.00
249 251  0  5 1.00
250 251  0  5 1.00
250 252  0  5 1.00
251 252  0  5 1.00
251 253  0  5 1.00
252 253  0  5 1.00
252 254  0  5 1.00
253 254  0  5 1.00
253 255  0  5 1.00
254 255  0  5 1.00
254 256  0  5 1.00
255 256  0  5 1.00
255 257  0  5 1.00
256 257  0  5 1.00
256 258  0  5 1.00
257 258  0  5 1.00
257 259  0  5 1.00
257 279  0  5 1.00
257 280  0  5 1.00
257 281  0  5 1.00
258 259  0  5 1.00
258 260  0  5 1.00
258 281  0  5 1.00
258 282  0  5 1.00
259 260  0  5 1.00
259 261  0  5 1.00
259 281  0  5 1.00
259 282  0  5 1.00
260 261  0  5 1.00
260 262  0  5 1.00
260 281  0  5 1.00
260 282  0  5 1.00
260 283  0  5 1.00
260 284  0  5 1.00
261 262  0  5 1.00
261 263  0  5 1.00
261 284  0  5 1.00
262 263  0  5 1.00
262 264  0  5 1.00
262 284  0  5 1.00
262 285  0  5 1.00
262 286  0  5 1.00
263 264  0  5 1.00
263 265  0  5 1.00
263 266  0  5 1.00
263 286  0  5 1.00
263 287  0  5 1.00
264 265  0  5 1.00
264 266  0  5 1.00
264 286  0  5 1.00
264 287  0  5 1.00
265 266  0  5 1.00
265 267  0  5 1.00
265 286  0  5 1.00
265 287  0  5 1.00
266 267  0  5 1.00
266 268  0  5 1.00
266 287  0  5 1.00
266 288  0  5 1.00
266 289  0  5 1.00
267 268  0  5 1.00
267 269  0  5 1.00
267 289  0  5 1.00
268 269  0  5 1.00
268 270  0  5 1.00
268 289  0  5 1.00
268 290  0  5 1.00
268 291  0  5 1.00
269 270  0  5 1.00
269 271  0  5 1.00
269 289  0  5 1.00
269 291  0  5 1.00
269 292  0  5 1.00
270 271  0  5 1.00
270 272  0  5 1.00
270 291  0  5 1.00
270 292  0  5 1.00
270 293  0  5 1.00
271 272  0  5 1.00
271 273  0  5 1.00
271 274  0  5 1.00
271 291  0  5 1.00
271 292  0  5 1.00
271 293  0  5 1.00
271 294  0  5 1.00
271 295  0  5 1.00
271 296  0  5 1.00
272 273  0  5 1.00
272 274  0  5 1.00
272 293  0  5 1.00
272 294  0  5 1.00
272 295  0  5 1.00
272 296  0  5 1.00
273 274  0  5 1.00
273 275  0  5 1.00
273 276  0  5 1.00
273 295  0  5 1.00
273 296  0  5 1.00
273 297  0  5 1.00
274 275  0  5 1.00
274 276  0  5 1.00
274 296  0  5 1.00
274 297  0  5 1.00
275 276  0  5 1.00
275 277  0  5 1.00
275 297  0  5 1.00
275 298  0  5 1.00
275 299  0  5 1.00
276 277  0  5 1.00
276 278  0  5 1.00
276 299  0  5 1.00
277 278  0  5 1.00
277 279  0  5 1.00
277 299  0  5 1.00
277 300  0  5 1.00
277 301  0  5 1.00
277 302  0  5 1.00
278 279  0  5 1.00
278 280  0  5 1.00
278 299  0  5 1.00
278 301  0  5 1.00
278 302  0  5 1.00
279 280  0  5 1.00
279 281  0  5 1.00
279 302  0  5 1.00
280 281  0  5 1.00
280 282  0  5 1.00
280 302  0  5 1.00
280 303  0  5 1.00
280 304  0  5 1.00
281 282  0  5 1.00
281 283  0  5 1.00
281 304  0  5 1.00
281 305  0  5 1.00
281 306  0  5 1.00
282 283  0  5 1.00
282 284  0  5 1.00
282 304  0  5 1.00
282 305  0  5 1.00
282 306  0  5 1.00
283 284  0  5 1.00
283 285  0  5 1.00
283 306  0  5 1.00
283 307  0  5 1.00
283 308  0  5 1.00
284 285  0  5 1.00
284 286  0  5 1.00
284 308  0  5 1.00
285 286  0  5 1.00
285 287  0  5 1.00
285 308  0  5 1.00
285 309  0  5 1.00
285 310  0  5 1.00
286 287  0  5 1.00
286 288  0  5 1.00
286 310  0  5 1.00
286 311  0  5 1.00
287 288  0  5 1.00
287 289  0  5 1.00
287 310  0  5 1.00
287 311  0  5 1.00
287 312  0  5 1.00
288 289  0  5 1.00
288 290  0  5 1.00
288 310  0  5 1.00
288 311  0  5 1.00
288 312  0  5 1.00
288 313  0  5 1.00
289 290  0  5 1.00
289 291  0  5 1.00
289 313  0  5 1.00
290 291  0  5 1.00
290 292  0  5 1.00
290 313  0  5 1.00
290 314  0  5 1.00
290 315  0  5 1.00
291 292  0  5 1.00
291 293  0  5 1.00
291 315  0  5 1.00
292 293  0  5 1.00
292 294  0  5 1.00
292 315  0  5 1.00
292 316  0  5 1.00
292 317  0  5 1.00
293 294  0  5 1.00
293 295  0  5 1.00
293 296  0  5 1.00
293 315  0  5 1.00
293 316  0  5 1.00
293 317  0  5 1.00
294 295  0  5 1.00
294 296  0  5 1.00
294 317  0  5 1.00
294 322  0  5 1.00
294 323  0  5 1.00
294 324  0  5 1.00
295 296  0  5 1.00
295 297  0  5 1.00
295 323  0  5 1.00
295 324  0  5 1.00
295 325  0  5 1.00
296 297  0  5 1.00
296 298  0  5 1.00
296 325  0  5 1.00
296 326  0  5 1.00
297 298  0  5 1.00
297 299  0  5 1.00
297 325  0  5 1.00
297 326  0  5 1.00
298 299  0  5 1.00
298 300  0  5 1.00
298 325  0  5 1.00
298 326  0  5 1.00
298 327  0  5 1.00
298 328  0  5 1.00
299 300  0  5 1.00
299 301  0  5 1.00
299 328  0  5 1.00
300 301  0  5 1.00
300 302  0  5 1.00
300 328  0  5 1.00
300 329  0  5 1.00
300 330  0  5 1.00
301 302  0  5 1.00
301 303  0  5 1.00
301 328  0  5 1.00
301 330  0  5 1.00
301 331  0  5 1.00
301 332  0  5 1.00
301 333  0  5 1.00
302 303  0  5 1.00
302 304  0  5 1.00
302 332  0  5 1.00
303 304  0  5 1.00
303 305  0  5 1.00
304 305  0  5 1.00
304 306  0  5 1.00
305 306  0  5 1.00
305 307  0  5 1.00
306 307  0  5 1.00
306 308  0  5 1.00
306 338  0  5 1.00
307 308  0  5 1.00
307 309  0  5 1.00
307 338  0  5 1.00
307 339  0  5 1.00
307 340  0  5 1.00
308 309  0  5 1.00
308 310  0  5 1.00
308 340  0  5 1.00
309 310  0  5 1.00
309 311  0  5 1.00
309 340  0  5 1.00
309 341  0  5 1.00
309 342  0  5 1.00
310 311  0  5 1.00
310 312  0  5 1.00
310 342  0  5 1.00
310 343  0  5 1.00
311 312  0  5 1.00
311 313  0  5 1.00
311 342  0  5 1.00
311 343  0  5 1.00
311 344  0  5 1.00
312 313  0  5 1.00
312 314  0  5 1.00
312 343  0  5 1.00
312 344  0  5 1.00
312 345  0  5 1.00
313 314  0  5 1.00
313 315  0  5 1.00
313 345  0  5 1.00
314 315  0  5 1.00
314 316  0  5 1.00
314 345  0  5 1.00
314 346  0  5 1.00
314 347  0  5 1.00
315 316  0  5 1.00
315 317  0  5 1.00
315 347  0  5 1.00
316 317  0  5 1.00
316 318  0  5 1.00
316 347  0  5 1.00
316 348  0  5 1.00
316 349  0  5 1.00
317 318  0  5 1.00
317 319  0  5 1.00
317 320  0  5 1.00
317 349  0  5 1.00
317 350  0  5 1.00
318 319  0  5 1.00
318 320  0  5 1.00
318 349  0  5 1.00
318 350  0  5 1.00
318 351  0  5 1.00
319 320  0  5 1.00
319 321  0  5 1.00
319 350  0  5 1.00
319 351  0  5 1.00
320 321  0  5 1.00
320 322  0  5 1.00
320 350  0  5 1.00
320 351  0  5 1.00
320 352  0  5 1.00
321 322  0  5 1.00
321 323  0  5 1.00
321 351  0  5 1.00
321 352  0  5 1.00
321 353  0  5 1.00
322 323  0  5 1.00
322 324  0  5 1.00
322 352  0  5 1.00
323 324  0  5 1.00
323 325  0  5 1.00
324 325  0  5 1.00
324 326  0  5 1.00
324 356  0  5 1.00
324 357  0  5 1.00
324 358  0  5 1.00
325 326  0  5 1.00
325 327  0  5 1.00
325 358  0  5 1.00
325 359  0  5 1.00
326 327  0  5 1.00
326 328  0  5 1.00
326 358  0  5 1.00
326 359  0  5 1.00
326 360  0  5 1.00
327 328  0  5 1.00
327 329  0  5 1.00
327 359  0  5 1.00
327 360  0  5 1.00
327 361  0  5 1.00
328 329  0  5 1.00
328 330  0  5 1.00
328 361  0  5 1.00
329 330  0  5 1.00
329 331  0  5 1.00
329 361  0  5 1.00
329 362  0  5 1.00
329 363  0  5 1.00
330 331  0  5 1.00
330 332  0  5 1.00
330 361  0  5 1.00
330 363  0  5 1.00
330 364  0  5 1.00
330 366  0  5 1.00
331 332  0  5 1.00
331 333  0  5 1.00
331 363  0  5 1.00
331 364  0  5 1.00
331 366  0  5 1.00
332 333  0  5 1.00
332 334  0  5 1.00
332 364  0  5 1.00
333 334  0  5 1.00
333 335  0  5 1.00
334 335  0  5 1.00
334 336  0  5 1.00
335 336  0  5 1.00
335 337  0  5 1.00
336 337  0  5 1.00
336 338  0  5 1.00
337 338  0  5 1.00
337 339  0  5 1.00
337 367  0  5 1.00
337 368  0  5 1.00
338 339  0  5 1.00
338 340  0  5 1.00
338 368  0  5 1.00
339 340  0  5 1.00
339 341  0  5 1.00
339 368  0  5 1.00
339 369  0  5 1.00
339 370  0  5 1.00
340 341  0  5 1.00
340 342  0  5 1.00
340 370  0  5 1.00
341 342  0  5 1.00
341 343  0  5 1.00
341 370  0  5 1.00
341 371  0  5 1.00
341 372  0  5 1.00
342 343  0  5 1.00
342 344  0  5 1.00
342 372  0  5 1.00
342 373  0  5 1.00
343 344  0  5 1.00
343 345  0  5 1.00
343 372  0  5 1.00
343 373  0  5 1.00
343 374  0  5 1.00
344 345  0  5 1.00
344 346  0  5 1.00
344 372  0  5 1.00
344 373  0  5 1.00
344 374  0  5 1.00
344 375  0  5 1.00
345 346  0  5 1.00
345 347  0  5 1.00
345 375  0  5 1.00
346 347  0  5 1.00
346 348  0  5 1.00
346 375  0  5 1.00
346 376  0  5 1.00
346 377  0  5 1.00
347 348  0  5 1.00
347 349  0  5 1.00
348 349  0  5 1.00
348 350  0  5 1.00
349 350  0  5 1.00
349 351  0  5 1.00
350 351  0  5 1.00
350 352  0  5 1.00
351 352  0  5 1.00
351 353  0  5 1.00
352 353  0  5 1.00
352 354  0  5 1.00
352 355  0  5 1.00
353 354  0  5 1.00
353 355  0  5 1.00
354 355  0  5 1.00
354 356  0  5 1.00
355 356  0  5 1.00
355 357  0  5 1.00
355 379  0  5 1.00
355 380  0  5 1.00
356 357  0  5 1.00
356 358  0  5 1.00
356 380  0  5 1.00
357 358  0  5 1.00
357 359  0  5 1.00
357 378  0  5 1.00
357 379  0  5 1.00
357 380  0  5 1.00
357 381  0  5 1.00
358 359  0  5 1.00
358 360  0  5 1.00
358 377  0  5 1.00
358 378  0  5 1.00
358 379  0  5 1.00
358 381  0  5 1.00
358 382  0  5 1.00
359 360  0  5 1.00
359 361  0  5 1.00
359 377  0  5 1.00
359 382  0  5 1.00
360 361  0  5 1.00
360 362  0  5 1.00
360 382  0  5 1.00
360 383  0  5 1.00
360 384  0  5 1.00
361 362  0  5 1.00
361 363  0  5 1.00
361 384  0  5 1.00
362 363  0  5 1.00
362 364  0  5 1.00
362 384  0  5 1.00
362 385  0  5 1.00
362 386  0  5 1.00
363 364  0  5 1.00
363 365  0  5 1.00
363 366  0  5 1.00
363 386  0  5 1.00
364 365  0  5 1.00
364 366  0  5 1.00
364 386  0  5 1.00
364 387  0  5 1.00
365 366  0  5 1.00
365 367  0  5 1.00
365 387  0  5 1.00
366 367  0  5 1.00
366 368  0  5 1.00
366 369  0  5 1.00
367 368  0  5 1.00
367 369  0  5 1.00
367 390  0  5 1.00
367 391  0  5 1.00
368 369  0  5 1.00
368 370  0  5 1.00
368 390  0  5 1.00
368 391  0  5 1.00
369 370  0  5 1.00
369 371  0  5 1.00
369 391  0  5 1.00
369 392  0  5 1.00
369 393  0  5 1.00
370 371  0  5 1.00
370 372  0  5 1.00
370 393  0  5 1.00
371 372  0  5 1.00
371 373  0  5 1.00
371 393  0  5 1.00
371 394  0  5 1.00
371 395  0  5 1.00
372 373  0  5 1.00
372 374  0  5 1.00
372 395  0  5 1.00
372 396  0  5 1.00
373 374  0  5 1.00
373 375  0  5 1.00
373 395  0  5 1.00
373 396  0  5 1.00
373 397  0  5 1.00
374 375  0  5 1.00
374 376  0  5 1.00
374 396  0  5 1.00
374 397  0  5 1.00
374 398  0  5 1.00
375 376  0  5 1.00
375 377  0  5 1.00
375 398  0  5 1.00
376 377  0  5 1.00
376 378  0  5 1.00
376 398  0  5 1.00
376 399  0  5 1.00
376 400  0  5 1.00
376 401  0  5 1.00
377 378  0  5 1.00
377 379  0  5 1.00
377 381  0  5 1.00
377 382  0  5 1.00
377 400  0  5 1.00
378 379  0  5 1.00
378 380  0  5 1.00
378 381  0  5 1.00
378 382  0  5 1.00
379 380  0  5 1.00
379 381  0  5 1.00
380 381  0  5 1.00
380 382  0  5 1.00
380 402  0  5 1.00
381 382  0  5 1.00
381 383  0  5 1.00
381 401  0  5 1.00
381 402  0  5 1.00
382 383  0  5 1.00
382 384  0  5 1.00
382 401  0  5 1.00
382 402  0  5 1.00
383 384  0  5 1.00
383 385  0  5 1.00
383 402  0  5 1.00
383 403  0  5 1.00
383 404  0  5 1.00
384 385  0  5 1.00
384 386  0  5 1.00
384 404  0  5 1.00
385 386  0  5 1.00
385 387  0  5 1.00
385 404  0  5 1.00
385 405  0  5 1.00
385 406  0  5 1.00
386 387  0  5 1.00
386 388  0  5 1.00
386 406  0  5 1.00
387 388  0  5 1.00
387 389  0  5 1.00
387 406  0  5 1.00
387 407  0  5 1.00
387 408  0  5 1.00
388 389  0  5 1.00
388 390  0  5 1.00
388 406  0  5 1.00
388 407  0  5 1.00
388 408  0  5 1.00
388 409  0  5 1.00
389 390  0  5 1.00
389 391  0  5 1.00
389 409  0  5 1.00
389 410  0  5 1.00
390 391  0  5 1.00
390 392  0  5 1.00
390 409  0  5 1.00
390 410  0  5 1.00
391 392  0  5 1.00
391 393  0  5 1.00
391 410  0  5 1.00
392 393  0  5 1.00
392 394  0  5 1.00
392 410  0  5 1.00
392 411  0  5 1.00
392 412  0  5 1.00
393 394  0  5 1.00
393 395  0  5 1.00
393 412  0  5 1.00
394 395  0  5 1.00
394 396  0  5 1.00
394 412  0  5 1.00
394 413  0  5 1.00
394 414  0  5 1.00
395 396  0  5 1.00
395 397  0  5 1.00
395 414  0  5 1.00
395 415  0  5 1.00
396 397  0  5 1.00
396 398  0  5 1.00
396 414  0  5 1.00
396 415  0  5 1.00
396 416  0  5 1.00
397 398  0  5 1.00
397 399  0  5 1.00
397 415  0  5 1.00
397 416  0  5 1.00
397 417  0  5 1.00
398 399  0  5 1.00
398 400  0  5 1.00
398 417  0  5 1.00
399 400  0  5 1.00
399 401  0  5 1.00
399 417  0  5 1.00
399 418  0  5 1.00
399 419  0  5 1.00
400 401  0  5 1.00
400 402  0  5 1.00
400 419  0  5 1.00
401 402  0  5 1.00
401 403  0  5 1.00
401 419  0  5 1.00
401 420  0  5 1.00
402 403  0  5 1.00
402 404  0  5 1.00
402 419  0  5 1.00
402 420  0  5 1.00
402 421  0  5 1.00
403 404  0  5 1.00
403 405  0  5 1.00
403 420  0  5 1.00
403 421  0  5 1.00
403 422  0  5 1.00
404 405  0  5 1.00
404 406  0  5 1.00
404 422  0  5 1.00
405 406  0  5 1.00
405 407  0  5 1.00
405 422  0  5 1.00
405 423  0  5 1.00
405 424  0  5 1.00
406 407  0  5 1.00
406 408  0  5 1.00
406 424  0  5 1.00
406 425  0  5 1.00
407 408  0  5 1.00
407 409  0  5 1.00
407 424  0  5 1.00
407 425  0  5 1.00
407 427  0  5 1.00
408 409  0  5 1.00
408 410  0  5 1.00
408 424  0  5 1.00
408 425  0  5 1.00
408 426  0  5 1.00
408 427  0  5 1.00
409 410  0  5 1.00
409 411  0  5 1.00
409 430  0  5 1.00
409 431  0  5 1.00
410 411  0  5 1.00
410 412  0  5 1.00
410 431  0  5 1.00
410 432  0  5 1.00
411 412  0  5 1.00
411 413  0  5 1.00
411 431  0  5 1.00
411 432  0  5 1.00
411 433  0  5 1.00
412 413  0  5 1.00
412 414  0  5 1.00
412 433  0  5 1.00
413 414  0  5 1.00
413 415  0  5 1.00
413 433  0  5 1.00
413 434  0  5 1.00
413 435  0  5 1.00
414 415  0  5 1.00
414 416  0  5 1.00
414 435  0  5 1.00
415 416  0  5 1.00
415 417  0  5 1.00
415 435  0  5 1.00
415 436  0  5 1.00
415 437  0  5 1.00
416 417  0  5 1.00
416 418  0  5 1.00
416 437  0  5 1.00
416 438  0  5 1.00
417 418  0  5 1.00
417 419  0  5 1.00
417 438  0  5 1.00
417 439  0  5 1.00
418 419  0  5 1.00
418 420  0  5 1.00
418 438  0  5 1.00
418 439  0  5 1.00
418 440  0  5 1.00
419 420  0  5 1.00
419 421  0  5 1.00
419 440  0  5 1.00
420 421  0  5 1.00
420 422  0  5 1.00
420 440  0  5 1.00
420 441  0  5 1.00
421 422  0  5 1.00
421 423  0  5 1.00
422 423  0  5 1.00
422 424  0  5 1.00
423 424  0  5 1.00
423 425  0  5 1.00
424 425  0  5 1.00
424 426  0  5 1.00
425 426  0  5 1.00
425 427  0  5 1.00
426 427  0  5 1.00
426 428  0  5 1.00
427 428  0  5 1.00
427 429  0  5 1.00
427 430  0  5 1.00
428 429  0  5 1.00
428 430  0  5 1.00
429 430  0  5 1.00
429 431  0  5 1.00
430 431  0  5 1.00
430 432  0  5 1.00
431 432  0  5 1.00
431 433  0  5 1.00
431 514  0  5 1.00
432 433  0  5 1.00
432 434  0  5 1.00
432 513  0  5 1.00
432 514  0  5 1.00
433 434  0  5 1.00
433 435  0  5 1.00
434 435  0  5 1.00
434 436  0  5 1.00
434 513  0  5 1.00
435 436  0  5 1.00
435 437  0  5 1.00
436 437  0  5 1.00
436 438  0  5 1.00
436 443  0  5 1.00
436 444  0  5 1.00
437 438  0  5 1.00
437 439  0  5 1.00
437 444  0  5 1.00
438 439  0  5 1.00
438 440  0  5 1.00
438 441  0  5 1.00
439 440  0  5 1.00
439 441  0  5 1.00
439 442  0  5 1.00
440 441  0  5 1.00
440 442  0  5 1.00
441 442  0  5 1.00
441 443  0  5 1.00
441 464  0  5 1.00
441 465  0  5 1.00
441 466  0  5 1.00
442 443  0  5 1.00
442 444  0  5 1.00
442 463  0  5 1.00
442 464  0  5 1.00
442 465  0  5 1.00
442 466  0  5 1.00
443 444  0  5 1.00
443 445  0  5 1.00
443 511  0  5 1.00
443 512  0  5 1.00
443 513  0  5 1.00
444 445  0  5 1.00
444 446  0  5 1.00
444 511  0  5 1.00
444 512  0  5 1.00
444 513  0  5 1.00
445 446  0  5 1.00
445 447  0  5 1.00
445 509  0  5 1.00
445 510  0  5 1.00
445 511  0  5 1.00
446 447  0  5 1.00
446 448  0  5 1.00
446 509  0  5 1.00
446 510  0  5 1.00
447 448  0  5 1.00
447 449  0  5 1.00
447 507  0  5 1.00
447 508  0  5 1.00
447 509  0  5 1.00
448 449  0  5 1.00
448 450  0  5 1.00
448 507  0  5 1.00
448 508  0  5 1.00
448 509  0  5 1.00
449 450  0  5 1.00
449 451  0  5 1.00
449 505  0  5 1.00
449 506  0  5 1.00
449 507  0  5 1.00
449 508  0  5 1.00
450 451  0  5 1.00
450 452  0  5 1.00
450 457  0  5 1.00
450 458  0  5 1.00
450 459  0  5 1.00
450 506  0  5 1.00
451 452  0  5 1.00
451 453  0  5 1.00
451 457  0  5 1.00
451 458  0  5 1.00
451 503  0  5 1.00
451 504  0  5 1.00
451 505  0  5 1.00
451 506  0  5 1.00
452 453  0  5 1.00
452 454  0  5 1.00
452 455  0  5 1.00
452 457  0  5 1.00
452 501  0  5 1.00
452 503  0  5 1.00
452 504  0  5 1.00
453 454  0  5 1.00
453 455  0  5 1.00
453 501  0  5 1.00
453 502  0  5 1.00
453 503  0  5 1.00
453 504  0  5 1.00
454 455  0  5 1.00
454 456  0  5 1.00
454 500  0  5 1.00
454 501  0  5 1.00
454 502  0  5 1.00
454 503  0  5 1.00
455 456  0  5 1.00
455 457  0  5 1.00
455 497  0  5 1.00
455 500  0  5 1.00
455 501  0  5 1.00
456 457  0  5 1.00
456 458  0  5 1.00
456 495  0  5 1.00
456 496  0  5 1.00
456 497  0  5 1.00
457 458  0  5 1.00
457 459  0  5 1.00
457 495  0  5 1.00
457 496  0  5 1.00
457 497  0  5 1.00
458 459  0  5 1.00
458 460  0  5 1.00
458 493  0  5 1.00
458 494  0  5 1.00
458 495  0  5 1.00
459 460  0  5 1.00
459 461  0  5 1.00
459 493  0  5 1.00
459 494  0  5 1.00
459 495  0  5 1.00
460 461  0  5 1.00
460 462  0  5 1.00
460 491  0  5 1.00
460 492  0  5 1.00
460 493  0  5 1.00
461 462  0  5 1.00
461 463  0  5 1.00
461 491  0  5 1.00
461 492  0  5 1.00
461 493  0  5 1.00
462 463  0  5 1.00
462 464  0  5 1.00
462 465  0  5 1.00
462 491  0  5 1.00
462 492  0  5 1.00
463 464  0  5 1.00
463 465  0  5 1.00
464 465  0  5 1.00
464 466  0  5 1.00
465 466  0  5 1.00
465 467  0  5 1.00
466 467  0  5 1.00
466 468  0  5 1.00
467 468  0  5 1.00
467 469  0  5 1.00
468 469  0  5 1.00
468 470  0  5 1.00
469 470  0  5 1.00
469 471  0  5 1.00
469 512  0  5 1.00
469 513  0  5 1.00
469 514  0  5 1.00
470 471  0  5 1.00
470 472  0  5 1.00
470 512  0  5 1.00
470 513  0  5 1.00
471 472  0  5 1.00
471 473  0  5 1.00
471 510  0  5 1.00
471 511  0  5 1.00
471 512  0  5 1.00
471 513  0  5 1.00
472 473  0  5 1.00
472 474  0  5 1.00
472 510  0  5 1.00
472 511  0  5 1.00
473 474  0  5 1.00
473 475  0  5 1.00
473 508  0  5 1.00
473 509  0  5 1.00
473 510  0  5 1.00
474 475  0  5 1.00
474 476  0  5 1.00
474 508  0  5 1.00
474 509  0  5 1.00
474 510  0  5 1.00
475 476  0  5 1.00
475 477  0  5 1.00
475 508  0  5 1.00
475 509  0  5 1.00
475 510  0  5 1.00
476 477  0  5 1.00
476 478  0  5 1.00
477 478  0  5 1.00
477 479  0  5 1.00
478 479  0  5 1.00
478 480  0  5 1.00
478 481  0  5 1.00
478 482  0  5 1.00
479 480  0  5 1.00
479 481  0  5 1.00
479 482  0  5 1.00
479 483  0  5 1.00
480 481  0  5 1.00
480 482  0  5 1.00
480 483  0  5 1.00
480 499  0  5 1.00
481 482  0  5 1.00
481 483  0  5 1.00
481 484  0  5 1.00
482 483  0  5 1.00
482 484  0  5 1.00
483 484  0  5 1.00
483 485  0  5 1.00
483 496  0  5 1.00
483 498  0  5 1.00
484 485  0  5 1.00
484 486  0  5 1.00
484 496  0  5 1.00
484 497  0  5 1.00
485 486  0  5 1.00
485 487  0  5 1.00
485 494  0  5 1.00
485 495  0  5 1.00
485 496  0  5 1.00
486 487  0  5 1.00
486 488  0  5 1.00
486 494  0  5 1.00
486 495  0  5 1.00
487 488  0  5 1.00
487 489  0  5 1.00
487 492  0  5 1.00
487 493  0  5 1.00
487 494  0  5 1.00
488 489  0  5 1.00
488 490  0  5 1.00
488 492  0  5 1.00
488 493  0  5 1.00
488 494  0  5 1.00
489 490  0  5 1.00
489 491  0  5 1.00
489 492  0  5 1.00
490 491  0  5 1.00
490 492  0  5 1.00
491 492  0  5 1.00
491 493  0  5 1.00
492 493  0  5 1.00
492 494  0  5 1.00
493 494  0  5 1.00
493 495  0  5 1.00
494 495  0  5 1.00
494 496  0  5 1.00
495 496  0  5 1.00
495 497  0  5 1.00
496 497  0  5 1.00
496 498  0  5 1.00
497 498  0  5 1.00
497 499  0  5 1.00
497 500  0  5 1.00
498 499  0  5 1.00
498 500  0  5 1.00
499 500  0  5 1.00
499 501  0  5 1.00
500 501  0  5 1.00
500 502  0  5 1.00
501 502  0  5 1.00
501 503  0  5 1.00
502 503  0  5 1.00
502 504  0  5 1.00
503 504  0  5 1.00
503 505  0  5 1.00
504 505  0  5 1.00
504 506  0  5 1.00
505 506  0  5 1.00
505 507  0  5 1.00
506 507  0  5 1.00
506 508  0  5 1.00
507 508  0  5 1.00
507 509  0  5 1.00
508 509  0  5 1.00
508 510  0  5 1.00
509 510  0  5 1.00
509 511  0  5 1.00
510 511  0  5 1.00
510 512  0  5 1.00
511 512  0  5 1.00
511 513  0  5 1.00
512 513  0  5 1.00
512 514  0  5 1.00
513 514  0  5 1.00
END
HELX_P HELX_P1  1  GLY A 6   ? GLN A 15  ? GLY A 114 GLN A 123 1 ? 10 
HELX_P HELX_P2  2  SER A 16  ? SER A 20  ? SER A 124 SER A 128 5 ? 5  
HELX_P HELX_P3  3  LYS A 25  ? MET A 29  ? LYS A 133 MET A 137 5 ? 5  
HELX_P HELX_P4  4  GLN A 44  ? LYS A 49  ? GLN A 152 LYS A 157 1 ? 6  
HELX_P HELX_P5  5  ILE A 54  ? GLY A 58  ? ILE A 162 GLY A 166 5 ? 5  
HELX_P HELX_P6  6  ASN A 67  ? SER A 80  ? ASN A 175 SER A 188 1 ? 14 
HELX_P HELX_P7  7  ASP A 478 ? SER A 482 ? ASP A 586 SER A 590 5 ? 5 