4xle 596
  1   2  0  5 1.00
  1   4  0  5 1.00
  2   3  0  5 1.00
  3   4  0  5 1.00
  4   5  0  5 1.00
  5   6  0  5 1.00
  5  10  0  5 1.00
  6   7  0  5 1.00
  7   8  0  5 1.00
  8   9  0  5 1.00
  9  10  0  5 1.00
 10  11  0  5 1.00
 11  12  0  5 1.00
 11  30  0  5 1.00
 12  13  0  5 1.00
 12  30  0  5 1.00
 13  14  0  5 1.00
 14  15  0  5 1.00
 15  16  0  5 1.00
 15  28  0  5 1.00
 16  17  0  5 1.00
 17  18  0  5 1.00
 18  19  0  5 1.00
 19  20  0  5 1.00
 20  21  0  5 1.00
 21  22  0  5 1.00
 22  23  0  5 1.00
 23  24  0  5 1.00
 24  25  0  5 1.00
 25  26  0  5 1.00
 26  27  0  5 1.00
 27  28  0  5 1.00
 28  29  0  5 1.00
 29  30  0  5 1.00
 30  31  0  5 1.00
 30  33  0  5 1.00
 31  32  0  5 1.00
 32  33  0  5 1.00
 33  34  0  5 1.00
 34  35  0  5 1.00
 35  36  0  5 1.00
 36  37  0  5 1.00
 37  38  0  5 1.00
 38  39  0  5 1.00
 38  79  0  5 1.00
 39  40  0  5 1.00
 40  41  0  5 1.00
 41  42  0  5 1.00
 42  43  0  5 1.00
 43  44  0  5 1.00
 44  45  0  5 1.00
 44  50  0  5 1.00
 45  46  0  5 1.00
 46  47  0  5 1.00
 47  48  0  5 1.00
 48  49  0  5 1.00
 49  50  0  5 1.00
 50  51  0  5 1.00
 51  52  0  5 1.00
 52  53  0  5 1.00
 53  54  0  5 1.00
 54  55  0  5 1.00
 55  56  0  5 1.00
 56  57  0  5 1.00
 57  58  0  5 1.00
 58  59  0  5 1.00
 58  89  0  5 1.00
 59  60  0  5 1.00
 60  61  0  5 1.00
 61  62  0  5 1.00
 62  63  0  5 1.00
 63  64  0  5 1.00
 64  65  0  5 1.00
 65  66  0  5 1.00
 66  67  0  5 1.00
 67  68  0  5 1.00
 68  69  0  5 1.00
 69  70  0  5 1.00
 70  71  0  5 1.00
 71  72  0  5 1.00
 71  75  0  5 1.00
 72  73  0  5 1.00
 73  74  0  5 1.00
 74  75  0  5 1.00
 75  76  0  5 1.00
 75 108  0  5 1.00
 75 109  0  5 1.00
 76  77  0  5 1.00
 77  78  0  5 1.00
 77 110  0  5 1.00
 78  79  0  5 1.00
 79  80  0  5 1.00
 79 112  0  5 1.00
 80  81  0  5 1.00
 80 113  0  5 1.00
 81  82  0  5 1.00
 82  83  0  5 1.00
 82 114  0  5 1.00
 82 115  0  5 1.00
 83  84  0  5 1.00
 84  85  0  5 1.00
 85  86  0  5 1.00
 85 116  0  5 1.00
 86  87  0  5 1.00
 86 117  0  5 1.00
 87  88  0  5 1.00
 87 118  0  5 1.00
 88  89  0  5 1.00
 89  90  0  5 1.00
 90  91  0  5 1.00
 91  92  0  5 1.00
 91 102  0  5 1.00
 92  93  0  5 1.00
 92 102  0  5 1.00
 93  94  0  5 1.00
 94  95  0  5 1.00
 95  96  0  5 1.00
 95 135  0  5 1.00
 95 136  0  5 1.00
 96  97  0  5 1.00
 96 101  0  5 1.00
 97  98  0  5 1.00
 98  99  0  5 1.00
 98 137  0  5 1.00
 99 100  0  5 1.00
100 101  0  5 1.00
100 128  0  5 1.00
101 102  0  5 1.00
101 129  0  5 1.00
102 103  0  5 1.00
102 130  0  5 1.00
103 104  0  5 1.00
103 131  0  5 1.00
104 105  0  5 1.00
104 132  0  5 1.00
105 106  0  5 1.00
105 133  0  5 1.00
106 107  0  5 1.00
107 108  0  5 1.00
107 146  0  5 1.00
108 109  0  5 1.00
108 147  0  5 1.00
109 110  0  5 1.00
110 111  0  5 1.00
110 149  0  5 1.00
111 112  0  5 1.00
111 150  0  5 1.00
112 113  0  5 1.00
113 114  0  5 1.00
114 115  0  5 1.00
114 154  0  5 1.00
115 116  0  5 1.00
115 154  0  5 1.00
116 117  0  5 1.00
116 155  0  5 1.00
117 118  0  5 1.00
117 156  0  5 1.00
118 119  0  5 1.00
118 157  0  5 1.00
119 120  0  5 1.00
120 121  0  5 1.00
121 122  0  5 1.00
122 123  0  5 1.00
123 124  0  5 1.00
124 125  0  5 1.00
125 126  0  5 1.00
125 163  0  5 1.00
125 164  0  5 1.00
126 127  0  5 1.00
127 128  0  5 1.00
128 129  0  5 1.00
128 170  0  5 1.00
129 130  0  5 1.00
129 171  0  5 1.00
130 131  0  5 1.00
130 172  0  5 1.00
131 132  0  5 1.00
131 173  0  5 1.00
132 133  0  5 1.00
132 174  0  5 1.00
133 134  0  5 1.00
133 175  0  5 1.00
133 176  0  5 1.00
134 135  0  5 1.00
134 176  0  5 1.00
135 136  0  5 1.00
136 137  0  5 1.00
136 142  0  5 1.00
137 138  0  5 1.00
138 139  0  5 1.00
139 140  0  5 1.00
139 142  0  5 1.00
140 141  0  5 1.00
141 142  0  5 1.00
142 143  0  5 1.00
143 144  0  5 1.00
144 145  0  5 1.00
144 177  0  5 1.00
145 146  0  5 1.00
145 178  0  5 1.00
146 147  0  5 1.00
146 179  0  5 1.00
147 148  0  5 1.00
147 180  0  5 1.00
148 149  0  5 1.00
148 181  0  5 1.00
149 150  0  5 1.00
149 182  0  5 1.00
150 151  0  5 1.00
150 183  0  5 1.00
151 152  0  5 1.00
151 184  0  5 1.00
152 153  0  5 1.00
153 154  0  5 1.00
154 155  0  5 1.00
155 156  0  5 1.00
155 187  0  5 1.00
156 157  0  5 1.00
156 188  0  5 1.00
157 158  0  5 1.00
158 159  0  5 1.00
158 191  0  5 1.00
159 160  0  5 1.00
160 161  0  5 1.00
160 190  0  5 1.00
160 191  0  5 1.00
161 162  0  5 1.00
162 163  0  5 1.00
163 164  0  5 1.00
164 165  0  5 1.00
165 166  0  5 1.00
166 167  0  5 1.00
167 168  0  5 1.00
168 169  0  5 1.00
169 170  0  5 1.00
170 171  0  5 1.00
170 193  0  5 1.00
171 172  0  5 1.00
171 195  0  5 1.00
172 173  0  5 1.00
172 196  0  5 1.00
173 174  0  5 1.00
173 197  0  5 1.00
174 175  0  5 1.00
174 198  0  5 1.00
175 176  0  5 1.00
176 177  0  5 1.00
177 178  0  5 1.00
177 200  0  5 1.00
178 179  0  5 1.00
178 205  0  5 1.00
179 180  0  5 1.00
179 205  0  5 1.00
179 206  0  5 1.00
180 181  0  5 1.00
180 207  0  5 1.00
181 182  0  5 1.00
181 208  0  5 1.00
182 183  0  5 1.00
182 209  0  5 1.00
183 184  0  5 1.00
183 210  0  5 1.00
184 185  0  5 1.00
184 211  0  5 1.00
185 186  0  5 1.00
185 212  0  5 1.00
185 213  0  5 1.00
186 187  0  5 1.00
186 213  0  5 1.00
187 188  0  5 1.00
187 214  0  5 1.00
188 189  0  5 1.00
188 215  0  5 1.00
189 190  0  5 1.00
189 216  0  5 1.00
190 191  0  5 1.00
191 192  0  5 1.00
191 218  0  5 1.00
192 193  0  5 1.00
192 219  0  5 1.00
193 194  0  5 1.00
194 195  0  5 1.00
194 227  0  5 1.00
195 196  0  5 1.00
195 229  0  5 1.00
196 197  0  5 1.00
197 198  0  5 1.00
197 230  0  5 1.00
198 199  0  5 1.00
198 231  0  5 1.00
199 200  0  5 1.00
199 232  0  5 1.00
200 201  0  5 1.00
200 205  0  5 1.00
200 233  0  5 1.00
200 234  0  5 1.00
201 202  0  5 1.00
202 203  0  5 1.00
202 287  0  5 1.00
203 204  0  5 1.00
203 234  0  5 1.00
203 290  0  5 1.00
203 291  0  5 1.00
204 205  0  5 1.00
204 290  0  5 1.00
205 206  0  5 1.00
205 234  0  5 1.00
206 207  0  5 1.00
207 208  0  5 1.00
207 237  0  5 1.00
208 209  0  5 1.00
208 237  0  5 1.00
209 210  0  5 1.00
209 238  0  5 1.00
210 211  0  5 1.00
210 239  0  5 1.00
211 212  0  5 1.00
211 240  0  5 1.00
212 213  0  5 1.00
212 242  0  5 1.00
213 214  0  5 1.00
213 242  0  5 1.00
214 215  0  5 1.00
214 243  0  5 1.00
215 216  0  5 1.00
215 244  0  5 1.00
216 217  0  5 1.00
216 245  0  5 1.00
217 218  0  5 1.00
217 246  0  5 1.00
218 219  0  5 1.00
219 220  0  5 1.00
220 221  0  5 1.00
221 222  0  5 1.00
222 223  0  5 1.00
223 224  0  5 1.00
224 225  0  5 1.00
225 226  0  5 1.00
226 227  0  5 1.00
227 228  0  5 1.00
227 255  0  5 1.00
228 229  0  5 1.00
228 256  0  5 1.00
229 230  0  5 1.00
229 257  0  5 1.00
230 231  0  5 1.00
230 258  0  5 1.00
231 232  0  5 1.00
231 259  0  5 1.00
232 233  0  5 1.00
233 234  0  5 1.00
234 235  0  5 1.00
235 236  0  5 1.00
236 237  0  5 1.00
236 264  0  5 1.00
237 238  0  5 1.00
238 239  0  5 1.00
238 266  0  5 1.00
239 240  0  5 1.00
239 267  0  5 1.00
240 241  0  5 1.00
240 268  0  5 1.00
241 242  0  5 1.00
241 269  0  5 1.00
241 270  0  5 1.00
242 243  0  5 1.00
242 270  0  5 1.00
243 244  0  5 1.00
243 271  0  5 1.00
244 245  0  5 1.00
244 272  0  5 1.00
245 246  0  5 1.00
245 273  0  5 1.00
246 247  0  5 1.00
246 274  0  5 1.00
247 248  0  5 1.00
248 249  0  5 1.00
249 250  0  5 1.00
250 251  0  5 1.00
251 252  0  5 1.00
251 255  0  5 1.00
252 253  0  5 1.00
252 275  0  5 1.00
252 276  0  5 1.00
253 254  0  5 1.00
254 255  0  5 1.00
255 256  0  5 1.00
256 257  0  5 1.00
256 277  0  5 1.00
257 258  0  5 1.00
258 259  0  5 1.00
258 279  0  5 1.00
259 260  0  5 1.00
259 280  0  5 1.00
260 261  0  5 1.00
260 281  0  5 1.00
261 262  0  5 1.00
262 263  0  5 1.00
262 295  0  5 1.00
263 264  0  5 1.00
263 295  0  5 1.00
263 296  0  5 1.00
264 265  0  5 1.00
264 297  0  5 1.00
265 266  0  5 1.00
266 267  0  5 1.00
266 299  0  5 1.00
267 268  0  5 1.00
267 300  0  5 1.00
268 269  0  5 1.00
268 301  0  5 1.00
269 270  0  5 1.00
269 302  0  5 1.00
269 303  0  5 1.00
270 271  0  5 1.00
270 303  0  5 1.00
271 272  0  5 1.00
271 304  0  5 1.00
272 273  0  5 1.00
272 305  0  5 1.00
273 274  0  5 1.00
273 306  0  5 1.00
274 275  0  5 1.00
275 276  0  5 1.00
275 307  0  5 1.00
276 277  0  5 1.00
276 308  0  5 1.00
276 309  0  5 1.00
277 278  0  5 1.00
277 310  0  5 1.00
278 279  0  5 1.00
278 311  0  5 1.00
279 280  0  5 1.00
279 312  0  5 1.00
280 281  0  5 1.00
280 313  0  5 1.00
281 282  0  5 1.00
282 283  0  5 1.00
282 315  0  5 1.00
283 284  0  5 1.00
283 316  0  5 1.00
284 285  0  5 1.00
285 286  0  5 1.00
285 324  0  5 1.00
286 287  0  5 1.00
287 288  0  5 1.00
288 289  0  5 1.00
289 290  0  5 1.00
290 291  0  5 1.00
291 292  0  5 1.00
292 293  0  5 1.00
293 294  0  5 1.00
293 324  0  5 1.00
294 295  0  5 1.00
294 325  0  5 1.00
295 296  0  5 1.00
295 326  0  5 1.00
296 297  0  5 1.00
296 327  0  5 1.00
297 298  0  5 1.00
298 299  0  5 1.00
298 329  0  5 1.00
299 300  0  5 1.00
300 301  0  5 1.00
300 331  0  5 1.00
301 302  0  5 1.00
301 332  0  5 1.00
302 303  0  5 1.00
302 333  0  5 1.00
302 334  0  5 1.00
303 304  0  5 1.00
303 334  0  5 1.00
304 305  0  5 1.00
305 306  0  5 1.00
305 336  0  5 1.00
306 307  0  5 1.00
307 308  0  5 1.00
308 309  0  5 1.00
309 310  0  5 1.00
309 347  0  5 1.00
309 349  0  5 1.00
310 311  0  5 1.00
310 350  0  5 1.00
311 312  0  5 1.00
311 351  0  5 1.00
312 313  0  5 1.00
313 314  0  5 1.00
313 353  0  5 1.00
314 315  0  5 1.00
315 316  0  5 1.00
316 317  0  5 1.00
316 365  0  5 1.00
317 318  0  5 1.00
318 319  0  5 1.00
318 323  0  5 1.00
319 320  0  5 1.00
320 321  0  5 1.00
321 322  0  5 1.00
322 323  0  5 1.00
323 324  0  5 1.00
324 325  0  5 1.00
325 326  0  5 1.00
326 327  0  5 1.00
326 367  0  5 1.00
327 328  0  5 1.00
327 368  0  5 1.00
328 329  0  5 1.00
328 369  0  5 1.00
329 330  0  5 1.00
329 370  0  5 1.00
330 331  0  5 1.00
330 371  0  5 1.00
331 332  0  5 1.00
331 372  0  5 1.00
332 333  0  5 1.00
333 334  0  5 1.00
333 375  0  5 1.00
334 335  0  5 1.00
334 375  0  5 1.00
335 336  0  5 1.00
335 376  0  5 1.00
336 337  0  5 1.00
336 377  0  5 1.00
337 338  0  5 1.00
337 378  0  5 1.00
338 339  0  5 1.00
338 379  0  5 1.00
339 340  0  5 1.00
340 341  0  5 1.00
341 342  0  5 1.00
342 343  0  5 1.00
343 344  0  5 1.00
343 383  0  5 1.00
344 345  0  5 1.00
345 346  0  5 1.00
346 347  0  5 1.00
347 348  0  5 1.00
348 349  0  5 1.00
349 350  0  5 1.00
349 386  0  5 1.00
350 351  0  5 1.00
350 387  0  5 1.00
351 352  0  5 1.00
351 388  0  5 1.00
352 353  0  5 1.00
352 389  0  5 1.00
353 354  0  5 1.00
353 390  0  5 1.00
354 355  0  5 1.00
354 391  0  5 1.00
355 356  0  5 1.00
356 357  0  5 1.00
356 362  0  5 1.00
357 358  0  5 1.00
358 359  0  5 1.00
359 360  0  5 1.00
360 361  0  5 1.00
361 362  0  5 1.00
362 363  0  5 1.00
362 393  0  5 1.00
363 364  0  5 1.00
364 365  0  5 1.00
365 366  0  5 1.00
366 367  0  5 1.00
367 368  0  5 1.00
368 369  0  5 1.00
368 396  0  5 1.00
368 397  0  5 1.00
369 370  0  5 1.00
370 371  0  5 1.00
370 398  0  5 1.00
371 372  0  5 1.00
371 399  0  5 1.00
372 373  0  5 1.00
372 400  0  5 1.00
373 374  0  5 1.00
373 401  0  5 1.00
374 375  0  5 1.00
374 403  0  5 1.00
375 376  0  5 1.00
375 403  0  5 1.00
376 377  0  5 1.00
376 404  0  5 1.00
377 378  0  5 1.00
377 405  0  5 1.00
378 379  0  5 1.00
378 406  0  5 1.00
379 380  0  5 1.00
380 381  0  5 1.00
381 382  0  5 1.00
381 437  0  5 1.00
382 383  0  5 1.00
383 384  0  5 1.00
384 385  0  5 1.00
385 386  0  5 1.00
386 387  0  5 1.00
387 388  0  5 1.00
387 409  0  5 1.00
388 389  0  5 1.00
388 410  0  5 1.00
389 390  0  5 1.00
390 391  0  5 1.00
391 392  0  5 1.00
392 393  0  5 1.00
393 394  0  5 1.00
393 420  0  5 1.00
394 395  0  5 1.00
394 420  0  5 1.00
394 421  0  5 1.00
395 396  0  5 1.00
396 397  0  5 1.00
396 423  0  5 1.00
397 398  0  5 1.00
397 424  0  5 1.00
398 399  0  5 1.00
399 400  0  5 1.00
399 426  0  5 1.00
400 401  0  5 1.00
400 427  0  5 1.00
401 402  0  5 1.00
402 403  0  5 1.00
402 430  0  5 1.00
402 431  0  5 1.00
403 404  0  5 1.00
403 431  0  5 1.00
404 405  0  5 1.00
404 432  0  5 1.00
405 406  0  5 1.00
406 407  0  5 1.00
406 434  0  5 1.00
407 408  0  5 1.00
408 409  0  5 1.00
409 410  0  5 1.00
409 446  0  5 1.00
410 411  0  5 1.00
411 412  0  5 1.00
411 447  0  5 1.00
412 413  0  5 1.00
413 414  0  5 1.00
414 415  0  5 1.00
415 416  0  5 1.00
416 417  0  5 1.00
417 418  0  5 1.00
418 419  0  5 1.00
419 420  0  5 1.00
419 451  0  5 1.00
419 452  0  5 1.00
420 421  0  5 1.00
421 422  0  5 1.00
422 423  0  5 1.00
422 454  0  5 1.00
423 424  0  5 1.00
423 455  0  5 1.00
424 425  0  5 1.00
424 456  0  5 1.00
424 457  0  5 1.00
425 426  0  5 1.00
425 457  0  5 1.00
426 427  0  5 1.00
426 458  0  5 1.00
427 428  0  5 1.00
427 459  0  5 1.00
428 429  0  5 1.00
429 430  0  5 1.00
429 460  0  5 1.00
430 431  0  5 1.00
431 432  0  5 1.00
432 433  0  5 1.00
433 434  0  5 1.00
434 435  0  5 1.00
435 436  0  5 1.00
436 437  0  5 1.00
437 438  0  5 1.00
438 439  0  5 1.00
438 467  0  5 1.00
439 440  0  5 1.00
439 469  0  5 1.00
440 441  0  5 1.00
441 442  0  5 1.00
441 470  0  5 1.00
442 443  0  5 1.00
442 469  0  5 1.00
443 444  0  5 1.00
444 445  0  5 1.00
445 446  0  5 1.00
445 472  0  5 1.00
446 447  0  5 1.00
446 473  0  5 1.00
447 448  0  5 1.00
447 474  0  5 1.00
448 449  0  5 1.00
449 450  0  5 1.00
450 451  0  5 1.00
451 452  0  5 1.00
452 453  0  5 1.00
452 480  0  5 1.00
453 454  0  5 1.00
453 480  0  5 1.00
453 481  0  5 1.00
454 455  0  5 1.00
454 482  0  5 1.00
455 456  0  5 1.00
456 457  0  5 1.00
457 458  0  5 1.00
457 485  0  5 1.00
458 459  0  5 1.00
458 486  0  5 1.00
459 460  0  5 1.00
459 487  0  5 1.00
460 461  0  5 1.00
460 488  0  5 1.00
461 462  0  5 1.00
461 489  0  5 1.00
462 463  0  5 1.00
463 464  0  5 1.00
464 465  0  5 1.00
465 466  0  5 1.00
466 467  0  5 1.00
467 468  0  5 1.00
468 469  0  5 1.00
469 470  0  5 1.00
470 471  0  5 1.00
471 472  0  5 1.00
472 473  0  5 1.00
472 500  0  5 1.00
473 474  0  5 1.00
474 475  0  5 1.00
474 501  0  5 1.00
475 476  0  5 1.00
475 502  0  5 1.00
476 477  0  5 1.00
477 478  0  5 1.00
478 479  0  5 1.00
478 504  0  5 1.00
478 505  0  5 1.00
479 480  0  5 1.00
480 481  0  5 1.00
481 482  0  5 1.00
482 483  0  5 1.00
483 484  0  5 1.00
484 485  0  5 1.00
484 512  0  5 1.00
485 486  0  5 1.00
486 487  0  5 1.00
486 514  0  5 1.00
487 488  0  5 1.00
487 515  0  5 1.00
488 489  0  5 1.00
488 516  0  5 1.00
489 490  0  5 1.00
489 517  0  5 1.00
490 491  0  5 1.00
491 492  0  5 1.00
492 493  0  5 1.00
493 494  0  5 1.00
494 495  0  5 1.00
495 496  0  5 1.00
496 497  0  5 1.00
497 498  0  5 1.00
498 499  0  5 1.00
499 500  0  5 1.00
500 501  0  5 1.00
501 502  0  5 1.00
502 503  0  5 1.00
503 504  0  5 1.00
504 505  0  5 1.00
505 506  0  5 1.00
506 507  0  5 1.00
507 508  0  5 1.00
508 509  0  5 1.00
509 510  0  5 1.00
510 511  0  5 1.00
511 512  0  5 1.00
512 513  0  5 1.00
513 514  0  5 1.00
514 515  0  5 1.00
515 516  0  5 1.00
516 517  0  5 1.00
516 593  0  5 1.00
517 518  0  5 1.00
518 519  0  5 1.00
518 591  0  5 1.00
519 520  0  5 1.00
520 521  0  5 1.00
520 589  0  5 1.00
521 522  0  5 1.00
522 523  0  5 1.00
522 587  0  5 1.00
523 524  0  5 1.00
523 536  0  5 1.00
524 525  0  5 1.00
524 585  0  5 1.00
525 526  0  5 1.00
525 534  0  5 1.00
526 527  0  5 1.00
527 528  0  5 1.00
527 582  0  5 1.00
527 583  0  5 1.00
528 529  0  5 1.00
529 530  0  5 1.00
529 581  0  5 1.00
530 531  0  5 1.00
530 578  0  5 1.00
531 532  0  5 1.00
531 577  0  5 1.00
532 533  0  5 1.00
533 534  0  5 1.00
533 575  0  5 1.00
534 535  0  5 1.00
535 536  0  5 1.00
535 573  0  5 1.00
536 537  0  5 1.00
537 538  0  5 1.00
538 539  0  5 1.00
539 540  0  5 1.00
539 570  0  5 1.00
539 571  0  5 1.00
540 541  0  5 1.00
541 542  0  5 1.00
541 570  0  5 1.00
542 543  0  5 1.00
542 570  0  5 1.00
543 544  0  5 1.00
544 545  0  5 1.00
545 546  0  5 1.00
545 594  0  5 1.00
546 547  0  5 1.00
546 565  0  5 1.00
547 548  0  5 1.00
547 592  0  5 1.00
548 549  0  5 1.00
548 563  0  5 1.00
549 550  0  5 1.00
549 590  0  5 1.00
550 551  0  5 1.00
551 552  0  5 1.00
552 553  0  5 1.00
553 554  0  5 1.00
554 555  0  5 1.00
555 556  0  5 1.00
556 557  0  5 1.00
557 558  0  5 1.00
558 559  0  5 1.00
558 578  0  5 1.00
559 560  0  5 1.00
560 561  0  5 1.00
560 576  0  5 1.00
561 562  0  5 1.00
561 576  0  5 1.00
562 563  0  5 1.00
563 564  0  5 1.00
564 565  0  5 1.00
564 574  0  5 1.00
565 566  0  5 1.00
566 567  0  5 1.00
566 572  0  5 1.00
567 568  0  5 1.00
568 569  0  5 1.00
569 570  0  5 1.00
570 571  0  5 1.00
571 572  0  5 1.00
572 573  0  5 1.00
573 574  0  5 1.00
574 575  0  5 1.00
575 576  0  5 1.00
576 577  0  5 1.00
577 578  0  5 1.00
578 579  0  5 1.00
579 580  0  5 1.00
580 581  0  5 1.00
581 582  0  5 1.00
582 583  0  5 1.00
583 584  0  5 1.00
584 585  0  5 1.00
585 586  0  5 1.00
586 587  0  5 1.00
587 588  0  5 1.00
588 589  0  5 1.00
589 590  0  5 1.00
590 591  0  5 1.00
591 592  0  5 1.00
592 593  0  5 1.00
593 594  0  5 1.00
594 595  0  5 1.00
595 596  0  5 1.00
END
HELX_P HELX_P1  AA1 PHE A 1   ? SER A 7   ? PHE A 114 SER A 120 1 ? 7  
HELX_P HELX_P2  AA2 GLU A 9   ? HIS A 13  ? GLU A 122 HIS A 126 5 ? 5  
HELX_P HELX_P3  AA3 GLN A 17  ? ASN A 21  ? GLN A 130 ASN A 134 5 ? 5  
HELX_P HELX_P4  AA4 VAL A 29  ? ASP A 34  ? VAL A 142 ASP A 147 1 ? 6  
HELX_P HELX_P5  AA5 SER A 38  ? PHE A 42  ? SER A 151 PHE A 155 5 ? 5  
HELX_P HELX_P6  AA6 SER A 59  ? ASN A 73  ? SER A 172 ASN A 186 1 ? 15 
HELX_P HELX_P7  AA7 ILE A 96  ? HIS A 99  ? ILE A 209 HIS A 212 5 ? 4  
HELX_P HELX_P8  AA8 PRO A 121 ? ASP A 124 ? PRO A 234 ASP A 237 5 ? 4  
HELX_P HELX_P9  AA9 ASP A 138 ? SER A 142 ? ASP A 251 SER A 255 5 ? 5  
HELX_P HELX_P10 AB1 PHE A 250 ? ILE A 254 ? PHE A 363 ILE A 367 1 ? 5  
HELX_P HELX_P11 AB2 HIS A 284 ? ALA A 288 ? HIS A 397 ALA A 401 5 ? 5  
HELX_P HELX_P12 AB3 ASN A 506 ? GLY A 510 ? ASN A 619 GLY A 623 5 ? 5  