5cxp 390
  3   4  0  5 1.00
  3   5  0  5 1.00
  4   5  0  5 1.00
  4   6  0  5 1.00
  4 307  0  5 1.00
  4 337  0  5 1.00
  5   6  0  5 1.00
  5   7  0  5 1.00
  5 307  0  5 1.00
  5 337  0  5 1.00
  6   7  0  5 1.00
  6   8  0  5 1.00
  6 304  0  5 1.00
  6 337  0  5 1.00
  6 338  0  5 1.00
  6 339  0  5 1.00
  7   8  0  5 1.00
  7   9  0  5 1.00
  7 302  0  5 1.00
  7 303  0  5 1.00
  7 304  0  5 1.00
  7 339  0  5 1.00
  8   9  0  5 1.00
  8  10  0  5 1.00
  8 302  0  5 1.00
  8 303  0  5 1.00
  8 339  0  5 1.00
  8 340  0  5 1.00
  8 341  0  5 1.00
  9  10  0  5 1.00
  9  11  0  5 1.00
  9  12  0  5 1.00
  9 301  0  5 1.00
  9 302  0  5 1.00
  9 303  0  5 1.00
  9 341  0  5 1.00
 10  11  0  5 1.00
 10  12  0  5 1.00
 10  13  0  5 1.00
 10 341  0  5 1.00
 11  12  0  5 1.00
 11  13  0  5 1.00
 11 341  0  5 1.00
 12  13  0  5 1.00
 12  14  0  5 1.00
 12 300  0  5 1.00
 12 301  0  5 1.00
 12 302  0  5 1.00
 13  14  0  5 1.00
 13  15  0  5 1.00
 13 300  0  5 1.00
 13 301  0  5 1.00
 14  15  0  5 1.00
 14  16  0  5 1.00
 14 300  0  5 1.00
 14 301  0  5 1.00
 15  16  0  5 1.00
 15  17  0  5 1.00
 15 298  0  5 1.00
 15 299  0  5 1.00
 15 300  0  5 1.00
 16  17  0  5 1.00
 16  18  0  5 1.00
 16 258  0  5 1.00
 16 298  0  5 1.00
 16 299  0  5 1.00
 17  18  0  5 1.00
 17  19  0  5 1.00
 17 258  0  5 1.00
 17 295  0  5 1.00
 17 297  0  5 1.00
 17 298  0  5 1.00
 17 299  0  5 1.00
 18  19  0  5 1.00
 18  20  0  5 1.00
 18 258  0  5 1.00
 18 259  0  5 1.00
 19  20  0  5 1.00
 19  21  0  5 1.00
 19 258  0  5 1.00
 19 259  0  5 1.00
 19 260  0  5 1.00
 20  21  0  5 1.00
 20  22  0  5 1.00
 20  44  0  5 1.00
 20  45  0  5 1.00
 20  46  0  5 1.00
 20 260  0  5 1.00
 21  22  0  5 1.00
 21  23  0  5 1.00
 21  45  0  5 1.00
 21  46  0  5 1.00
 21 260  0  5 1.00
 21 261  0  5 1.00
 21 262  0  5 1.00
 22  23  0  5 1.00
 22  24  0  5 1.00
 22  46  0  5 1.00
 22  47  0  5 1.00
 22  48  0  5 1.00
 22 261  0  5 1.00
 22 262  0  5 1.00
 22 263  0  5 1.00
 23  24  0  5 1.00
 23  25  0  5 1.00
 23  48  0  5 1.00
 23 262  0  5 1.00
 23 263  0  5 1.00
 23 264  0  5 1.00
 23 265  0  5 1.00
 24  25  0  5 1.00
 24  26  0  5 1.00
 24  27  0  5 1.00
 24  28  0  5 1.00
 24  48  0  5 1.00
 24  49  0  5 1.00
 25  26  0  5 1.00
 25  27  0  5 1.00
 25  48  0  5 1.00
 25  49  0  5 1.00
 25  50  0  5 1.00
 26  27  0  5 1.00
 26  28  0  5 1.00
 26 267  0  5 1.00
 27  28  0  5 1.00
 27  29  0  5 1.00
 27  30  0  5 1.00
 28  29  0  5 1.00
 28  30  0  5 1.00
 28  67  0  5 1.00
 29  30  0  5 1.00
 29  31  0  5 1.00
 29  67  0  5 1.00
 30  31  0  5 1.00
 30  32  0  5 1.00
 31  32  0  5 1.00
 31  33  0  5 1.00
 31  34  0  5 1.00
 31  35  0  5 1.00
 31  36  0  5 1.00
 32  33  0  5 1.00
 32  34  0  5 1.00
 32  35  0  5 1.00
 32  36  0  5 1.00
 32  37  0  5 1.00
 33  34  0  5 1.00
 33  35  0  5 1.00
 33  36  0  5 1.00
 33  37  0  5 1.00
 34  35  0  5 1.00
 34  36  0  5 1.00
 34  37  0  5 1.00
 34  38  0  5 1.00
 34  39  0  5 1.00
 35  36  0  5 1.00
 35  37  0  5 1.00
 35  38  0  5 1.00
 35  39  0  5 1.00
 35  40  0  5 1.00
 36  37  0  5 1.00
 36  38  0  5 1.00
 36  39  0  5 1.00
 36  40  0  5 1.00
 36  41  0  5 1.00
 36  42  0  5 1.00
 37  38  0  5 1.00
 37  39  0  5 1.00
 37  40  0  5 1.00
 37  41  0  5 1.00
 37  42  0  5 1.00
 38  39  0  5 1.00
 38  40  0  5 1.00
 38  41  0  5 1.00
 38  42  0  5 1.00
 38  43  0  5 1.00
 38  44  0  5 1.00
 39  40  0  5 1.00
 39  41  0  5 1.00
 39  43  0  5 1.00
 39  44  0  5 1.00
 39  78  0  5 1.00
 40  41  0  5 1.00
 40  42  0  5 1.00
 40  43  0  5 1.00
 41  42  0  5 1.00
 41  43  0  5 1.00
 42  43  0  5 1.00
 42  44  0  5 1.00
 42 288  0  5 1.00
 42 291  0  5 1.00
 42 292  0  5 1.00
 43  44  0  5 1.00
 43  45  0  5 1.00
 43 291  0  5 1.00
 43 292  0  5 1.00
 44  45  0  5 1.00
 44  46  0  5 1.00
 45  46  0  5 1.00
 45  47  0  5 1.00
 45  79  0  5 1.00
 45  80  0  5 1.00
 45  81  0  5 1.00
 46  47  0  5 1.00
 46  48  0  5 1.00
 46  80  0  5 1.00
 46  81  0  5 1.00
 47  48  0  5 1.00
 47  49  0  5 1.00
 47  81  0  5 1.00
 47  82  0  5 1.00
 47  83  0  5 1.00
 48  49  0  5 1.00
 48  50  0  5 1.00
 48  83  0  5 1.00
 49  50  0  5 1.00
 49  51  0  5 1.00
 49  83  0  5 1.00
 49  84  0  5 1.00
 49  85  0  5 1.00
 50  51  0  5 1.00
 50  52  0  5 1.00
 50  85  0  5 1.00
 51  52  0  5 1.00
 51  53  0  5 1.00
 51  85  0  5 1.00
 51  86  0  5 1.00
 51  87  0  5 1.00
 51  88  0  5 1.00
 52  53  0  5 1.00
 52  54  0  5 1.00
 52  64  0  5 1.00
 53  54  0  5 1.00
 53  55  0  5 1.00
 53  88  0  5 1.00
 53  90  0  5 1.00
 54  55  0  5 1.00
 54  56  0  5 1.00
 54  57  0  5 1.00
 54  90  0  5 1.00
 55  56  0  5 1.00
 55  57  0  5 1.00
 55  58  0  5 1.00
 56  57  0  5 1.00
 56  58  0  5 1.00
 56  59  0  5 1.00
 56  60  0  5 1.00
 56  61  0  5 1.00
 57  58  0  5 1.00
 57  59  0  5 1.00
 57  60  0  5 1.00
 57  61  0  5 1.00
 58  59  0  5 1.00
 58  60  0  5 1.00
 59  60  0  5 1.00
 59  61  0  5 1.00
 60  61  0  5 1.00
 60  62  0  5 1.00
 61  62  0  5 1.00
 61  63  0  5 1.00
 62  63  0  5 1.00
 62  64  0  5 1.00
 62  65  0  5 1.00
 62  66  0  5 1.00
 63  64  0  5 1.00
 63  65  0  5 1.00
 63  66  0  5 1.00
 63  67  0  5 1.00
 64  65  0  5 1.00
 64  66  0  5 1.00
 65  66  0  5 1.00
 65  67  0  5 1.00
 65  68  0  5 1.00
 65  69  0  5 1.00
 66  67  0  5 1.00
 66  68  0  5 1.00
 66  69  0  5 1.00
 66  70  0  5 1.00
 67  68  0  5 1.00
 67  69  0  5 1.00
 67  70  0  5 1.00
 67  71  0  5 1.00
 68  69  0  5 1.00
 68  70  0  5 1.00
 68  71  0  5 1.00
 68  72  0  5 1.00
 68  73  0  5 1.00
 69  70  0  5 1.00
 69  71  0  5 1.00
 69  72  0  5 1.00
 69  73  0  5 1.00
 70  71  0  5 1.00
 70  72  0  5 1.00
 70  73  0  5 1.00
 70  74  0  5 1.00
 71  72  0  5 1.00
 71  73  0  5 1.00
 71  74  0  5 1.00
 71  75  0  5 1.00
 72  73  0  5 1.00
 72  74  0  5 1.00
 72  75  0  5 1.00
 72  76  0  5 1.00
 72  77  0  5 1.00
 73  74  0  5 1.00
 73  75  0  5 1.00
 73  76  0  5 1.00
 73  77  0  5 1.00
 74  75  0  5 1.00
 74  76  0  5 1.00
 74  77  0  5 1.00
 74  78  0  5 1.00
 75  76  0  5 1.00
 75  77  0  5 1.00
 75  78  0  5 1.00
 75  79  0  5 1.00
 75  80  0  5 1.00
 76  77  0  5 1.00
 76  78  0  5 1.00
 76  79  0  5 1.00
 76  80  0  5 1.00
 77  78  0  5 1.00
 77  79  0  5 1.00
 78  79  0  5 1.00
 78  80  0  5 1.00
 79  80  0  5 1.00
 79  81  0  5 1.00
 80  81  0  5 1.00
 80  82  0  5 1.00
 81  82  0  5 1.00
 81  83  0  5 1.00
 82  83  0  5 1.00
 82  84  0  5 1.00
 82 132  0  5 1.00
 82 133  0  5 1.00
 82 134  0  5 1.00
 82 135  0  5 1.00
 83  84  0  5 1.00
 83  85  0  5 1.00
 83 134  0  5 1.00
 83 135  0  5 1.00
 84  85  0  5 1.00
 84  86  0  5 1.00
 84 135  0  5 1.00
 84 136  0  5 1.00
 84 137  0  5 1.00
 85  86  0  5 1.00
 85  87  0  5 1.00
 85 137  0  5 1.00
 86  87  0  5 1.00
 86  88  0  5 1.00
 86 137  0  5 1.00
 86 138  0  5 1.00
 86 139  0  5 1.00
 86 140  0  5 1.00
 87  88  0  5 1.00
 87  89  0  5 1.00
 87 140  0  5 1.00
 87 149  0  5 1.00
 87 150  0  5 1.00
 87 151  0  5 1.00
 88  89  0  5 1.00
 88  90  0  5 1.00
 88  99  0  5 1.00
 88 149  0  5 1.00
 88 150  0  5 1.00
 88 151  0  5 1.00
 89  90  0  5 1.00
 89  91  0  5 1.00
 89  99  0  5 1.00
 90  91  0  5 1.00
 90  92  0  5 1.00
 90  93  0  5 1.00
 90  94  0  5 1.00
 91  92  0  5 1.00
 91  93  0  5 1.00
 91  94  0  5 1.00
 91  97  0  5 1.00
 91  98  0  5 1.00
 91  99  0  5 1.00
 92  93  0  5 1.00
 92  94  0  5 1.00
 93  94  0  5 1.00
 93  95  0  5 1.00
 93 106  0  5 1.00
 93 107  0  5 1.00
 93 108  0  5 1.00
 94  95  0  5 1.00
 94  96  0  5 1.00
 94  97  0  5 1.00
 94 106  0  5 1.00
 94 107  0  5 1.00
 94 108  0  5 1.00
 95  96  0  5 1.00
 95  97  0  5 1.00
 95 106  0  5 1.00
 95 107  0  5 1.00
 95 108  0  5 1.00
 96  97  0  5 1.00
 96  98  0  5 1.00
 96 102  0  5 1.00
 96 105  0  5 1.00
 96 106  0  5 1.00
 97  98  0  5 1.00
 97  99  0  5 1.00
 98  99  0  5 1.00
 98 100  0  5 1.00
 99 100  0  5 1.00
 99 101  0  5 1.00
 99 148  0  5 1.00
 99 149  0  5 1.00
 99 150  0  5 1.00
100 101  0  5 1.00
100 102  0  5 1.00
100 146  0  5 1.00
100 147  0  5 1.00
100 148  0  5 1.00
100 149  0  5 1.00
100 150  0  5 1.00
101 102  0  5 1.00
101 103  0  5 1.00
101 104  0  5 1.00
101 105  0  5 1.00
101 145  0  5 1.00
101 146  0  5 1.00
101 147  0  5 1.00
101 148  0  5 1.00
101 150  0  5 1.00
101 151  0  5 1.00
102 103  0  5 1.00
102 104  0  5 1.00
102 105  0  5 1.00
102 145  0  5 1.00
102 146  0  5 1.00
103 104  0  5 1.00
103 105  0  5 1.00
104 105  0  5 1.00
104 106  0  5 1.00
104 152  0  5 1.00
105 106  0  5 1.00
105 107  0  5 1.00
105 150  0  5 1.00
105 151  0  5 1.00
105 152  0  5 1.00
106 107  0  5 1.00
106 108  0  5 1.00
106 151  0  5 1.00
106 152  0  5 1.00
107 108  0  5 1.00
107 109  0  5 1.00
107 152  0  5 1.00
108 109  0  5 1.00
108 110  0  5 1.00
108 111  0  5 1.00
108 112  0  5 1.00
109 110  0  5 1.00
109 111  0  5 1.00
109 112  0  5 1.00
110 111  0  5 1.00
110 112  0  5 1.00
111 112  0  5 1.00
111 113  0  5 1.00
111 114  0  5 1.00
111 115  0  5 1.00
111 116  0  5 1.00
112 113  0  5 1.00
112 114  0  5 1.00
112 115  0  5 1.00
112 116  0  5 1.00
113 114  0  5 1.00
113 115  0  5 1.00
113 116  0  5 1.00
113 117  0  5 1.00
114 115  0  5 1.00
114 116  0  5 1.00
114 117  0  5 1.00
114 118  0  5 1.00
115 116  0  5 1.00
115 117  0  5 1.00
115 118  0  5 1.00
115 119  0  5 1.00
115 120  0  5 1.00
116 117  0  5 1.00
116 118  0  5 1.00
116 119  0  5 1.00
116 120  0  5 1.00
117 118  0  5 1.00
117 119  0  5 1.00
117 120  0  5 1.00
117 121  0  5 1.00
118 119  0  5 1.00
118 120  0  5 1.00
118 121  0  5 1.00
118 122  0  5 1.00
119 120  0  5 1.00
119 121  0  5 1.00
119 122  0  5 1.00
119 123  0  5 1.00
120 121  0  5 1.00
120 122  0  5 1.00
120 123  0  5 1.00
120 124  0  5 1.00
120 125  0  5 1.00
121 122  0  5 1.00
121 123  0  5 1.00
121 124  0  5 1.00
121 125  0  5 1.00
122 123  0  5 1.00
122 124  0  5 1.00
122 125  0  5 1.00
122 126  0  5 1.00
123 124  0  5 1.00
123 125  0  5 1.00
123 126  0  5 1.00
123 127  0  5 1.00
124 125  0  5 1.00
124 126  0  5 1.00
124 127  0  5 1.00
124 128  0  5 1.00
124 129  0  5 1.00
125 126  0  5 1.00
125 127  0  5 1.00
125 128  0  5 1.00
125 129  0  5 1.00
126 127  0  5 1.00
126 128  0  5 1.00
126 129  0  5 1.00
126 130  0  5 1.00
126 131  0  5 1.00
126 132  0  5 1.00
127 128  0  5 1.00
127 129  0  5 1.00
127 130  0  5 1.00
127 131  0  5 1.00
127 132  0  5 1.00
128 129  0  5 1.00
128 130  0  5 1.00
129 130  0  5 1.00
129 131  0  5 1.00
130 131  0  5 1.00
130 132  0  5 1.00
131 132  0  5 1.00
131 133  0  5 1.00
132 133  0  5 1.00
132 134  0  5 1.00
133 134  0  5 1.00
133 135  0  5 1.00
134 135  0  5 1.00
134 136  0  5 1.00
134 174  0  5 1.00
135 136  0  5 1.00
135 137  0  5 1.00
135 174  0  5 1.00
136 137  0  5 1.00
136 138  0  5 1.00
136 174  0  5 1.00
136 175  0  5 1.00
136 176  0  5 1.00
137 138  0  5 1.00
137 139  0  5 1.00
137 176  0  5 1.00
138 139  0  5 1.00
138 140  0  5 1.00
138 176  0  5 1.00
139 140  0  5 1.00
139 141  0  5 1.00
139 142  0  5 1.00
139 178  0  5 1.00
139 179  0  5 1.00
140 141  0  5 1.00
140 142  0  5 1.00
140 151  0  5 1.00
140 179  0  5 1.00
141 142  0  5 1.00
141 143  0  5 1.00
141 144  0  5 1.00
141 151  0  5 1.00
141 178  0  5 1.00
141 179  0  5 1.00
141 180  0  5 1.00
141 181  0  5 1.00
142 143  0  5 1.00
142 144  0  5 1.00
142 151  0  5 1.00
142 152  0  5 1.00
142 153  0  5 1.00
142 178  0  5 1.00
142 179  0  5 1.00
143 144  0  5 1.00
143 145  0  5 1.00
143 153  0  5 1.00
144 145  0  5 1.00
144 146  0  5 1.00
144 151  0  5 1.00
145 146  0  5 1.00
145 147  0  5 1.00
146 147  0  5 1.00
146 148  0  5 1.00
147 148  0  5 1.00
147 149  0  5 1.00
148 149  0  5 1.00
148 150  0  5 1.00
149 150  0  5 1.00
149 151  0  5 1.00
150 151  0  5 1.00
150 152  0  5 1.00
151 152  0  5 1.00
151 153  0  5 1.00
152 153  0  5 1.00
152 154  0  5 1.00
153 154  0  5 1.00
153 155  0  5 1.00
154 155  0  5 1.00
154 156  0  5 1.00
154 157  0  5 1.00
154 158  0  5 1.00
155 156  0  5 1.00
155 157  0  5 1.00
155 158  0  5 1.00
155 159  0  5 1.00
155 186  0  5 1.00
155 187  0  5 1.00
156 157  0  5 1.00
156 158  0  5 1.00
156 159  0  5 1.00
156 160  0  5 1.00
156 161  0  5 1.00
157 158  0  5 1.00
157 159  0  5 1.00
157 160  0  5 1.00
157 161  0  5 1.00
157 162  0  5 1.00
158 159  0  5 1.00
158 160  0  5 1.00
158 161  0  5 1.00
158 162  0  5 1.00
158 163  0  5 1.00
159 160  0  5 1.00
159 161  0  5 1.00
159 162  0  5 1.00
159 163  0  5 1.00
160 161  0  5 1.00
160 162  0  5 1.00
160 163  0  5 1.00
160 164  0  5 1.00
161 162  0  5 1.00
161 163  0  5 1.00
161 164  0  5 1.00
161 165  0  5 1.00
161 166  0  5 1.00
162 163  0  5 1.00
162 164  0  5 1.00
162 165  0  5 1.00
162 166  0  5 1.00
162 167  0  5 1.00
163 164  0  5 1.00
163 165  0  5 1.00
163 166  0  5 1.00
164 165  0  5 1.00
164 166  0  5 1.00
165 166  0  5 1.00
165 167  0  5 1.00
165 168  0  5 1.00
165 169  0  5 1.00
165 170  0  5 1.00
166 167  0  5 1.00
166 168  0  5 1.00
166 169  0  5 1.00
166 170  0  5 1.00
166 171  0  5 1.00
166 200  0  5 1.00
167 168  0  5 1.00
167 169  0  5 1.00
167 170  0  5 1.00
167 171  0  5 1.00
168 169  0  5 1.00
168 170  0  5 1.00
168 171  0  5 1.00
168 172  0  5 1.00
169 170  0  5 1.00
169 171  0  5 1.00
169 172  0  5 1.00
169 173  0  5 1.00
170 171  0  5 1.00
170 172  0  5 1.00
170 173  0  5 1.00
170 174  0  5 1.00
170 200  0  5 1.00
171 172  0  5 1.00
171 173  0  5 1.00
172 173  0  5 1.00
172 174  0  5 1.00
173 174  0  5 1.00
173 175  0  5 1.00
174 175  0  5 1.00
174 176  0  5 1.00
175 176  0  5 1.00
175 177  0  5 1.00
175 200  0  5 1.00
175 201  0  5 1.00
175 202  0  5 1.00
175 203  0  5 1.00
176 177  0  5 1.00
176 178  0  5 1.00
176 203  0  5 1.00
177 178  0  5 1.00
177 179  0  5 1.00
177 203  0  5 1.00
177 204  0  5 1.00
177 205  0  5 1.00
178 179  0  5 1.00
178 180  0  5 1.00
178 205  0  5 1.00
179 180  0  5 1.00
179 181  0  5 1.00
179 205  0  5 1.00
179 206  0  5 1.00
179 207  0  5 1.00
180 181  0  5 1.00
180 182  0  5 1.00
180 183  0  5 1.00
180 184  0  5 1.00
180 205  0  5 1.00
180 206  0  5 1.00
180 207  0  5 1.00
181 182  0  5 1.00
181 183  0  5 1.00
181 207  0  5 1.00
181 208  0  5 1.00
181 209  0  5 1.00
182 183  0  5 1.00
182 184  0  5 1.00
182 207  0  5 1.00
182 208  0  5 1.00
182 209  0  5 1.00
182 211  0  5 1.00
183 184  0  5 1.00
183 185  0  5 1.00
183 206  0  5 1.00
183 207  0  5 1.00
184 185  0  5 1.00
184 186  0  5 1.00
184 187  0  5 1.00
184 188  0  5 1.00
185 186  0  5 1.00
185 187  0  5 1.00
185 188  0  5 1.00
185 189  0  5 1.00
186 187  0  5 1.00
186 188  0  5 1.00
186 189  0  5 1.00
186 190  0  5 1.00
187 188  0  5 1.00
187 189  0  5 1.00
188 189  0  5 1.00
188 190  0  5 1.00
188 191  0  5 1.00
188 192  0  5 1.00
188 193  0  5 1.00
189 190  0  5 1.00
189 191  0  5 1.00
189 192  0  5 1.00
189 193  0  5 1.00
189 194  0  5 1.00
190 191  0  5 1.00
190 192  0  5 1.00
190 193  0  5 1.00
190 194  0  5 1.00
191 192  0  5 1.00
191 193  0  5 1.00
191 194  0  5 1.00
191 197  0  5 1.00
191 198  0  5 1.00
192 193  0  5 1.00
192 194  0  5 1.00
192 195  0  5 1.00
192 198  0  5 1.00
193 194  0  5 1.00
193 195  0  5 1.00
194 195  0  5 1.00
194 196  0  5 1.00
194 197  0  5 1.00
194 198  0  5 1.00
194 199  0  5 1.00
195 196  0  5 1.00
195 197  0  5 1.00
195 198  0  5 1.00
195 199  0  5 1.00
196 197  0  5 1.00
196 198  0  5 1.00
196 199  0  5 1.00
196 200  0  5 1.00
197 198  0  5 1.00
197 199  0  5 1.00
197 200  0  5 1.00
197 201  0  5 1.00
198 199  0  5 1.00
198 200  0  5 1.00
198 201  0  5 1.00
199 200  0  5 1.00
199 201  0  5 1.00
200 201  0  5 1.00
200 202  0  5 1.00
201 202  0  5 1.00
201 203  0  5 1.00
202 203  0  5 1.00
202 204  0  5 1.00
202 223  0  5 1.00
202 224  0  5 1.00
202 225  0  5 1.00
203 204  0  5 1.00
203 205  0  5 1.00
203 225  0  5 1.00
204 205  0  5 1.00
204 206  0  5 1.00
204 225  0  5 1.00
204 226  0  5 1.00
204 227  0  5 1.00
205 206  0  5 1.00
205 207  0  5 1.00
205 227  0  5 1.00
206 207  0  5 1.00
206 208  0  5 1.00
206 227  0  5 1.00
206 228  0  5 1.00
206 229  0  5 1.00
206 230  0  5 1.00
207 208  0  5 1.00
207 209  0  5 1.00
207 229  0  5 1.00
207 230  0  5 1.00
208 209  0  5 1.00
208 210  0  5 1.00
208 211  0  5 1.00
208 230  0  5 1.00
209 210  0  5 1.00
209 211  0  5 1.00
210 211  0  5 1.00
210 212  0  5 1.00
211 212  0  5 1.00
211 213  0  5 1.00
212 213  0  5 1.00
212 214  0  5 1.00
213 214  0  5 1.00
213 215  0  5 1.00
214 215  0  5 1.00
214 216  0  5 1.00
214 254  0  5 1.00
214 255  0  5 1.00
215 216  0  5 1.00
215 217  0  5 1.00
215 254  0  5 1.00
215 255  0  5 1.00
216 217  0  5 1.00
216 218  0  5 1.00
216 219  0  5 1.00
216 220  0  5 1.00
216 255  0  5 1.00
217 218  0  5 1.00
217 219  0  5 1.00
217 220  0  5 1.00
217 221  0  5 1.00
217 222  0  5 1.00
218 219  0  5 1.00
218 220  0  5 1.00
218 221  0  5 1.00
218 222  0  5 1.00
219 220  0  5 1.00
219 221  0  5 1.00
219 222  0  5 1.00
219 223  0  5 1.00
219 224  0  5 1.00
220 221  0  5 1.00
220 222  0  5 1.00
220 223  0  5 1.00
220 224  0  5 1.00
221 222  0  5 1.00
221 223  0  5 1.00
222 223  0  5 1.00
222 224  0  5 1.00
223 224  0  5 1.00
223 225  0  5 1.00
224 225  0  5 1.00
224 226  0  5 1.00
225 226  0  5 1.00
225 227  0  5 1.00
226 227  0  5 1.00
226 228  0  5 1.00
226 256  0  5 1.00
226 257  0  5 1.00
226 258  0  5 1.00
226 259  0  5 1.00
227 228  0  5 1.00
227 229  0  5 1.00
227 259  0  5 1.00
228 229  0  5 1.00
228 230  0  5 1.00
228 259  0  5 1.00
228 260  0  5 1.00
228 261  0  5 1.00
229 230  0  5 1.00
229 231  0  5 1.00
229 261  0  5 1.00
229 262  0  5 1.00
230 231  0  5 1.00
230 232  0  5 1.00
230 261  0  5 1.00
230 262  0  5 1.00
230 263  0  5 1.00
231 232  0  5 1.00
231 233  0  5 1.00
231 261  0  5 1.00
231 262  0  5 1.00
231 263  0  5 1.00
232 233  0  5 1.00
232 234  0  5 1.00
232 263  0  5 1.00
233 234  0  5 1.00
233 235  0  5 1.00
233 270  0  5 1.00
234 235  0  5 1.00
234 236  0  5 1.00
235 236  0  5 1.00
235 237  0  5 1.00
236 237  0  5 1.00
236 238  0  5 1.00
237 238  0  5 1.00
237 239  0  5 1.00
237 240  0  5 1.00
237 241  0  5 1.00
238 239  0  5 1.00
238 240  0  5 1.00
238 241  0  5 1.00
238 242  0  5 1.00
238 243  0  5 1.00
238 380  0  5 1.00
239 240  0  5 1.00
239 241  0  5 1.00
239 242  0  5 1.00
239 243  0  5 1.00
240 241  0  5 1.00
240 242  0  5 1.00
240 243  0  5 1.00
240 244  0  5 1.00
241 242  0  5 1.00
241 243  0  5 1.00
241 244  0  5 1.00
241 245  0  5 1.00
242 243  0  5 1.00
242 244  0  5 1.00
242 245  0  5 1.00
242 246  0  5 1.00
242 247  0  5 1.00
243 244  0  5 1.00
243 245  0  5 1.00
243 246  0  5 1.00
243 247  0  5 1.00
244 245  0  5 1.00
244 246  0  5 1.00
244 247  0  5 1.00
244 248  0  5 1.00
245 246  0  5 1.00
245 247  0  5 1.00
245 248  0  5 1.00
245 249  0  5 1.00
245 250  0  5 1.00
246 247  0  5 1.00
246 248  0  5 1.00
246 249  0  5 1.00
246 250  0  5 1.00
246 251  0  5 1.00
247 248  0  5 1.00
247 249  0  5 1.00
247 250  0  5 1.00
247 251  0  5 1.00
248 249  0  5 1.00
248 250  0  5 1.00
248 251  0  5 1.00
248 252  0  5 1.00
248 253  0  5 1.00
249 250  0  5 1.00
249 251  0  5 1.00
249 252  0  5 1.00
249 253  0  5 1.00
249 254  0  5 1.00
250 251  0  5 1.00
250 252  0  5 1.00
250 253  0  5 1.00
250 254  0  5 1.00
250 255  0  5 1.00
250 256  0  5 1.00
251 252  0  5 1.00
251 253  0  5 1.00
251 254  0  5 1.00
251 255  0  5 1.00
251 256  0  5 1.00
251 257  0  5 1.00
252 253  0  5 1.00
252 254  0  5 1.00
252 255  0  5 1.00
252 256  0  5 1.00
252 257  0  5 1.00
253 254  0  5 1.00
253 255  0  5 1.00
253 256  0  5 1.00
254 255  0  5 1.00
254 256  0  5 1.00
255 256  0  5 1.00
255 257  0  5 1.00
256 257  0  5 1.00
256 258  0  5 1.00
257 258  0  5 1.00
257 259  0  5 1.00
258 259  0  5 1.00
258 260  0  5 1.00
259 260  0  5 1.00
259 261  0  5 1.00
260 261  0  5 1.00
260 262  0  5 1.00
261 262  0  5 1.00
261 263  0  5 1.00
262 263  0  5 1.00
262 264  0  5 1.00
263 264  0  5 1.00
263 265  0  5 1.00
264 265  0  5 1.00
264 266  0  5 1.00
264 267  0  5 1.00
264 270  0  5 1.00
264 271  0  5 1.00
264 272  0  5 1.00
265 266  0  5 1.00
265 267  0  5 1.00
265 271  0  5 1.00
265 272  0  5 1.00
265 273  0  5 1.00
266 267  0  5 1.00
266 268  0  5 1.00
266 271  0  5 1.00
266 272  0  5 1.00
266 273  0  5 1.00
267 268  0  5 1.00
267 269  0  5 1.00
268 269  0  5 1.00
268 270  0  5 1.00
268 271  0  5 1.00
269 270  0  5 1.00
269 271  0  5 1.00
270 271  0  5 1.00
270 272  0  5 1.00
271 272  0  5 1.00
271 273  0  5 1.00
272 273  0  5 1.00
272 274  0  5 1.00
272 279  0  5 1.00
272 280  0  5 1.00
272 281  0  5 1.00
273 274  0  5 1.00
273 275  0  5 1.00
273 279  0  5 1.00
273 280  0  5 1.00
273 281  0  5 1.00
274 275  0  5 1.00
274 276  0  5 1.00
274 277  0  5 1.00
274 278  0  5 1.00
274 279  0  5 1.00
274 280  0  5 1.00
275 276  0  5 1.00
275 277  0  5 1.00
275 278  0  5 1.00
276 277  0  5 1.00
276 278  0  5 1.00
277 278  0  5 1.00
277 279  0  5 1.00
278 279  0  5 1.00
278 280  0  5 1.00
279 280  0  5 1.00
279 281  0  5 1.00
280 281  0  5 1.00
280 282  0  5 1.00
281 282  0  5 1.00
281 283  0  5 1.00
281 284  0  5 1.00
281 285  0  5 1.00
282 283  0  5 1.00
282 284  0  5 1.00
282 285  0  5 1.00
282 286  0  5 1.00
283 284  0  5 1.00
283 285  0  5 1.00
283 286  0  5 1.00
283 287  0  5 1.00
284 285  0  5 1.00
284 286  0  5 1.00
284 287  0  5 1.00
284 288  0  5 1.00
285 286  0  5 1.00
285 287  0  5 1.00
285 288  0  5 1.00
285 289  0  5 1.00
286 287  0  5 1.00
286 288  0  5 1.00
286 289  0  5 1.00
286 290  0  5 1.00
287 288  0  5 1.00
287 289  0  5 1.00
287 290  0  5 1.00
287 291  0  5 1.00
287 292  0  5 1.00
288 289  0  5 1.00
288 290  0  5 1.00
288 291  0  5 1.00
288 292  0  5 1.00
288 293  0  5 1.00
289 290  0  5 1.00
289 291  0  5 1.00
289 292  0  5 1.00
289 293  0  5 1.00
289 384  0  5 1.00
290 291  0  5 1.00
290 292  0  5 1.00
290 293  0  5 1.00
290 294  0  5 1.00
291 292  0  5 1.00
291 293  0  5 1.00
291 294  0  5 1.00
292 293  0  5 1.00
292 294  0  5 1.00
293 294  0  5 1.00
293 295  0  5 1.00
294 295  0  5 1.00
294 296  0  5 1.00
295 296  0  5 1.00
295 297  0  5 1.00
295 298  0  5 1.00
296 297  0  5 1.00
296 298  0  5 1.00
297 298  0  5 1.00
297 299  0  5 1.00
297 317  0  5 1.00
298 299  0  5 1.00
298 300  0  5 1.00
298 317  0  5 1.00
298 318  0  5 1.00
299 300  0  5 1.00
299 301  0  5 1.00
299 315  0  5 1.00
299 316  0  5 1.00
299 317  0  5 1.00
300 301  0  5 1.00
300 302  0  5 1.00
300 315  0  5 1.00
300 316  0  5 1.00
300 317  0  5 1.00
301 302  0  5 1.00
301 303  0  5 1.00
301 315  0  5 1.00
301 316  0  5 1.00
302 303  0  5 1.00
302 304  0  5 1.00
303 304  0  5 1.00
303 305  0  5 1.00
303 313  0  5 1.00
304 305  0  5 1.00
304 306  0  5 1.00
304 307  0  5 1.00
304 313  0  5 1.00
305 306  0  5 1.00
305 307  0  5 1.00
305 311  0  5 1.00
305 312  0  5 1.00
305 313  0  5 1.00
306 307  0  5 1.00
306 308  0  5 1.00
306 311  0  5 1.00
306 312  0  5 1.00
306 313  0  5 1.00
307 308  0  5 1.00
307 309  0  5 1.00
307 311  0  5 1.00
308 309  0  5 1.00
308 310  0  5 1.00
308 311  0  5 1.00
309 310  0  5 1.00
309 311  0  5 1.00
310 311  0  5 1.00
310 312  0  5 1.00
310 327  0  5 1.00
310 328  0  5 1.00
310 329  0  5 1.00
310 330  0  5 1.00
311 312  0  5 1.00
311 313  0  5 1.00
311 327  0  5 1.00
311 328  0  5 1.00
311 329  0  5 1.00
312 313  0  5 1.00
312 314  0  5 1.00
312 325  0  5 1.00
312 326  0  5 1.00
312 327  0  5 1.00
313 314  0  5 1.00
313 315  0  5 1.00
313 325  0  5 1.00
313 326  0  5 1.00
314 315  0  5 1.00
314 316  0  5 1.00
314 323  0  5 1.00
314 324  0  5 1.00
314 325  0  5 1.00
315 316  0  5 1.00
315 317  0  5 1.00
315 323  0  5 1.00
315 324  0  5 1.00
315 325  0  5 1.00
316 317  0  5 1.00
316 318  0  5 1.00
316 321  0  5 1.00
316 322  0  5 1.00
316 323  0  5 1.00
317 318  0  5 1.00
317 319  0  5 1.00
317 321  0  5 1.00
317 322  0  5 1.00
318 319  0  5 1.00
318 320  0  5 1.00
318 321  0  5 1.00
319 320  0  5 1.00
319 321  0  5 1.00
320 321  0  5 1.00
320 322  0  5 1.00
320 387  0  5 1.00
320 388  0  5 1.00
320 389  0  5 1.00
321 322  0  5 1.00
321 323  0  5 1.00
321 387  0  5 1.00
321 388  0  5 1.00
321 389  0  5 1.00
322 323  0  5 1.00
322 324  0  5 1.00
322 385  0  5 1.00
322 386  0  5 1.00
322 387  0  5 1.00
322 389  0  5 1.00
323 324  0  5 1.00
323 325  0  5 1.00
323 385  0  5 1.00
323 386  0  5 1.00
324 325  0  5 1.00
324 326  0  5 1.00
324 383  0  5 1.00
324 384  0  5 1.00
324 385  0  5 1.00
325 326  0  5 1.00
325 327  0  5 1.00
325 383  0  5 1.00
325 384  0  5 1.00
326 327  0  5 1.00
326 328  0  5 1.00
326 381  0  5 1.00
326 382  0  5 1.00
326 383  0  5 1.00
326 384  0  5 1.00
327 328  0  5 1.00
327 329  0  5 1.00
327 381  0  5 1.00
327 382  0  5 1.00
328 329  0  5 1.00
328 330  0  5 1.00
328 378  0  5 1.00
328 379  0  5 1.00
328 380  0  5 1.00
328 381  0  5 1.00
328 382  0  5 1.00
329 330  0  5 1.00
329 331  0  5 1.00
329 380  0  5 1.00
329 381  0  5 1.00
330 331  0  5 1.00
330 332  0  5 1.00
330 379  0  5 1.00
330 380  0  5 1.00
331 332  0  5 1.00
331 333  0  5 1.00
331 379  0  5 1.00
332 333  0  5 1.00
332 334  0  5 1.00
332 377  0  5 1.00
332 378  0  5 1.00
332 379  0  5 1.00
333 334  0  5 1.00
333 335  0  5 1.00
333 377  0  5 1.00
333 378  0  5 1.00
333 379  0  5 1.00
334 335  0  5 1.00
334 336  0  5 1.00
334 375  0  5 1.00
334 376  0  5 1.00
334 377  0  5 1.00
335 336  0  5 1.00
335 337  0  5 1.00
335 375  0  5 1.00
335 376  0  5 1.00
335 377  0  5 1.00
336 337  0  5 1.00
336 338  0  5 1.00
336 373  0  5 1.00
336 374  0  5 1.00
336 375  0  5 1.00
336 376  0  5 1.00
337 338  0  5 1.00
337 339  0  5 1.00
337 373  0  5 1.00
337 374  0  5 1.00
338 339  0  5 1.00
338 340  0  5 1.00
338 371  0  5 1.00
338 372  0  5 1.00
338 373  0  5 1.00
338 374  0  5 1.00
339 340  0  5 1.00
339 341  0  5 1.00
339 371  0  5 1.00
339 372  0  5 1.00
340 341  0  5 1.00
340 342  0  5 1.00
340 343  0  5 1.00
340 370  0  5 1.00
340 371  0  5 1.00
340 372  0  5 1.00
341 342  0  5 1.00
341 343  0  5 1.00
342 343  0  5 1.00
342 344  0  5 1.00
343 344  0  5 1.00
343 345  0  5 1.00
343 371  0  5 1.00
344 345  0  5 1.00
344 346  0  5 1.00
344 388  0  5 1.00
344 389  0  5 1.00
345 346  0  5 1.00
345 347  0  5 1.00
345 368  0  5 1.00
345 388  0  5 1.00
345 389  0  5 1.00
346 347  0  5 1.00
346 348  0  5 1.00
346 387  0  5 1.00
346 388  0  5 1.00
347 348  0  5 1.00
347 349  0  5 1.00
347 386  0  5 1.00
347 387  0  5 1.00
347 388  0  5 1.00
348 349  0  5 1.00
348 350  0  5 1.00
348 366  0  5 1.00
348 386  0  5 1.00
348 387  0  5 1.00
349 350  0  5 1.00
349 351  0  5 1.00
349 384  0  5 1.00
349 385  0  5 1.00
349 386  0  5 1.00
350 351  0  5 1.00
350 352  0  5 1.00
350 360  0  5 1.00
350 361  0  5 1.00
350 362  0  5 1.00
350 363  0  5 1.00
350 384  0  5 1.00
350 385  0  5 1.00
351 352  0  5 1.00
351 353  0  5 1.00
351 360  0  5 1.00
351 361  0  5 1.00
351 362  0  5 1.00
351 382  0  5 1.00
351 383  0  5 1.00
351 384  0  5 1.00
352 353  0  5 1.00
352 354  0  5 1.00
352 357  0  5 1.00
352 358  0  5 1.00
352 359  0  5 1.00
352 360  0  5 1.00
352 382  0  5 1.00
352 383  0  5 1.00
353 354  0  5 1.00
353 355  0  5 1.00
353 357  0  5 1.00
353 358  0  5 1.00
353 359  0  5 1.00
353 380  0  5 1.00
353 381  0  5 1.00
353 382  0  5 1.00
354 355  0  5 1.00
354 356  0  5 1.00
354 357  0  5 1.00
354 380  0  5 1.00
354 381  0  5 1.00
355 356  0  5 1.00
355 357  0  5 1.00
355 380  0  5 1.00
356 357  0  5 1.00
356 358  0  5 1.00
357 358  0  5 1.00
357 359  0  5 1.00
357 360  0  5 1.00
358 359  0  5 1.00
358 360  0  5 1.00
359 360  0  5 1.00
359 361  0  5 1.00
360 361  0  5 1.00
360 362  0  5 1.00
361 362  0  5 1.00
361 363  0  5 1.00
362 363  0  5 1.00
362 364  0  5 1.00
363 364  0  5 1.00
363 365  0  5 1.00
364 365  0  5 1.00
364 366  0  5 1.00
365 366  0  5 1.00
365 367  0  5 1.00
366 367  0  5 1.00
366 368  0  5 1.00
367 368  0  5 1.00
367 369  0  5 1.00
367 372  0  5 1.00
367 373  0  5 1.00
368 369  0  5 1.00
368 370  0  5 1.00
368 371  0  5 1.00
368 372  0  5 1.00
368 373  0  5 1.00
369 370  0  5 1.00
369 371  0  5 1.00
369 372  0  5 1.00
370 371  0  5 1.00
370 372  0  5 1.00
371 372  0  5 1.00
371 373  0  5 1.00
372 373  0  5 1.00
372 374  0  5 1.00
373 374  0  5 1.00
373 375  0  5 1.00
374 375  0  5 1.00
374 376  0  5 1.00
375 376  0  5 1.00
375 377  0  5 1.00
376 377  0  5 1.00
376 378  0  5 1.00
377 378  0  5 1.00
377 379  0  5 1.00
378 379  0  5 1.00
378 380  0  5 1.00
378 381  0  5 1.00
379 380  0  5 1.00
379 381  0  5 1.00
380 381  0  5 1.00
380 382  0  5 1.00
381 382  0  5 1.00
381 383  0  5 1.00
382 383  0  5 1.00
382 384  0  5 1.00
383 384  0  5 1.00
383 385  0  5 1.00
384 385  0  5 1.00
384 386  0  5 1.00
385 386  0  5 1.00
385 387  0  5 1.00
386 387  0  5 1.00
386 388  0  5 1.00
387 388  0  5 1.00
387 389  0  5 1.00
388 389  0  5 1.00
END
HELX_P HELX_P1  AA1 SER A 31  ? LYS A 40  ? SER A 31  LYS A 40  1 ? 10 
HELX_P HELX_P2  AA2 GLY A 56  ? GLY A 60  ? GLY A 56  GLY A 60  5 ? 5  
HELX_P HELX_P3  AA3 TYR A 62  ? ALA A 64  ? TYR A 62  ALA A 64  5 ? 3  
HELX_P HELX_P4  AA4 TRP A 65  ? ARG A 78  ? TRP A 65  ARG A 78  1 ? 14 
HELX_P HELX_P5  AA5 PRO A 90  ? LYS A 94  ? PRO A 90  LYS A 94  5 ? 5  
HELX_P HELX_P6  AA6 GLY A 101 ? GLY A 105 ? GLY A 101 GLY A 105 5 ? 5  
HELX_P HELX_P7  AA7 LYS A 108 ? SER A 110 ? LYS A 108 SER A 110 5 ? 3  
HELX_P HELX_P8  AA8 SER A 111 ? ASN A 129 ? SER A 111 ASN A 129 1 ? 19 
HELX_P HELX_P9  AA9 THR A 154 ? ILE A 173 ? THR A 154 ILE A 173 1 ? 20 
HELX_P HELX_P10 AB1 ASN A 184 ? MET A 187 ? ASN A 184 MET A 187 5 ? 4  
HELX_P HELX_P11 AB2 SER A 188 ? ASP A 194 ? SER A 188 ASP A 194 1 ? 7  
HELX_P HELX_P12 AB3 ASP A 194 ? GLN A 199 ? ASP A 194 GLN A 199 1 ? 6  
HELX_P HELX_P13 AB4 TYR A 216 ? LYS A 222 ? TYR A 216 LYS A 222 1 ? 7  
HELX_P HELX_P14 AB5 ASP A 237 ? ILE A 254 ? ASP A 237 ILE A 254 1 ? 18 
HELX_P HELX_P15 AB6 LYS A 282 ? LYS A 292 ? LYS A 282 LYS A 292 1 ? 11 