5czo 395
  1   2  0  5 1.00
  1   3  0  5 1.00
  1   4  0  5 1.00
  2   3  0  5 1.00
  2   4  0  5 1.00
  3   4  0  5 1.00
  3   5  0  5 1.00
  4   5  0  5 1.00
  4   6  0  5 1.00
  4  10  0  5 1.00
  4  11  0  5 1.00
  4  12  0  5 1.00
  5   6  0  5 1.00
  5   7  0  5 1.00
  5   8  0  5 1.00
  5  10  0  5 1.00
  5  11  0  5 1.00
  5  12  0  5 1.00
  6   7  0  5 1.00
  6   8  0  5 1.00
  6  10  0  5 1.00
  6  11  0  5 1.00
  7   8  0  5 1.00
  7  10  0  5 1.00
  8  10  0  5 1.00
 10  11  0  5 1.00
 10  12  0  5 1.00
 10  28  0  5 1.00
 10  29  0  5 1.00
 10  30  0  5 1.00
 11  12  0  5 1.00
 11  13  0  5 1.00
 11  26  0  5 1.00
 11  27  0  5 1.00
 11  28  0  5 1.00
 12  13  0  5 1.00
 12  14  0  5 1.00
 12  26  0  5 1.00
 12  27  0  5 1.00
 13  14  0  5 1.00
 13  15  0  5 1.00
 13  26  0  5 1.00
 13  27  0  5 1.00
 14  15  0  5 1.00
 14  16  0  5 1.00
 14  24  0  5 1.00
 14  25  0  5 1.00
 14  26  0  5 1.00
 15  16  0  5 1.00
 15  17  0  5 1.00
 15  24  0  5 1.00
 15  25  0  5 1.00
 15  26  0  5 1.00
 16  17  0  5 1.00
 16  18  0  5 1.00
 16  24  0  5 1.00
 16  25  0  5 1.00
 16  26  0  5 1.00
 17  18  0  5 1.00
 17  19  0  5 1.00
 17  22  0  5 1.00
 17  23  0  5 1.00
 17  24  0  5 1.00
 18  19  0  5 1.00
 18  20  0  5 1.00
 18  22  0  5 1.00
 18  23  0  5 1.00
 18  24  0  5 1.00
 19  20  0  5 1.00
 19  21  0  5 1.00
 19  22  0  5 1.00
 19  23  0  5 1.00
 19  24  0  5 1.00
 20  21  0  5 1.00
 20  22  0  5 1.00
 21  22  0  5 1.00
 21  23  0  5 1.00
 21  40  0  5 1.00
 21  41  0  5 1.00
 21  42  0  5 1.00
 22  23  0  5 1.00
 22  24  0  5 1.00
 22  40  0  5 1.00
 23  24  0  5 1.00
 23  25  0  5 1.00
 23  38  0  5 1.00
 23  39  0  5 1.00
 23  40  0  5 1.00
 24  25  0  5 1.00
 24  26  0  5 1.00
 24  38  0  5 1.00
 24  39  0  5 1.00
 25  26  0  5 1.00
 25  27  0  5 1.00
 25  36  0  5 1.00
 25  37  0  5 1.00
 25  38  0  5 1.00
 25  39  0  5 1.00
 26  27  0  5 1.00
 26  28  0  5 1.00
 26  36  0  5 1.00
 26  37  0  5 1.00
 26  38  0  5 1.00
 27  28  0  5 1.00
 27  29  0  5 1.00
 27  34  0  5 1.00
 27  35  0  5 1.00
 27  36  0  5 1.00
 27  37  0  5 1.00
 28  29  0  5 1.00
 28  30  0  5 1.00
 28  34  0  5 1.00
 28  35  0  5 1.00
 28  36  0  5 1.00
 29  30  0  5 1.00
 29  31  0  5 1.00
 29  32  0  5 1.00
 29  33  0  5 1.00
 29  34  0  5 1.00
 30  31  0  5 1.00
 30  32  0  5 1.00
 30  33  0  5 1.00
 31  32  0  5 1.00
 31  33  0  5 1.00
 32  33  0  5 1.00
 32  34  0  5 1.00
 33  34  0  5 1.00
 33  35  0  5 1.00
 34  35  0  5 1.00
 34  36  0  5 1.00
 35  36  0  5 1.00
 35  37  0  5 1.00
 35  83  0  5 1.00
 35  84  0  5 1.00
 35  85  0  5 1.00
 36  37  0  5 1.00
 36  38  0  5 1.00
 36  83  0  5 1.00
 36  84  0  5 1.00
 36  85  0  5 1.00
 37  38  0  5 1.00
 37  39  0  5 1.00
 37  81  0  5 1.00
 37  82  0  5 1.00
 37  83  0  5 1.00
 37  84  0  5 1.00
 37  85  0  5 1.00
 38  39  0  5 1.00
 38  40  0  5 1.00
 38  81  0  5 1.00
 38  82  0  5 1.00
 39  40  0  5 1.00
 39  41  0  5 1.00
 39  79  0  5 1.00
 39  80  0  5 1.00
 39  81  0  5 1.00
 39  82  0  5 1.00
 40  41  0  5 1.00
 40  42  0  5 1.00
 40  79  0  5 1.00
 40  80  0  5 1.00
 41  42  0  5 1.00
 41  43  0  5 1.00
 41  77  0  5 1.00
 41  78  0  5 1.00
 41  79  0  5 1.00
 42  43  0  5 1.00
 42  44  0  5 1.00
 42  45  0  5 1.00
 42  77  0  5 1.00
 42  78  0  5 1.00
 42  79  0  5 1.00
 43  44  0  5 1.00
 43  45  0  5 1.00
 43  77  0  5 1.00
 43  78  0  5 1.00
 44  45  0  5 1.00
 44  46  0  5 1.00
 45  46  0  5 1.00
 45  47  0  5 1.00
 45  48  0  5 1.00
 46  47  0  5 1.00
 46  48  0  5 1.00
 47  48  0  5 1.00
 47  49  0  5 1.00
 48  49  0  5 1.00
 48  50  0  5 1.00
 49  50  0  5 1.00
 49  51  0  5 1.00
 49  52  0  5 1.00
 49  53  0  5 1.00
 49  54  0  5 1.00
 50  51  0  5 1.00
 50  52  0  5 1.00
 50  53  0  5 1.00
 50  54  0  5 1.00
 51  52  0  5 1.00
 51  53  0  5 1.00
 51  54  0  5 1.00
 51  55  0  5 1.00
 52  53  0  5 1.00
 52  54  0  5 1.00
 52  55  0  5 1.00
 52  56  0  5 1.00
 53  54  0  5 1.00
 53  55  0  5 1.00
 53  56  0  5 1.00
 53  57  0  5 1.00
 53  58  0  5 1.00
 53 151  0  5 1.00
 54  55  0  5 1.00
 54  56  0  5 1.00
 54  57  0  5 1.00
 54  58  0  5 1.00
 55  56  0  5 1.00
 55  57  0  5 1.00
 55  58  0  5 1.00
 55  59  0  5 1.00
 56  57  0  5 1.00
 56  58  0  5 1.00
 56  59  0  5 1.00
 56  60  0  5 1.00
 56  61  0  5 1.00
 57  58  0  5 1.00
 57  59  0  5 1.00
 57  60  0  5 1.00
 57  61  0  5 1.00
 57  67  0  5 1.00
 58  59  0  5 1.00
 58  60  0  5 1.00
 58  61  0  5 1.00
 59  60  0  5 1.00
 59  61  0  5 1.00
 60  61  0  5 1.00
 60  62  0  5 1.00
 60  63  0  5 1.00
 61  62  0  5 1.00
 61  63  0  5 1.00
 62  63  0  5 1.00
 62  64  0  5 1.00
 63  64  0  5 1.00
 63  65  0  5 1.00
 63  66  0  5 1.00
 64  65  0  5 1.00
 64  66  0  5 1.00
 65  66  0  5 1.00
 65  67  0  5 1.00
 65 146  0  5 1.00
 65 147  0  5 1.00
 65 148  0  5 1.00
 66  67  0  5 1.00
 66  68  0  5 1.00
 66 148  0  5 1.00
 67  68  0  5 1.00
 67  69  0  5 1.00
 67 148  0  5 1.00
 68  69  0  5 1.00
 68  70  0  5 1.00
 68  82  0  5 1.00
 68  83  0  5 1.00
 68  84  0  5 1.00
 69  70  0  5 1.00
 69  71  0  5 1.00
 69  82  0  5 1.00
 69  83  0  5 1.00
 70  71  0  5 1.00
 70  72  0  5 1.00
 70  82  0  5 1.00
 70  83  0  5 1.00
 71  72  0  5 1.00
 71  73  0  5 1.00
 71  80  0  5 1.00
 71  81  0  5 1.00
 71  82  0  5 1.00
 72  73  0  5 1.00
 72  74  0  5 1.00
 72  80  0  5 1.00
 72  81  0  5 1.00
 72  82  0  5 1.00
 73  74  0  5 1.00
 73  75  0  5 1.00
 73  78  0  5 1.00
 73  79  0  5 1.00
 73  80  0  5 1.00
 74  75  0  5 1.00
 74  76  0  5 1.00
 74  78  0  5 1.00
 74  79  0  5 1.00
 74  80  0  5 1.00
 75  76  0  5 1.00
 75  77  0  5 1.00
 75  78  0  5 1.00
 75  79  0  5 1.00
 75  80  0  5 1.00
 76  77  0  5 1.00
 76  78  0  5 1.00
 77  78  0  5 1.00
 77  79  0  5 1.00
 78  79  0  5 1.00
 78  80  0  5 1.00
 79  80  0  5 1.00
 79  81  0  5 1.00
 80  81  0  5 1.00
 80  82  0  5 1.00
 81  82  0  5 1.00
 81  83  0  5 1.00
 82  83  0  5 1.00
 82  84  0  5 1.00
 83  84  0  5 1.00
 83  85  0  5 1.00
 84  85  0  5 1.00
 84  86  0  5 1.00
 85  86  0  5 1.00
 85  87  0  5 1.00
 85 139  0  5 1.00
 86  87  0  5 1.00
 86  88  0  5 1.00
 86 137  0  5 1.00
 86 138  0  5 1.00
 86 139  0  5 1.00
 87  88  0  5 1.00
 87  89  0  5 1.00
 87 136  0  5 1.00
 87 137  0  5 1.00
 87 138  0  5 1.00
 87 139  0  5 1.00
 88  89  0  5 1.00
 88  90  0  5 1.00
 88 135  0  5 1.00
 88 136  0  5 1.00
 88 137  0  5 1.00
 89  90  0  5 1.00
 89  91  0  5 1.00
 89  92  0  5 1.00
 89  93  0  5 1.00
 89 132  0  5 1.00
 89 135  0  5 1.00
 89 136  0  5 1.00
 90  91  0  5 1.00
 90  92  0  5 1.00
 90  93  0  5 1.00
 90  94  0  5 1.00
 90  95  0  5 1.00
 90 132  0  5 1.00
 90 135  0  5 1.00
 91  92  0  5 1.00
 91  93  0  5 1.00
 91  94  0  5 1.00
 91  95  0  5 1.00
 91 132  0  5 1.00
 91 133  0  5 1.00
 92  93  0  5 1.00
 92  94  0  5 1.00
 92  95  0  5 1.00
 92  96  0  5 1.00
 93  94  0  5 1.00
 93  95  0  5 1.00
 93  96  0  5 1.00
 93  97  0  5 1.00
 94  95  0  5 1.00
 94  96  0  5 1.00
 94  97  0  5 1.00
 94  98  0  5 1.00
 94  99  0  5 1.00
 94 100  0  5 1.00
 95  96  0  5 1.00
 95  97  0  5 1.00
 95  98  0  5 1.00
 95  99  0  5 1.00
 96  97  0  5 1.00
 96  98  0  5 1.00
 97  98  0  5 1.00
 97  99  0  5 1.00
 97 100  0  5 1.00
 98  99  0  5 1.00
 98 100  0  5 1.00
 99 100  0  5 1.00
 99 101  0  5 1.00
 99 207  0  5 1.00
 99 210  0  5 1.00
100 101  0  5 1.00
100 102  0  5 1.00
100 207  0  5 1.00
101 102  0  5 1.00
101 103  0  5 1.00
101 207  0  5 1.00
101 208  0  5 1.00
101 350  0  5 1.00
101 351  0  5 1.00
102 103  0  5 1.00
102 104  0  5 1.00
102 105  0  5 1.00
102 106  0  5 1.00
102 350  0  5 1.00
102 351  0  5 1.00
103 104  0  5 1.00
103 105  0  5 1.00
103 106  0  5 1.00
103 107  0  5 1.00
103 350  0  5 1.00
103 351  0  5 1.00
104 105  0  5 1.00
104 106  0  5 1.00
104 107  0  5 1.00
104 108  0  5 1.00
104 109  0  5 1.00
104 348  0  5 1.00
104 350  0  5 1.00
105 106  0  5 1.00
105 107  0  5 1.00
105 108  0  5 1.00
105 109  0  5 1.00
105 110  0  5 1.00
106 107  0  5 1.00
106 108  0  5 1.00
106 109  0  5 1.00
106 110  0  5 1.00
106 111  0  5 1.00
107 108  0  5 1.00
107 109  0  5 1.00
107 110  0  5 1.00
107 111  0  5 1.00
108 109  0  5 1.00
108 110  0  5 1.00
108 111  0  5 1.00
108 112  0  5 1.00
109 110  0  5 1.00
109 111  0  5 1.00
109 112  0  5 1.00
109 113  0  5 1.00
110 111  0  5 1.00
110 112  0  5 1.00
110 113  0  5 1.00
110 114  0  5 1.00
111 112  0  5 1.00
111 113  0  5 1.00
111 114  0  5 1.00
111 115  0  5 1.00
112 113  0  5 1.00
112 114  0  5 1.00
112 115  0  5 1.00
112 116  0  5 1.00
113 114  0  5 1.00
113 115  0  5 1.00
113 116  0  5 1.00
113 117  0  5 1.00
113 118  0  5 1.00
114 115  0  5 1.00
114 116  0  5 1.00
114 117  0  5 1.00
114 118  0  5 1.00
115 116  0  5 1.00
115 117  0  5 1.00
115 118  0  5 1.00
115 119  0  5 1.00
116 117  0  5 1.00
116 118  0  5 1.00
116 119  0  5 1.00
116 120  0  5 1.00
117 118  0  5 1.00
117 119  0  5 1.00
117 120  0  5 1.00
117 121  0  5 1.00
117 122  0  5 1.00
118 119  0  5 1.00
118 120  0  5 1.00
118 121  0  5 1.00
118 122  0  5 1.00
119 120  0  5 1.00
119 121  0  5 1.00
119 122  0  5 1.00
119 123  0  5 1.00
120 121  0  5 1.00
120 122  0  5 1.00
120 123  0  5 1.00
120 124  0  5 1.00
120 125  0  5 1.00
120 126  0  5 1.00
121 122  0  5 1.00
121 123  0  5 1.00
121 124  0  5 1.00
121 125  0  5 1.00
122 123  0  5 1.00
122 124  0  5 1.00
123 124  0  5 1.00
123 125  0  5 1.00
124 125  0  5 1.00
124 126  0  5 1.00
124 157  0  5 1.00
124 158  0  5 1.00
125 126  0  5 1.00
125 127  0  5 1.00
125 157  0  5 1.00
126 127  0  5 1.00
126 128  0  5 1.00
126 153  0  5 1.00
126 154  0  5 1.00
126 157  0  5 1.00
127 128  0  5 1.00
127 129  0  5 1.00
127 153  0  5 1.00
127 154  0  5 1.00
128 129  0  5 1.00
128 130  0  5 1.00
128 153  0  5 1.00
129 130  0  5 1.00
129 131  0  5 1.00
130 131  0  5 1.00
130 132  0  5 1.00
130 180  0  5 1.00
130 199  0  5 1.00
131 132  0  5 1.00
131 133  0  5 1.00
131 134  0  5 1.00
131 135  0  5 1.00
132 133  0  5 1.00
132 134  0  5 1.00
132 135  0  5 1.00
133 134  0  5 1.00
133 135  0  5 1.00
134 135  0  5 1.00
134 136  0  5 1.00
134 147  0  5 1.00
134 148  0  5 1.00
134 149  0  5 1.00
135 136  0  5 1.00
135 137  0  5 1.00
135 147  0  5 1.00
135 148  0  5 1.00
136 137  0  5 1.00
136 138  0  5 1.00
136 145  0  5 1.00
136 146  0  5 1.00
136 147  0  5 1.00
136 148  0  5 1.00
137 138  0  5 1.00
137 139  0  5 1.00
137 142  0  5 1.00
137 143  0  5 1.00
137 145  0  5 1.00
137 146  0  5 1.00
137 147  0  5 1.00
138 139  0  5 1.00
138 140  0  5 1.00
138 142  0  5 1.00
138 143  0  5 1.00
138 145  0  5 1.00
139 140  0  5 1.00
139 141  0  5 1.00
139 142  0  5 1.00
139 143  0  5 1.00
140 141  0  5 1.00
140 142  0  5 1.00
140 143  0  5 1.00
141 142  0  5 1.00
141 143  0  5 1.00
141 144  0  5 1.00
142 143  0  5 1.00
142 144  0  5 1.00
142 145  0  5 1.00
143 144  0  5 1.00
143 145  0  5 1.00
144 145  0  5 1.00
144 146  0  5 1.00
145 146  0  5 1.00
145 147  0  5 1.00
146 147  0  5 1.00
146 148  0  5 1.00
147 148  0  5 1.00
147 149  0  5 1.00
148 149  0  5 1.00
148 150  0  5 1.00
149 150  0  5 1.00
149 151  0  5 1.00
150 151  0  5 1.00
150 152  0  5 1.00
151 152  0  5 1.00
151 153  0  5 1.00
151 154  0  5 1.00
152 153  0  5 1.00
152 154  0  5 1.00
153 154  0  5 1.00
157 158  0  5 1.00
157 159  0  5 1.00
157 164  0  5 1.00
157 165  0  5 1.00
157 166  0  5 1.00
158 159  0  5 1.00
158 160  0  5 1.00
158 162  0  5 1.00
158 164  0  5 1.00
158 165  0  5 1.00
158 166  0  5 1.00
159 160  0  5 1.00
159 161  0  5 1.00
159 162  0  5 1.00
159 163  0  5 1.00
159 164  0  5 1.00
160 161  0  5 1.00
160 162  0  5 1.00
161 162  0  5 1.00
161 163  0  5 1.00
162 163  0  5 1.00
162 164  0  5 1.00
163 164  0  5 1.00
163 165  0  5 1.00
164 165  0  5 1.00
164 166  0  5 1.00
165 166  0  5 1.00
165 167  0  5 1.00
166 167  0  5 1.00
166 168  0  5 1.00
167 168  0  5 1.00
167 169  0  5 1.00
168 169  0  5 1.00
168 170  0  5 1.00
169 170  0  5 1.00
169 171  0  5 1.00
169 188  0  5 1.00
169 189  0  5 1.00
169 190  0  5 1.00
170 171  0  5 1.00
170 172  0  5 1.00
170 188  0  5 1.00
170 189  0  5 1.00
170 190  0  5 1.00
171 172  0  5 1.00
171 173  0  5 1.00
171 187  0  5 1.00
171 188  0  5 1.00
171 189  0  5 1.00
172 173  0  5 1.00
172 174  0  5 1.00
172 185  0  5 1.00
172 188  0  5 1.00
172 189  0  5 1.00
173 174  0  5 1.00
173 185  0  5 1.00
174 185  0  5 1.00
177 178  0  5 1.00
177 179  0  5 1.00
177 180  0  5 1.00
177 181  0  5 1.00
178 179  0  5 1.00
178 180  0  5 1.00
178 181  0  5 1.00
179 180  0  5 1.00
179 181  0  5 1.00
180 181  0  5 1.00
180 182  0  5 1.00
180 199  0  5 1.00
181 182  0  5 1.00
181 183  0  5 1.00
182 183  0  5 1.00
182 184  0  5 1.00
182 185  0  5 1.00
182 186  0  5 1.00
182 195  0  5 1.00
183 184  0  5 1.00
183 185  0  5 1.00
183 186  0  5 1.00
183 187  0  5 1.00
184 185  0  5 1.00
184 186  0  5 1.00
184 187  0  5 1.00
184 188  0  5 1.00
184 189  0  5 1.00
185 186  0  5 1.00
185 187  0  5 1.00
185 188  0  5 1.00
185 189  0  5 1.00
186 187  0  5 1.00
186 188  0  5 1.00
187 188  0  5 1.00
187 189  0  5 1.00
188 189  0  5 1.00
188 190  0  5 1.00
189 190  0  5 1.00
189 191  0  5 1.00
190 191  0  5 1.00
190 192  0  5 1.00
191 192  0  5 1.00
191 193  0  5 1.00
192 193  0  5 1.00
192 194  0  5 1.00
192 195  0  5 1.00
192 196  0  5 1.00
192 261  0  5 1.00
193 194  0  5 1.00
193 195  0  5 1.00
193 196  0  5 1.00
193 197  0  5 1.00
194 195  0  5 1.00
194 196  0  5 1.00
194 197  0  5 1.00
194 198  0  5 1.00
194 256  0  5 1.00
195 196  0  5 1.00
195 197  0  5 1.00
195 198  0  5 1.00
195 199  0  5 1.00
196 197  0  5 1.00
196 198  0  5 1.00
196 199  0  5 1.00
196 200  0  5 1.00
197 198  0  5 1.00
197 199  0  5 1.00
197 200  0  5 1.00
197 201  0  5 1.00
198 199  0  5 1.00
198 200  0  5 1.00
198 201  0  5 1.00
198 202  0  5 1.00
199 200  0  5 1.00
199 201  0  5 1.00
199 202  0  5 1.00
199 203  0  5 1.00
200 201  0  5 1.00
200 202  0  5 1.00
200 203  0  5 1.00
200 204  0  5 1.00
201 202  0  5 1.00
201 203  0  5 1.00
201 204  0  5 1.00
201 205  0  5 1.00
201 206  0  5 1.00
202 203  0  5 1.00
202 204  0  5 1.00
202 205  0  5 1.00
202 206  0  5 1.00
203 204  0  5 1.00
203 205  0  5 1.00
203 206  0  5 1.00
203 207  0  5 1.00
204 205  0  5 1.00
204 206  0  5 1.00
204 207  0  5 1.00
204 208  0  5 1.00
205 206  0  5 1.00
205 207  0  5 1.00
205 208  0  5 1.00
205 209  0  5 1.00
205 210  0  5 1.00
205 211  0  5 1.00
206 207  0  5 1.00
206 208  0  5 1.00
206 209  0  5 1.00
206 210  0  5 1.00
206 211  0  5 1.00
207 208  0  5 1.00
207 209  0  5 1.00
207 210  0  5 1.00
208 209  0  5 1.00
208 210  0  5 1.00
208 352  0  5 1.00
209 210  0  5 1.00
209 211  0  5 1.00
210 211  0  5 1.00
210 212  0  5 1.00
211 212  0  5 1.00
211 213  0  5 1.00
212 213  0  5 1.00
212 214  0  5 1.00
212 215  0  5 1.00
213 214  0  5 1.00
213 215  0  5 1.00
214 215  0  5 1.00
214 216  0  5 1.00
214 217  0  5 1.00
214 229  0  5 1.00
215 216  0  5 1.00
215 217  0  5 1.00
216 217  0  5 1.00
216 218  0  5 1.00
217 218  0  5 1.00
217 219  0  5 1.00
218 219  0  5 1.00
218 220  0  5 1.00
219 220  0  5 1.00
219 221  0  5 1.00
219 225  0  5 1.00
220 221  0  5 1.00
220 222  0  5 1.00
221 222  0  5 1.00
221 223  0  5 1.00
221 224  0  5 1.00
221 225  0  5 1.00
222 223  0  5 1.00
222 224  0  5 1.00
222 225  0  5 1.00
222 226  0  5 1.00
223 224  0  5 1.00
223 225  0  5 1.00
223 226  0  5 1.00
223 227  0  5 1.00
224 225  0  5 1.00
224 226  0  5 1.00
224 227  0  5 1.00
224 228  0  5 1.00
225 226  0  5 1.00
225 227  0  5 1.00
225 228  0  5 1.00
225 229  0  5 1.00
226 227  0  5 1.00
226 228  0  5 1.00
226 229  0  5 1.00
226 230  0  5 1.00
227 228  0  5 1.00
227 229  0  5 1.00
227 230  0  5 1.00
227 231  0  5 1.00
228 229  0  5 1.00
228 230  0  5 1.00
228 231  0  5 1.00
229 230  0  5 1.00
229 231  0  5 1.00
229 233  0  5 1.00
230 231  0  5 1.00
230 233  0  5 1.00
230 234  0  5 1.00
231 233  0  5 1.00
231 234  0  5 1.00
231 235  0  5 1.00
233 234  0  5 1.00
233 235  0  5 1.00
233 236  0  5 1.00
234 235  0  5 1.00
234 236  0  5 1.00
235 236  0  5 1.00
235 237  0  5 1.00
236 237  0  5 1.00
236 238  0  5 1.00
237 238  0  5 1.00
237 239  0  5 1.00
237 240  0  5 1.00
237 241  0  5 1.00
238 239  0  5 1.00
238 240  0  5 1.00
238 241  0  5 1.00
238 242  0  5 1.00
238 250  0  5 1.00
239 240  0  5 1.00
239 241  0  5 1.00
239 242  0  5 1.00
239 243  0  5 1.00
240 241  0  5 1.00
240 242  0  5 1.00
240 243  0  5 1.00
241 242  0  5 1.00
241 243  0  5 1.00
242 243  0  5 1.00
242 244  0  5 1.00
242 245  0  5 1.00
242 246  0  5 1.00
243 244  0  5 1.00
243 245  0  5 1.00
243 356  0  5 1.00
243 357  0  5 1.00
243 358  0  5 1.00
243 359  0  5 1.00
244 245  0  5 1.00
244 246  0  5 1.00
244 352  0  5 1.00
244 356  0  5 1.00
244 357  0  5 1.00
244 358  0  5 1.00
244 360  0  5 1.00
245 246  0  5 1.00
245 247  0  5 1.00
245 358  0  5 1.00
245 359  0  5 1.00
245 360  0  5 1.00
246 247  0  5 1.00
246 248  0  5 1.00
246 249  0  5 1.00
246 250  0  5 1.00
246 359  0  5 1.00
246 360  0  5 1.00
247 248  0  5 1.00
247 249  0  5 1.00
247 250  0  5 1.00
247 251  0  5 1.00
247 252  0  5 1.00
248 249  0  5 1.00
248 250  0  5 1.00
248 251  0  5 1.00
248 252  0  5 1.00
249 250  0  5 1.00
249 251  0  5 1.00
249 252  0  5 1.00
249 253  0  5 1.00
250 251  0  5 1.00
250 252  0  5 1.00
250 253  0  5 1.00
250 254  0  5 1.00
250 255  0  5 1.00
251 252  0  5 1.00
251 253  0  5 1.00
251 254  0  5 1.00
251 255  0  5 1.00
252 253  0  5 1.00
252 254  0  5 1.00
252 255  0  5 1.00
252 256  0  5 1.00
253 254  0  5 1.00
253 255  0  5 1.00
253 256  0  5 1.00
253 258  0  5 1.00
254 255  0  5 1.00
254 256  0  5 1.00
254 258  0  5 1.00
255 256  0  5 1.00
255 258  0  5 1.00
255 259  0  5 1.00
256 258  0  5 1.00
256 259  0  5 1.00
258 259  0  5 1.00
258 260  0  5 1.00
259 260  0  5 1.00
259 261  0  5 1.00
260 261  0  5 1.00
260 262  0  5 1.00
260 263  0  5 1.00
261 262  0  5 1.00
261 263  0  5 1.00
262 263  0  5 1.00
263 265  0  5 1.00
265 266  0  5 1.00
265 267  0  5 1.00
266 267  0  5 1.00
266 268  0  5 1.00
266 269  0  5 1.00
266 270  0  5 1.00
267 268  0  5 1.00
267 269  0  5 1.00
267 270  0  5 1.00
267 271  0  5 1.00
268 269  0  5 1.00
268 270  0  5 1.00
268 271  0  5 1.00
268 272  0  5 1.00
268 273  0  5 1.00
269 270  0  5 1.00
269 271  0  5 1.00
269 272  0  5 1.00
269 273  0  5 1.00
270 271  0  5 1.00
270 272  0  5 1.00
270 273  0  5 1.00
270 274  0  5 1.00
271 272  0  5 1.00
271 273  0  5 1.00
271 274  0  5 1.00
271 275  0  5 1.00
271 276  0  5 1.00
272 273  0  5 1.00
272 274  0  5 1.00
272 275  0  5 1.00
272 276  0  5 1.00
272 277  0  5 1.00
273 274  0  5 1.00
273 275  0  5 1.00
273 276  0  5 1.00
273 277  0  5 1.00
274 275  0  5 1.00
274 276  0  5 1.00
274 277  0  5 1.00
274 278  0  5 1.00
275 276  0  5 1.00
275 277  0  5 1.00
275 278  0  5 1.00
275 279  0  5 1.00
276 277  0  5 1.00
276 278  0  5 1.00
276 279  0  5 1.00
276 280  0  5 1.00
277 278  0  5 1.00
277 279  0  5 1.00
277 280  0  5 1.00
277 281  0  5 1.00
277 282  0  5 1.00
278 279  0  5 1.00
278 280  0  5 1.00
278 281  0  5 1.00
278 282  0  5 1.00
278 283  0  5 1.00
279 280  0  5 1.00
279 281  0  5 1.00
279 282  0  5 1.00
279 283  0  5 1.00
280 281  0  5 1.00
280 282  0  5 1.00
281 282  0  5 1.00
281 283  0  5 1.00
281 347  0  5 1.00
282 283  0  5 1.00
282 284  0  5 1.00
283 284  0  5 1.00
283 285  0  5 1.00
284 285  0  5 1.00
284 286  0  5 1.00
284 287  0  5 1.00
285 286  0  5 1.00
285 287  0  5 1.00
286 287  0  5 1.00
286 288  0  5 1.00
287 288  0  5 1.00
287 289  0  5 1.00
288 289  0  5 1.00
288 290  0  5 1.00
289 290  0  5 1.00
289 291  0  5 1.00
289 292  0  5 1.00
289 293  0  5 1.00
290 291  0  5 1.00
290 292  0  5 1.00
290 293  0  5 1.00
290 294  0  5 1.00
290 295  0  5 1.00
291 292  0  5 1.00
291 293  0  5 1.00
291 294  0  5 1.00
291 295  0  5 1.00
291 296  0  5 1.00
292 293  0  5 1.00
292 294  0  5 1.00
292 295  0  5 1.00
292 296  0  5 1.00
293 294  0  5 1.00
293 295  0  5 1.00
293 296  0  5 1.00
293 297  0  5 1.00
293 298  0  5 1.00
294 295  0  5 1.00
294 296  0  5 1.00
294 297  0  5 1.00
294 298  0  5 1.00
294 299  0  5 1.00
295 296  0  5 1.00
295 297  0  5 1.00
295 298  0  5 1.00
295 299  0  5 1.00
296 297  0  5 1.00
296 298  0  5 1.00
296 299  0  5 1.00
296 300  0  5 1.00
296 301  0  5 1.00
297 298  0  5 1.00
297 299  0  5 1.00
297 300  0  5 1.00
297 301  0  5 1.00
298 299  0  5 1.00
298 300  0  5 1.00
298 301  0  5 1.00
298 302  0  5 1.00
299 300  0  5 1.00
299 301  0  5 1.00
299 302  0  5 1.00
299 303  0  5 1.00
300 301  0  5 1.00
300 302  0  5 1.00
300 303  0  5 1.00
300 304  0  5 1.00
301 302  0  5 1.00
301 303  0  5 1.00
301 304  0  5 1.00
301 305  0  5 1.00
302 303  0  5 1.00
302 304  0  5 1.00
302 305  0  5 1.00
302 306  0  5 1.00
303 304  0  5 1.00
303 305  0  5 1.00
303 306  0  5 1.00
303 307  0  5 1.00
304 305  0  5 1.00
304 306  0  5 1.00
304 307  0  5 1.00
304 308  0  5 1.00
305 306  0  5 1.00
305 307  0  5 1.00
305 308  0  5 1.00
305 309  0  5 1.00
306 307  0  5 1.00
306 308  0  5 1.00
306 309  0  5 1.00
306 310  0  5 1.00
307 308  0  5 1.00
307 309  0  5 1.00
307 310  0  5 1.00
307 311  0  5 1.00
308 309  0  5 1.00
308 310  0  5 1.00
308 311  0  5 1.00
308 312  0  5 1.00
309 310  0  5 1.00
309 311  0  5 1.00
309 312  0  5 1.00
310 311  0  5 1.00
310 312  0  5 1.00
311 312  0  5 1.00
327 328  0  5 1.00
327 329  0  5 1.00
327 330  0  5 1.00
327 331  0  5 1.00
328 329  0  5 1.00
328 330  0  5 1.00
328 331  0  5 1.00
328 332  0  5 1.00
329 330  0  5 1.00
329 331  0  5 1.00
329 332  0  5 1.00
329 333  0  5 1.00
329 334  0  5 1.00
330 331  0  5 1.00
330 332  0  5 1.00
330 333  0  5 1.00
330 334  0  5 1.00
330 335  0  5 1.00
331 332  0  5 1.00
331 333  0  5 1.00
331 334  0  5 1.00
331 335  0  5 1.00
332 333  0  5 1.00
332 334  0  5 1.00
332 335  0  5 1.00
332 336  0  5 1.00
333 334  0  5 1.00
333 335  0  5 1.00
333 336  0  5 1.00
333 337  0  5 1.00
334 335  0  5 1.00
334 336  0  5 1.00
334 337  0  5 1.00
334 339  0  5 1.00
335 336  0  5 1.00
335 337  0  5 1.00
335 339  0  5 1.00
336 337  0  5 1.00
336 339  0  5 1.00
336 340  0  5 1.00
337 339  0  5 1.00
337 340  0  5 1.00
337 341  0  5 1.00
337 342  0  5 1.00
339 340  0  5 1.00
339 341  0  5 1.00
339 342  0  5 1.00
339 343  0  5 1.00
340 341  0  5 1.00
340 342  0  5 1.00
340 343  0  5 1.00
340 344  0  5 1.00
341 342  0  5 1.00
341 343  0  5 1.00
341 344  0  5 1.00
341 345  0  5 1.00
342 343  0  5 1.00
342 344  0  5 1.00
342 345  0  5 1.00
342 346  0  5 1.00
342 372  0  5 1.00
343 344  0  5 1.00
343 345  0  5 1.00
343 346  0  5 1.00
343 372  0  5 1.00
344 345  0  5 1.00
344 346  0  5 1.00
345 346  0  5 1.00
345 347  0  5 1.00
345 348  0  5 1.00
345 349  0  5 1.00
346 347  0  5 1.00
346 348  0  5 1.00
346 349  0  5 1.00
346 368  0  5 1.00
346 369  0  5 1.00
346 372  0  5 1.00
346 373  0  5 1.00
347 348  0  5 1.00
347 349  0  5 1.00
348 349  0  5 1.00
348 350  0  5 1.00
349 350  0  5 1.00
349 351  0  5 1.00
350 351  0  5 1.00
350 352  0  5 1.00
351 352  0  5 1.00
352 354  0  5 1.00
354 355  0  5 1.00
354 356  0  5 1.00
355 356  0  5 1.00
355 357  0  5 1.00
356 357  0  5 1.00
356 358  0  5 1.00
357 358  0  5 1.00
357 359  0  5 1.00
358 359  0  5 1.00
358 360  0  5 1.00
359 360  0  5 1.00
359 361  0  5 1.00
360 361  0  5 1.00
360 362  0  5 1.00
361 362  0  5 1.00
361 363  0  5 1.00
361 364  0  5 1.00
361 365  0  5 1.00
362 363  0  5 1.00
362 364  0  5 1.00
362 365  0  5 1.00
362 367  0  5 1.00
363 364  0  5 1.00
363 365  0  5 1.00
363 367  0  5 1.00
364 365  0  5 1.00
364 367  0  5 1.00
364 368  0  5 1.00
365 367  0  5 1.00
365 368  0  5 1.00
365 369  0  5 1.00
367 368  0  5 1.00
367 369  0  5 1.00
367 370  0  5 1.00
367 371  0  5 1.00
368 369  0  5 1.00
368 370  0  5 1.00
368 371  0  5 1.00
368 372  0  5 1.00
368 373  0  5 1.00
369 370  0  5 1.00
369 371  0  5 1.00
369 372  0  5 1.00
369 373  0  5 1.00
369 374  0  5 1.00
370 371  0  5 1.00
370 372  0  5 1.00
370 373  0  5 1.00
370 374  0  5 1.00
371 372  0  5 1.00
371 373  0  5 1.00
371 374  0  5 1.00
371 375  0  5 1.00
372 373  0  5 1.00
372 374  0  5 1.00
372 375  0  5 1.00
373 374  0  5 1.00
373 375  0  5 1.00
374 375  0  5 1.00
374 376  0  5 1.00
375 376  0  5 1.00
375 377  0  5 1.00
376 377  0  5 1.00
376 378  0  5 1.00
377 378  0  5 1.00
377 379  0  5 1.00
378 379  0  5 1.00
378 380  0  5 1.00
379 380  0  5 1.00
379 381  0  5 1.00
379 382  0  5 1.00
379 383  0  5 1.00
380 381  0  5 1.00
380 382  0  5 1.00
380 383  0  5 1.00
380 384  0  5 1.00
381 382  0  5 1.00
381 383  0  5 1.00
381 384  0  5 1.00
381 385  0  5 1.00
382 383  0  5 1.00
382 384  0  5 1.00
382 385  0  5 1.00
382 386  0  5 1.00
383 384  0  5 1.00
383 385  0  5 1.00
383 386  0  5 1.00
383 387  0  5 1.00
383 388  0  5 1.00
384 385  0  5 1.00
384 386  0  5 1.00
384 387  0  5 1.00
384 388  0  5 1.00
385 386  0  5 1.00
385 387  0  5 1.00
385 388  0  5 1.00
385 389  0  5 1.00
386 387  0  5 1.00
386 388  0  5 1.00
386 389  0  5 1.00
386 390  0  5 1.00
387 388  0  5 1.00
387 389  0  5 1.00
387 390  0  5 1.00
388 389  0  5 1.00
388 390  0  5 1.00
389 390  0  5 1.00
END
HELX_P HELX_P1  AA1 GLN A 49  ? LEU A 60  ? GLN A 48  LEU A 59  1 ? 12 
HELX_P HELX_P2  AA2 LEU A 90  ? CYS A 97  ? LEU A 89  CYS A 96  1 ? 8  
HELX_P HELX_P3  AA3 SER A 102 ? GLY A 122 ? SER A 101 GLY A 121 1 ? 21 
HELX_P HELX_P4  AA4 LYS A 131 ? ASP A 133 ? LYS A 130 ASP A 132 5 ? 3  
HELX_P HELX_P5  AA5 GLY A 140 ? GLY A 143 ? GLY A 139 GLY A 142 5 ? 4  
HELX_P HELX_P6  AA6 SER A 182 ? LEU A 187 ? SER A 181 LEU A 186 1 ? 6  
HELX_P HELX_P7  AA7 SER A 192 ? GLY A 210 ? SER A 191 GLY A 209 1 ? 19 
HELX_P HELX_P8  AA8 THR A 221 ? VAL A 236 ? THR A 220 VAL A 235 1 ? 16 
HELX_P HELX_P9  AA9 SER A 237 ? CYS A 242 ? SER A 236 CYS A 241 1 ? 6  
HELX_P HELX_P10 AB1 PRO A 246 ? ASN A 258 ? PRO A 245 ASN A 257 1 ? 13 
HELX_P HELX_P11 AB2 ASP A 266 ? LEU A 281 ? ASP A 265 LEU A 280 1 ? 16 
HELX_P HELX_P12 AB3 PHE A 289 ? LYS A 311 ? PHE A 288 LYS A 310 1 ? 23 
HELX_P HELX_P13 AB4 ASP A 328 ? PHE A 345 ? ASP A 327 PHE A 344 1 ? 18 
HELX_P HELX_P14 AB5 SER A 361 ? ASN A 374 ? SER A 360 ASN A 373 1 ? 14 
HELX_P HELX_P15 AB6 PRO A 380 ? LYS A 389 ? PRO A 379 LYS A 388 1 ? 10 