5fqd 856
 21  22  0  5 1.00
 21  23  0  5 1.00
 21 711  0  5 1.00
 22  23  0  5 1.00
 22  24  0  5 1.00
 22 711  0  5 1.00
 22 759  0  5 1.00
 23  24  0  5 1.00
 23  25  0  5 1.00
 23 757  0  5 1.00
 23 758  0  5 1.00
 23 759  0  5 1.00
 23 803  0  5 1.00
 24  25  0  5 1.00
 24  26  0  5 1.00
 24 757  0  5 1.00
 24 758  0  5 1.00
 24 759  0  5 1.00
 24 803  0  5 1.00
 24 804  0  5 1.00
 24 805  0  5 1.00
 25  26  0  5 1.00
 25  27  0  5 1.00
 25 755  0  5 1.00
 25 756  0  5 1.00
 25 757  0  5 1.00
 25 758  0  5 1.00
 25 805  0  5 1.00
 26  27  0  5 1.00
 26  28  0  5 1.00
 26 755  0  5 1.00
 26 756  0  5 1.00
 26 805  0  5 1.00
 26 806  0  5 1.00
 26 807  0  5 1.00
 26 808  0  5 1.00
 27  28  0  5 1.00
 27  29  0  5 1.00
 27 753  0  5 1.00
 27 754  0  5 1.00
 27 755  0  5 1.00
 27 807  0  5 1.00
 27 808  0  5 1.00
 28  29  0  5 1.00
 28  30  0  5 1.00
 28 753  0  5 1.00
 28 754  0  5 1.00
 28 755  0  5 1.00
 29  30  0  5 1.00
 29  31  0  5 1.00
 29 753  0  5 1.00
 29 754  0  5 1.00
 29 755  0  5 1.00
 30  31  0  5 1.00
 30  32  0  5 1.00
 30 751  0  5 1.00
 30 752  0  5 1.00
 30 753  0  5 1.00
 31  32  0  5 1.00
 31  33  0  5 1.00
 31 751  0  5 1.00
 31 752  0  5 1.00
 32  33  0  5 1.00
 32  34  0  5 1.00
 32  55  0  5 1.00
 32 750  0  5 1.00
 32 751  0  5 1.00
 32 752  0  5 1.00
 33  34  0  5 1.00
 33  35  0  5 1.00
 33 346  0  5 1.00
 33 374  0  5 1.00
 33 375  0  5 1.00
 33 750  0  5 1.00
 33 751  0  5 1.00
 33 752  0  5 1.00
 34  35  0  5 1.00
 34  36  0  5 1.00
 34  54  0  5 1.00
 34  55  0  5 1.00
 34  56  0  5 1.00
 34 346  0  5 1.00
 34 347  0  5 1.00
 34 750  0  5 1.00
 35  36  0  5 1.00
 35  37  0  5 1.00
 35  54  0  5 1.00
 35  55  0  5 1.00
 35 345  0  5 1.00
 35 346  0  5 1.00
 35 347  0  5 1.00
 36  37  0  5 1.00
 36  38  0  5 1.00
 36  54  0  5 1.00
 36  55  0  5 1.00
 37  38  0  5 1.00
 37  39  0  5 1.00
 37  52  0  5 1.00
 37  53  0  5 1.00
 37  54  0  5 1.00
 38  39  0  5 1.00
 38  40  0  5 1.00
 38  52  0  5 1.00
 38  53  0  5 1.00
 38  54  0  5 1.00
 38 334  0  5 1.00
 39  40  0  5 1.00
 39  41  0  5 1.00
 39  50  0  5 1.00
 39  51  0  5 1.00
 39  52  0  5 1.00
 40  41  0  5 1.00
 40  42  0  5 1.00
 40  50  0  5 1.00
 40  51  0  5 1.00
 41  42  0  5 1.00
 41  43  0  5 1.00
 41  48  0  5 1.00
 41  49  0  5 1.00
 41  50  0  5 1.00
 42  43  0  5 1.00
 42  44  0  5 1.00
 42  45  0  5 1.00
 42  48  0  5 1.00
 42  50  0  5 1.00
 42  94  0  5 1.00
 42  95  0  5 1.00
 43  44  0  5 1.00
 43  45  0  5 1.00
 43  48  0  5 1.00
 43  95  0  5 1.00
 43 111  0  5 1.00
 44  45  0  5 1.00
 44  46  0  5 1.00
 45  46  0  5 1.00
 45  47  0  5 1.00
 45  48  0  5 1.00
 46  47  0  5 1.00
 46  48  0  5 1.00
 46  93  0  5 1.00
 46  94  0  5 1.00
 47  48  0  5 1.00
 47  49  0  5 1.00
 48  49  0  5 1.00
 48  50  0  5 1.00
 49  50  0  5 1.00
 49  51  0  5 1.00
 49  62  0  5 1.00
 49  63  0  5 1.00
 49  64  0  5 1.00
 50  51  0  5 1.00
 50  52  0  5 1.00
 50  62  0  5 1.00
 50  63  0  5 1.00
 50  64  0  5 1.00
 51  52  0  5 1.00
 51  53  0  5 1.00
 51  60  0  5 1.00
 51  61  0  5 1.00
 51  62  0  5 1.00
 51  63  0  5 1.00
 52  53  0  5 1.00
 52  54  0  5 1.00
 52  60  0  5 1.00
 52  61  0  5 1.00
 52  62  0  5 1.00
 53  54  0  5 1.00
 53  55  0  5 1.00
 53  58  0  5 1.00
 53  59  0  5 1.00
 53  60  0  5 1.00
 54  55  0  5 1.00
 54  56  0  5 1.00
 54  58  0  5 1.00
 54  59  0  5 1.00
 55  56  0  5 1.00
 55  57  0  5 1.00
 55  58  0  5 1.00
 55  59  0  5 1.00
 56  57  0  5 1.00
 56  58  0  5 1.00
 56  79  0  5 1.00
 56  80  0  5 1.00
 56  81  0  5 1.00
 57  58  0  5 1.00
 57  59  0  5 1.00
 57  75  0  5 1.00
 57  76  0  5 1.00
 57  77  0  5 1.00
 57  79  0  5 1.00
 57  80  0  5 1.00
 57  81  0  5 1.00
 58  59  0  5 1.00
 58  60  0  5 1.00
 58  75  0  5 1.00
 58  76  0  5 1.00
 58  77  0  5 1.00
 59  60  0  5 1.00
 59  61  0  5 1.00
 59  73  0  5 1.00
 59  74  0  5 1.00
 59  75  0  5 1.00
 59  76  0  5 1.00
 60  61  0  5 1.00
 60  62  0  5 1.00
 60  73  0  5 1.00
 60  74  0  5 1.00
 61  62  0  5 1.00
 61  63  0  5 1.00
 61  70  0  5 1.00
 61  71  0  5 1.00
 61  72  0  5 1.00
 61  73  0  5 1.00
 61  74  0  5 1.00
 62  63  0  5 1.00
 62  64  0  5 1.00
 62  70  0  5 1.00
 62  71  0  5 1.00
 62  72  0  5 1.00
 63  64  0  5 1.00
 63  65  0  5 1.00
 63  68  0  5 1.00
 63  69  0  5 1.00
 63  70  0  5 1.00
 64  65  0  5 1.00
 64  66  0  5 1.00
 64  68  0  5 1.00
 64  69  0  5 1.00
 65  66  0  5 1.00
 65  67  0  5 1.00
 65  68  0  5 1.00
 65  69  0  5 1.00
 66  67  0  5 1.00
 66  68  0  5 1.00
 67  68  0  5 1.00
 67  69  0  5 1.00
 68  69  0  5 1.00
 68  70  0  5 1.00
 69  70  0  5 1.00
 69  71  0  5 1.00
 70  71  0  5 1.00
 70  72  0  5 1.00
 71  72  0  5 1.00
 71  73  0  5 1.00
 72  73  0  5 1.00
 72  74  0  5 1.00
 73  74  0  5 1.00
 73  75  0  5 1.00
 74  75  0  5 1.00
 74  76  0  5 1.00
 75  76  0  5 1.00
 75  77  0  5 1.00
 76  77  0  5 1.00
 76  78  0  5 1.00
 76 781  0  5 1.00
 77  78  0  5 1.00
 77  79  0  5 1.00
 77 781  0  5 1.00
 78  79  0  5 1.00
 78  80  0  5 1.00
 78 789  0  5 1.00
 79  80  0  5 1.00
 79  81  0  5 1.00
 80  81  0  5 1.00
 80  82  0  5 1.00
 80 100  0  5 1.00
 80 101  0  5 1.00
 80 102  0  5 1.00
 81  82  0  5 1.00
 81  83  0  5 1.00
 81 100  0  5 1.00
 81 101  0  5 1.00
 82  83  0  5 1.00
 82  84  0  5 1.00
 82 100  0  5 1.00
 82 101  0  5 1.00
 82 102  0  5 1.00
 83  84  0  5 1.00
 83  85  0  5 1.00
 83  98  0  5 1.00
 83  99  0  5 1.00
 83 100  0  5 1.00
 84  85  0  5 1.00
 84  86  0  5 1.00
 84  98  0  5 1.00
 84  99  0  5 1.00
 85  86  0  5 1.00
 85  87  0  5 1.00
 85  96  0  5 1.00
 85  97  0  5 1.00
 85  98  0  5 1.00
 86  87  0  5 1.00
 86  88  0  5 1.00
 86  96  0  5 1.00
 86  97  0  5 1.00
 86  98  0  5 1.00
 87  88  0  5 1.00
 87  89  0  5 1.00
 87  94  0  5 1.00
 87  95  0  5 1.00
 87  96  0  5 1.00
 88  89  0  5 1.00
 88  90  0  5 1.00
 88  95  0  5 1.00
 89  90  0  5 1.00
 89  91  0  5 1.00
 89  92  0  5 1.00
 90  91  0  5 1.00
 90  92  0  5 1.00
 91  92  0  5 1.00
 91  93  0  5 1.00
 92  93  0  5 1.00
 92  94  0  5 1.00
 93  94  0  5 1.00
 93  95  0  5 1.00
 94  95  0  5 1.00
 94  96  0  5 1.00
 95  96  0  5 1.00
 95  97  0  5 1.00
 95 109  0  5 1.00
 96  97  0  5 1.00
 96  98  0  5 1.00
 96 109  0  5 1.00
 97  98  0  5 1.00
 97  99  0  5 1.00
 97 107  0  5 1.00
 97 108  0  5 1.00
 97 109  0  5 1.00
 98  99  0  5 1.00
 98 100  0  5 1.00
 98 107  0  5 1.00
 98 108  0  5 1.00
 99 100  0  5 1.00
 99 101  0  5 1.00
 99 105  0  5 1.00
 99 106  0  5 1.00
 99 107  0  5 1.00
100 101  0  5 1.00
100 102  0  5 1.00
100 105  0  5 1.00
100 106  0  5 1.00
101 102  0  5 1.00
101 103  0  5 1.00
101 104  0  5 1.00
101 105  0  5 1.00
101 106  0  5 1.00
102 103  0  5 1.00
102 104  0  5 1.00
103 104  0  5 1.00
103 105  0  5 1.00
104 105  0  5 1.00
104 106  0  5 1.00
104 126  0  5 1.00
104 127  0  5 1.00
104 128  0  5 1.00
104 129  0  5 1.00
105 106  0  5 1.00
105 107  0  5 1.00
105 126  0  5 1.00
105 127  0  5 1.00
106 107  0  5 1.00
106 108  0  5 1.00
106 124  0  5 1.00
106 125  0  5 1.00
106 126  0  5 1.00
106 127  0  5 1.00
106 782  0  5 1.00
107 108  0  5 1.00
107 109  0  5 1.00
107 124  0  5 1.00
107 125  0  5 1.00
108 109  0  5 1.00
108 110  0  5 1.00
108 121  0  5 1.00
108 122  0  5 1.00
108 123  0  5 1.00
108 124  0  5 1.00
108 125  0  5 1.00
109 110  0  5 1.00
109 111  0  5 1.00
109 121  0  5 1.00
109 122  0  5 1.00
109 123  0  5 1.00
110 111  0  5 1.00
110 112  0  5 1.00
110 119  0  5 1.00
110 120  0  5 1.00
110 121  0  5 1.00
111 112  0  5 1.00
111 113  0  5 1.00
111 119  0  5 1.00
112 113  0  5 1.00
112 114  0  5 1.00
112 117  0  5 1.00
112 118  0  5 1.00
112 119  0  5 1.00
113 114  0  5 1.00
113 115  0  5 1.00
113 117  0  5 1.00
113 118  0  5 1.00
114 115  0  5 1.00
114 116  0  5 1.00
114 117  0  5 1.00
115 116  0  5 1.00
115 117  0  5 1.00
116 117  0  5 1.00
116 118  0  5 1.00
117 118  0  5 1.00
117 119  0  5 1.00
118 119  0  5 1.00
118 120  0  5 1.00
119 120  0  5 1.00
119 121  0  5 1.00
120 121  0  5 1.00
120 122  0  5 1.00
120 781  0  5 1.00
121 122  0  5 1.00
121 123  0  5 1.00
122 123  0  5 1.00
122 124  0  5 1.00
123 124  0  5 1.00
123 125  0  5 1.00
123 170  0  5 1.00
124 125  0  5 1.00
124 126  0  5 1.00
124 170  0  5 1.00
125 126  0  5 1.00
125 127  0  5 1.00
125 170  0  5 1.00
125 171  0  5 1.00
125 172  0  5 1.00
125 782  0  5 1.00
126 127  0  5 1.00
126 128  0  5 1.00
126 171  0  5 1.00
127 128  0  5 1.00
127 129  0  5 1.00
128 129  0  5 1.00
128 130  0  5 1.00
129 130  0  5 1.00
129 131  0  5 1.00
130 131  0  5 1.00
130 132  0  5 1.00
130 133  0  5 1.00
131 132  0  5 1.00
131 133  0  5 1.00
132 133  0  5 1.00
132 134  0  5 1.00
133 134  0  5 1.00
133 135  0  5 1.00
134 135  0  5 1.00
134 136  0  5 1.00
134 155  0  5 1.00
134 156  0  5 1.00
134 157  0  5 1.00
135 136  0  5 1.00
135 137  0  5 1.00
135 155  0  5 1.00
135 156  0  5 1.00
136 137  0  5 1.00
136 138  0  5 1.00
136 139  0  5 1.00
136 155  0  5 1.00
136 156  0  5 1.00
136 157  0  5 1.00
137 138  0  5 1.00
137 139  0  5 1.00
138 139  0  5 1.00
138 140  0  5 1.00
139 140  0  5 1.00
139 141  0  5 1.00
139 154  0  5 1.00
139 155  0  5 1.00
140 141  0  5 1.00
140 142  0  5 1.00
140 154  0  5 1.00
141 142  0  5 1.00
141 143  0  5 1.00
141 152  0  5 1.00
141 153  0  5 1.00
141 154  0  5 1.00
142 143  0  5 1.00
142 144  0  5 1.00
142 152  0  5 1.00
142 153  0  5 1.00
143 144  0  5 1.00
143 145  0  5 1.00
143 150  0  5 1.00
143 151  0  5 1.00
143 152  0  5 1.00
144 145  0  5 1.00
144 146  0  5 1.00
144 150  0  5 1.00
144 151  0  5 1.00
144 152  0  5 1.00
145 146  0  5 1.00
145 147  0  5 1.00
145 148  0  5 1.00
145 149  0  5 1.00
145 150  0  5 1.00
146 147  0  5 1.00
146 148  0  5 1.00
147 148  0  5 1.00
147 149  0  5 1.00
148 149  0  5 1.00
148 150  0  5 1.00
148 165  0  5 1.00
149 150  0  5 1.00
149 151  0  5 1.00
149 163  0  5 1.00
149 164  0  5 1.00
149 165  0  5 1.00
150 151  0  5 1.00
150 152  0  5 1.00
150 163  0  5 1.00
150 164  0  5 1.00
150 165  0  5 1.00
151 152  0  5 1.00
151 153  0  5 1.00
151 161  0  5 1.00
151 162  0  5 1.00
151 163  0  5 1.00
152 153  0  5 1.00
152 154  0  5 1.00
152 161  0  5 1.00
152 162  0  5 1.00
153 154  0  5 1.00
153 155  0  5 1.00
153 159  0  5 1.00
153 160  0  5 1.00
153 161  0  5 1.00
154 155  0  5 1.00
154 156  0  5 1.00
154 159  0  5 1.00
155 156  0  5 1.00
155 157  0  5 1.00
155 159  0  5 1.00
156 157  0  5 1.00
156 158  0  5 1.00
156 159  0  5 1.00
157 158  0  5 1.00
157 159  0  5 1.00
157 182  0  5 1.00
158 159  0  5 1.00
158 160  0  5 1.00
158 177  0  5 1.00
158 178  0  5 1.00
158 179  0  5 1.00
158 181  0  5 1.00
158 182  0  5 1.00
159 160  0  5 1.00
159 161  0  5 1.00
159 177  0  5 1.00
159 178  0  5 1.00
159 179  0  5 1.00
160 161  0  5 1.00
160 162  0  5 1.00
160 175  0  5 1.00
160 176  0  5 1.00
160 177  0  5 1.00
161 162  0  5 1.00
161 163  0  5 1.00
161 175  0  5 1.00
161 176  0  5 1.00
162 163  0  5 1.00
162 164  0  5 1.00
162 173  0  5 1.00
162 174  0  5 1.00
162 175  0  5 1.00
163 164  0  5 1.00
163 165  0  5 1.00
163 173  0  5 1.00
163 174  0  5 1.00
164 165  0  5 1.00
164 166  0  5 1.00
164 173  0  5 1.00
165 166  0  5 1.00
165 167  0  5 1.00
166 167  0  5 1.00
166 168  0  5 1.00
166 169  0  5 1.00
167 168  0  5 1.00
167 169  0  5 1.00
167 170  0  5 1.00
168 169  0  5 1.00
168 170  0  5 1.00
169 170  0  5 1.00
169 171  0  5 1.00
169 172  0  5 1.00
169 173  0  5 1.00
170 171  0  5 1.00
170 172  0  5 1.00
171 172  0  5 1.00
171 173  0  5 1.00
172 173  0  5 1.00
172 174  0  5 1.00
173 174  0  5 1.00
173 175  0  5 1.00
174 175  0  5 1.00
174 176  0  5 1.00
175 176  0  5 1.00
175 177  0  5 1.00
176 177  0  5 1.00
176 178  0  5 1.00
176 220  0  5 1.00
177 178  0  5 1.00
177 179  0  5 1.00
177 220  0  5 1.00
178 179  0  5 1.00
178 180  0  5 1.00
179 180  0  5 1.00
179 181  0  5 1.00
179 182  0  5 1.00
180 181  0  5 1.00
180 182  0  5 1.00
181 182  0  5 1.00
181 183  0  5 1.00
181 184  0  5 1.00
182 183  0  5 1.00
182 184  0  5 1.00
183 184  0  5 1.00
183 185  0  5 1.00
183 201  0  5 1.00
183 202  0  5 1.00
183 203  0  5 1.00
184 185  0  5 1.00
184 186  0  5 1.00
184 201  0  5 1.00
184 202  0  5 1.00
185 186  0  5 1.00
185 187  0  5 1.00
185 201  0  5 1.00
185 202  0  5 1.00
185 237  0  5 1.00
186 187  0  5 1.00
186 188  0  5 1.00
186 199  0  5 1.00
186 200  0  5 1.00
186 201  0  5 1.00
186 237  0  5 1.00
187 188  0  5 1.00
187 189  0  5 1.00
187 199  0  5 1.00
187 200  0  5 1.00
188 189  0  5 1.00
188 190  0  5 1.00
188 197  0  5 1.00
188 198  0  5 1.00
188 199  0  5 1.00
189 190  0  5 1.00
189 191  0  5 1.00
189 197  0  5 1.00
189 198  0  5 1.00
189 199  0  5 1.00
189 241  0  5 1.00
190 191  0  5 1.00
190 192  0  5 1.00
190 193  0  5 1.00
190 197  0  5 1.00
190 198  0  5 1.00
191 192  0  5 1.00
191 193  0  5 1.00
191 242  0  5 1.00
191 247  0  5 1.00
191 248  0  5 1.00
192 193  0  5 1.00
192 194  0  5 1.00
193 194  0  5 1.00
193 195  0  5 1.00
194 195  0  5 1.00
194 196  0  5 1.00
195 196  0  5 1.00
195 197  0  5 1.00
196 197  0  5 1.00
196 198  0  5 1.00
196 213  0  5 1.00
196 214  0  5 1.00
196 215  0  5 1.00
197 198  0  5 1.00
197 199  0  5 1.00
197 213  0  5 1.00
197 214  0  5 1.00
197 215  0  5 1.00
198 199  0  5 1.00
198 200  0  5 1.00
198 211  0  5 1.00
198 212  0  5 1.00
198 213  0  5 1.00
199 200  0  5 1.00
199 201  0  5 1.00
199 211  0  5 1.00
199 212  0  5 1.00
200 201  0  5 1.00
200 202  0  5 1.00
200 209  0  5 1.00
200 210  0  5 1.00
200 211  0  5 1.00
201 202  0  5 1.00
201 203  0  5 1.00
201 209  0  5 1.00
201 210  0  5 1.00
202 203  0  5 1.00
202 204  0  5 1.00
202 207  0  5 1.00
202 208  0  5 1.00
202 209  0  5 1.00
203 204  0  5 1.00
203 205  0  5 1.00
203 207  0  5 1.00
203 208  0  5 1.00
204 205  0  5 1.00
204 206  0  5 1.00
204 207  0  5 1.00
205 206  0  5 1.00
205 207  0  5 1.00
206 207  0  5 1.00
206 208  0  5 1.00
207 208  0  5 1.00
207 209  0  5 1.00
208 209  0  5 1.00
208 210  0  5 1.00
208 230  0  5 1.00
208 231  0  5 1.00
208 232  0  5 1.00
208 233  0  5 1.00
209 210  0  5 1.00
209 211  0  5 1.00
209 230  0  5 1.00
209 231  0  5 1.00
209 232  0  5 1.00
210 211  0  5 1.00
210 212  0  5 1.00
210 228  0  5 1.00
210 229  0  5 1.00
210 230  0  5 1.00
210 232  0  5 1.00
211 212  0  5 1.00
211 213  0  5 1.00
211 229  0  5 1.00
212 213  0  5 1.00
212 214  0  5 1.00
212 223  0  5 1.00
212 224  0  5 1.00
212 225  0  5 1.00
212 227  0  5 1.00
213 214  0  5 1.00
213 215  0  5 1.00
213 223  0  5 1.00
213 224  0  5 1.00
213 225  0  5 1.00
214 215  0  5 1.00
214 216  0  5 1.00
214 221  0  5 1.00
214 222  0  5 1.00
214 223  0  5 1.00
214 224  0  5 1.00
214 225  0  5 1.00
215 216  0  5 1.00
215 217  0  5 1.00
215 221  0  5 1.00
215 222  0  5 1.00
216 217  0  5 1.00
216 218  0  5 1.00
216 219  0  5 1.00
216 220  0  5 1.00
216 221  0  5 1.00
217 218  0  5 1.00
217 219  0  5 1.00
217 220  0  5 1.00
218 219  0  5 1.00
218 220  0  5 1.00
219 220  0  5 1.00
219 221  0  5 1.00
220 221  0  5 1.00
220 222  0  5 1.00
221 222  0  5 1.00
221 223  0  5 1.00
222 223  0  5 1.00
222 224  0  5 1.00
223 224  0  5 1.00
223 225  0  5 1.00
224 225  0  5 1.00
224 226  0  5 1.00
225 226  0  5 1.00
225 227  0  5 1.00
226 227  0  5 1.00
226 228  0  5 1.00
227 228  0  5 1.00
227 229  0  5 1.00
227 262  0  5 1.00
228 229  0  5 1.00
228 230  0  5 1.00
229 230  0  5 1.00
229 231  0  5 1.00
230 231  0  5 1.00
230 232  0  5 1.00
231 232  0  5 1.00
231 233  0  5 1.00
232 233  0  5 1.00
232 234  0  5 1.00
233 234  0  5 1.00
233 235  0  5 1.00
233 236  0  5 1.00
234 235  0  5 1.00
234 236  0  5 1.00
235 236  0  5 1.00
235 237  0  5 1.00
235 252  0  5 1.00
235 253  0  5 1.00
235 254  0  5 1.00
236 237  0  5 1.00
236 238  0  5 1.00
236 252  0  5 1.00
236 253  0  5 1.00
236 254  0  5 1.00
237 238  0  5 1.00
237 239  0  5 1.00
237 252  0  5 1.00
237 253  0  5 1.00
238 239  0  5 1.00
238 240  0  5 1.00
238 250  0  5 1.00
238 251  0  5 1.00
238 252  0  5 1.00
239 240  0  5 1.00
239 241  0  5 1.00
239 250  0  5 1.00
239 251  0  5 1.00
240 241  0  5 1.00
240 242  0  5 1.00
240 248  0  5 1.00
240 249  0  5 1.00
240 250  0  5 1.00
241 242  0  5 1.00
241 243  0  5 1.00
241 248  0  5 1.00
241 249  0  5 1.00
242 243  0  5 1.00
242 244  0  5 1.00
242 246  0  5 1.00
242 247  0  5 1.00
242 248  0  5 1.00
242 249  0  5 1.00
243 244  0  5 1.00
243 245  0  5 1.00
243 246  0  5 1.00
243 247  0  5 1.00
243 287  0  5 1.00
244 245  0  5 1.00
244 246  0  5 1.00
244 247  0  5 1.00
244 286  0  5 1.00
244 287  0  5 1.00
245 246  0  5 1.00
245 247  0  5 1.00
245 287  0  5 1.00
245 315  0  5 1.00
246 247  0  5 1.00
246 248  0  5 1.00
246 287  0  5 1.00
246 315  0  5 1.00
247 248  0  5 1.00
247 249  0  5 1.00
248 249  0  5 1.00
248 250  0  5 1.00
248 260  0  5 1.00
248 261  0  5 1.00
249 250  0  5 1.00
249 251  0  5 1.00
249 258  0  5 1.00
249 259  0  5 1.00
249 260  0  5 1.00
249 261  0  5 1.00
250 251  0  5 1.00
250 252  0  5 1.00
250 258  0  5 1.00
250 259  0  5 1.00
251 252  0  5 1.00
251 253  0  5 1.00
251 256  0  5 1.00
251 257  0  5 1.00
251 258  0  5 1.00
251 259  0  5 1.00
252 253  0  5 1.00
252 254  0  5 1.00
252 256  0  5 1.00
252 257  0  5 1.00
253 254  0  5 1.00
253 255  0  5 1.00
253 256  0  5 1.00
253 257  0  5 1.00
254 255  0  5 1.00
254 256  0  5 1.00
254 273  0  5 1.00
254 274  0  5 1.00
255 256  0  5 1.00
255 257  0  5 1.00
255 268  0  5 1.00
255 269  0  5 1.00
255 270  0  5 1.00
256 257  0  5 1.00
256 258  0  5 1.00
256 268  0  5 1.00
256 269  0  5 1.00
257 258  0  5 1.00
257 259  0  5 1.00
257 266  0  5 1.00
257 267  0  5 1.00
257 268  0  5 1.00
258 259  0  5 1.00
258 260  0  5 1.00
258 266  0  5 1.00
258 267  0  5 1.00
258 268  0  5 1.00
259 260  0  5 1.00
259 261  0  5 1.00
259 264  0  5 1.00
259 265  0  5 1.00
259 266  0  5 1.00
259 267  0  5 1.00
260 261  0  5 1.00
260 262  0  5 1.00
260 264  0  5 1.00
261 262  0  5 1.00
261 263  0  5 1.00
261 264  0  5 1.00
262 263  0  5 1.00
262 264  0  5 1.00
263 264  0  5 1.00
263 265  0  5 1.00
264 265  0  5 1.00
264 266  0  5 1.00
265 266  0  5 1.00
265 267  0  5 1.00
266 267  0  5 1.00
266 268  0  5 1.00
267 268  0  5 1.00
267 269  0  5 1.00
268 269  0  5 1.00
268 270  0  5 1.00
269 270  0  5 1.00
269 271  0  5 1.00
270 271  0  5 1.00
270 272  0  5 1.00
270 273  0  5 1.00
270 274  0  5 1.00
271 272  0  5 1.00
271 273  0  5 1.00
271 274  0  5 1.00
271 275  0  5 1.00
272 273  0  5 1.00
272 274  0  5 1.00
272 275  0  5 1.00
273 274  0  5 1.00
273 275  0  5 1.00
273 276  0  5 1.00
273 277  0  5 1.00
274 275  0  5 1.00
274 276  0  5 1.00
275 276  0  5 1.00
275 277  0  5 1.00
276 277  0  5 1.00
276 278  0  5 1.00
277 278  0  5 1.00
277 279  0  5 1.00
277 294  0  5 1.00
277 295  0  5 1.00
277 296  0  5 1.00
278 279  0  5 1.00
278 280  0  5 1.00
278 294  0  5 1.00
278 295  0  5 1.00
279 280  0  5 1.00
279 281  0  5 1.00
279 294  0  5 1.00
279 295  0  5 1.00
279 296  0  5 1.00
279 332  0  5 1.00
280 281  0  5 1.00
280 282  0  5 1.00
280 292  0  5 1.00
280 293  0  5 1.00
280 294  0  5 1.00
281 282  0  5 1.00
281 283  0  5 1.00
281 292  0  5 1.00
281 293  0  5 1.00
281 294  0  5 1.00
281 334  0  5 1.00
282 283  0  5 1.00
282 284  0  5 1.00
282 290  0  5 1.00
282 291  0  5 1.00
282 292  0  5 1.00
282 334  0  5 1.00
283 284  0  5 1.00
283 285  0  5 1.00
283 290  0  5 1.00
283 291  0  5 1.00
283 292  0  5 1.00
284 285  0  5 1.00
284 286  0  5 1.00
284 290  0  5 1.00
284 291  0  5 1.00
285 286  0  5 1.00
285 287  0  5 1.00
285 288  0  5 1.00
285 289  0  5 1.00
285 290  0  5 1.00
286 287  0  5 1.00
286 288  0  5 1.00
287 288  0  5 1.00
287 289  0  5 1.00
288 289  0  5 1.00
288 290  0  5 1.00
289 290  0  5 1.00
289 291  0  5 1.00
289 303  0  5 1.00
289 304  0  5 1.00
289 305  0  5 1.00
290 291  0  5 1.00
290 292  0  5 1.00
290 303  0  5 1.00
290 304  0  5 1.00
291 292  0  5 1.00
291 293  0  5 1.00
291 301  0  5 1.00
291 302  0  5 1.00
291 303  0  5 1.00
292 293  0  5 1.00
292 294  0  5 1.00
292 301  0  5 1.00
292 302  0  5 1.00
292 303  0  5 1.00
293 294  0  5 1.00
293 295  0  5 1.00
293 299  0  5 1.00
293 300  0  5 1.00
293 301  0  5 1.00
293 302  0  5 1.00
294 295  0  5 1.00
294 296  0  5 1.00
294 299  0  5 1.00
294 300  0  5 1.00
295 296  0  5 1.00
295 297  0  5 1.00
295 298  0  5 1.00
295 299  0  5 1.00
295 331  0  5 1.00
296 297  0  5 1.00
296 298  0  5 1.00
297 298  0  5 1.00
297 299  0  5 1.00
297 330  0  5 1.00
298 299  0  5 1.00
298 300  0  5 1.00
298 326  0  5 1.00
298 327  0  5 1.00
298 328  0  5 1.00
298 329  0  5 1.00
298 330  0  5 1.00
298 331  0  5 1.00
299 300  0  5 1.00
299 301  0  5 1.00
299 326  0  5 1.00
299 327  0  5 1.00
299 328  0  5 1.00
300 301  0  5 1.00
300 302  0  5 1.00
300 323  0  5 1.00
300 324  0  5 1.00
300 325  0  5 1.00
300 326  0  5 1.00
300 327  0  5 1.00
301 302  0  5 1.00
301 303  0  5 1.00
301 323  0  5 1.00
301 324  0  5 1.00
301 325  0  5 1.00
302 303  0  5 1.00
302 304  0  5 1.00
302 321  0  5 1.00
302 322  0  5 1.00
302 323  0  5 1.00
302 324  0  5 1.00
302 325  0  5 1.00
303 304  0  5 1.00
303 305  0  5 1.00
303 321  0  5 1.00
303 322  0  5 1.00
304 305  0  5 1.00
304 306  0  5 1.00
304 319  0  5 1.00
304 320  0  5 1.00
304 321  0  5 1.00
304 322  0  5 1.00
305 306  0  5 1.00
305 307  0  5 1.00
305 319  0  5 1.00
306 307  0  5 1.00
306 316  0  5 1.00
306 317  0  5 1.00
306 318  0  5 1.00
306 319  0  5 1.00
307 316  0  5 1.00
307 317  0  5 1.00
307 318  0  5 1.00
315 316  0  5 1.00
315 317  0  5 1.00
316 317  0  5 1.00
316 318  0  5 1.00
317 318  0  5 1.00
317 319  0  5 1.00
318 319  0  5 1.00
318 320  0  5 1.00
319 320  0  5 1.00
319 321  0  5 1.00
320 321  0  5 1.00
320 322  0  5 1.00
321 322  0  5 1.00
321 323  0  5 1.00
322 323  0  5 1.00
322 324  0  5 1.00
323 324  0  5 1.00
323 325  0  5 1.00
324 325  0  5 1.00
324 326  0  5 1.00
324 365  0  5 1.00
325 326  0  5 1.00
325 327  0  5 1.00
325 365  0  5 1.00
325 366  0  5 1.00
325 367  0  5 1.00
326 327  0  5 1.00
326 328  0  5 1.00
326 367  0  5 1.00
327 328  0  5 1.00
327 329  0  5 1.00
328 329  0  5 1.00
328 330  0  5 1.00
329 330  0  5 1.00
329 331  0  5 1.00
329 350  0  5 1.00
330 331  0  5 1.00
330 332  0  5 1.00
330 345  0  5 1.00
330 346  0  5 1.00
330 347  0  5 1.00
330 348  0  5 1.00
331 332  0  5 1.00
331 333  0  5 1.00
331 345  0  5 1.00
331 346  0  5 1.00
332 333  0  5 1.00
332 334  0  5 1.00
332 345  0  5 1.00
332 346  0  5 1.00
332 347  0  5 1.00
333 334  0  5 1.00
333 335  0  5 1.00
333 343  0  5 1.00
333 344  0  5 1.00
333 345  0  5 1.00
334 335  0  5 1.00
334 336  0  5 1.00
334 343  0  5 1.00
334 344  0  5 1.00
334 345  0  5 1.00
335 336  0  5 1.00
335 337  0  5 1.00
335 341  0  5 1.00
335 342  0  5 1.00
335 343  0  5 1.00
336 337  0  5 1.00
336 338  0  5 1.00
336 341  0  5 1.00
336 342  0  5 1.00
337 338  0  5 1.00
337 339  0  5 1.00
337 341  0  5 1.00
337 342  0  5 1.00
338 339  0  5 1.00
338 340  0  5 1.00
338 341  0  5 1.00
339 340  0  5 1.00
339 341  0  5 1.00
340 341  0  5 1.00
340 342  0  5 1.00
340 354  0  5 1.00
340 355  0  5 1.00
340 356  0  5 1.00
341 342  0  5 1.00
341 343  0  5 1.00
341 354  0  5 1.00
341 355  0  5 1.00
341 356  0  5 1.00
342 343  0  5 1.00
342 344  0  5 1.00
342 352  0  5 1.00
342 353  0  5 1.00
342 354  0  5 1.00
343 344  0  5 1.00
343 345  0  5 1.00
343 352  0  5 1.00
343 353  0  5 1.00
344 345  0  5 1.00
344 346  0  5 1.00
344 350  0  5 1.00
344 351  0  5 1.00
344 352  0  5 1.00
344 353  0  5 1.00
345 346  0  5 1.00
345 347  0  5 1.00
346 347  0  5 1.00
346 348  0  5 1.00
346 349  0  5 1.00
346 350  0  5 1.00
346 351  0  5 1.00
347 348  0  5 1.00
347 349  0  5 1.00
347 377  0  5 1.00
347 378  0  5 1.00
347 749  0  5 1.00
348 349  0  5 1.00
348 350  0  5 1.00
348 377  0  5 1.00
348 378  0  5 1.00
348 400  0  5 1.00
348 401  0  5 1.00
348 404  0  5 1.00
349 350  0  5 1.00
349 351  0  5 1.00
349 375  0  5 1.00
349 377  0  5 1.00
349 404  0  5 1.00
350 351  0  5 1.00
350 352  0  5 1.00
350 373  0  5 1.00
350 374  0  5 1.00
350 375  0  5 1.00
351 352  0  5 1.00
351 353  0  5 1.00
351 371  0  5 1.00
351 372  0  5 1.00
351 373  0  5 1.00
352 353  0  5 1.00
352 354  0  5 1.00
352 371  0  5 1.00
352 372  0  5 1.00
352 373  0  5 1.00
353 354  0  5 1.00
353 355  0  5 1.00
353 368  0  5 1.00
353 369  0  5 1.00
353 370  0  5 1.00
353 371  0  5 1.00
354 355  0  5 1.00
354 356  0  5 1.00
354 368  0  5 1.00
354 369  0  5 1.00
354 370  0  5 1.00
355 356  0  5 1.00
355 357  0  5 1.00
355 366  0  5 1.00
355 367  0  5 1.00
355 368  0  5 1.00
355 369  0  5 1.00
355 370  0  5 1.00
356 357  0  5 1.00
356 358  0  5 1.00
356 366  0  5 1.00
357 358  0  5 1.00
357 359  0  5 1.00
357 360  0  5 1.00
357 364  0  5 1.00
357 365  0  5 1.00
357 366  0  5 1.00
358 359  0  5 1.00
358 360  0  5 1.00
359 360  0  5 1.00
359 361  0  5 1.00
359 363  0  5 1.00
359 364  0  5 1.00
360 361  0  5 1.00
360 362  0  5 1.00
360 363  0  5 1.00
360 364  0  5 1.00
361 362  0  5 1.00
361 363  0  5 1.00
362 363  0  5 1.00
362 364  0  5 1.00
363 364  0  5 1.00
363 365  0  5 1.00
364 365  0  5 1.00
364 366  0  5 1.00
365 366  0  5 1.00
365 367  0  5 1.00
366 367  0  5 1.00
366 368  0  5 1.00
367 368  0  5 1.00
367 369  0  5 1.00
368 369  0  5 1.00
368 370  0  5 1.00
369 370  0  5 1.00
369 371  0  5 1.00
370 371  0  5 1.00
370 372  0  5 1.00
371 372  0  5 1.00
371 373  0  5 1.00
372 373  0  5 1.00
372 374  0  5 1.00
373 374  0  5 1.00
373 375  0  5 1.00
374 375  0  5 1.00
374 376  0  5 1.00
375 376  0  5 1.00
375 377  0  5 1.00
376 377  0  5 1.00
376 378  0  5 1.00
376 379  0  5 1.00
376 399  0  5 1.00
376 400  0  5 1.00
376 751  0  5 1.00
377 378  0  5 1.00
377 379  0  5 1.00
377 399  0  5 1.00
377 400  0  5 1.00
377 748  0  5 1.00
377 749  0  5 1.00
377 750  0  5 1.00
377 751  0  5 1.00
378 379  0  5 1.00
378 380  0  5 1.00
378 398  0  5 1.00
378 399  0  5 1.00
378 400  0  5 1.00
378 748  0  5 1.00
378 749  0  5 1.00
378 750  0  5 1.00
378 751  0  5 1.00
379 380  0  5 1.00
379 381  0  5 1.00
379 398  0  5 1.00
379 399  0  5 1.00
379 721  0  5 1.00
379 747  0  5 1.00
379 748  0  5 1.00
379 749  0  5 1.00
379 751  0  5 1.00
380 381  0  5 1.00
380 382  0  5 1.00
380 398  0  5 1.00
380 438  0  5 1.00
380 721  0  5 1.00
381 382  0  5 1.00
381 383  0  5 1.00
381 396  0  5 1.00
381 397  0  5 1.00
381 398  0  5 1.00
381 438  0  5 1.00
382 383  0  5 1.00
382 384  0  5 1.00
382 396  0  5 1.00
382 397  0  5 1.00
382 398  0  5 1.00
382 440  0  5 1.00
383 384  0  5 1.00
383 385  0  5 1.00
383 394  0  5 1.00
383 395  0  5 1.00
383 396  0  5 1.00
384 385  0  5 1.00
384 386  0  5 1.00
384 394  0  5 1.00
384 395  0  5 1.00
385 386  0  5 1.00
385 387  0  5 1.00
385 392  0  5 1.00
385 393  0  5 1.00
385 394  0  5 1.00
386 387  0  5 1.00
386 388  0  5 1.00
386 390  0  5 1.00
386 392  0  5 1.00
386 393  0  5 1.00
386 394  0  5 1.00
387 388  0  5 1.00
387 389  0  5 1.00
388 389  0  5 1.00
388 390  0  5 1.00
389 390  0  5 1.00
389 391  0  5 1.00
389 392  0  5 1.00
390 391  0  5 1.00
390 392  0  5 1.00
391 392  0  5 1.00
391 393  0  5 1.00
391 729  0  5 1.00
391 730  0  5 1.00
391 731  0  5 1.00
392 393  0  5 1.00
392 394  0  5 1.00
392 728  0  5 1.00
392 729  0  5 1.00
392 730  0  5 1.00
392 731  0  5 1.00
393 394  0  5 1.00
393 395  0  5 1.00
393 410  0  5 1.00
393 411  0  5 1.00
393 727  0  5 1.00
393 728  0  5 1.00
393 729  0  5 1.00
394 395  0  5 1.00
394 396  0  5 1.00
394 410  0  5 1.00
394 727  0  5 1.00
395 396  0  5 1.00
395 397  0  5 1.00
395 408  0  5 1.00
395 409  0  5 1.00
395 410  0  5 1.00
396 397  0  5 1.00
396 398  0  5 1.00
396 408  0  5 1.00
396 409  0  5 1.00
397 398  0  5 1.00
397 399  0  5 1.00
397 406  0  5 1.00
397 407  0  5 1.00
397 408  0  5 1.00
398 399  0  5 1.00
398 400  0  5 1.00
398 406  0  5 1.00
398 437  0  5 1.00
399 400  0  5 1.00
399 401  0  5 1.00
399 404  0  5 1.00
399 405  0  5 1.00
399 406  0  5 1.00
399 407  0  5 1.00
400 401  0  5 1.00
400 402  0  5 1.00
400 404  0  5 1.00
400 405  0  5 1.00
400 406  0  5 1.00
400 437  0  5 1.00
401 402  0  5 1.00
401 403  0  5 1.00
401 404  0  5 1.00
401 405  0  5 1.00
401 436  0  5 1.00
402 403  0  5 1.00
402 404  0  5 1.00
402 405  0  5 1.00
402 434  0  5 1.00
402 435  0  5 1.00
402 436  0  5 1.00
403 404  0  5 1.00
403 405  0  5 1.00
403 434  0  5 1.00
403 435  0  5 1.00
404 405  0  5 1.00
404 406  0  5 1.00
404 434  0  5 1.00
405 406  0  5 1.00
405 407  0  5 1.00
405 431  0  5 1.00
405 432  0  5 1.00
405 433  0  5 1.00
405 434  0  5 1.00
405 435  0  5 1.00
405 436  0  5 1.00
405 437  0  5 1.00
406 407  0  5 1.00
406 408  0  5 1.00
406 431  0  5 1.00
406 432  0  5 1.00
406 433  0  5 1.00
406 435  0  5 1.00
407 408  0  5 1.00
407 409  0  5 1.00
407 429  0  5 1.00
407 430  0  5 1.00
407 431  0  5 1.00
408 409  0  5 1.00
408 410  0  5 1.00
408 429  0  5 1.00
408 430  0  5 1.00
409 410  0  5 1.00
409 411  0  5 1.00
409 427  0  5 1.00
409 428  0  5 1.00
409 429  0  5 1.00
410 411  0  5 1.00
410 412  0  5 1.00
410 427  0  5 1.00
410 428  0  5 1.00
411 412  0  5 1.00
411 413  0  5 1.00
411 425  0  5 1.00
411 426  0  5 1.00
411 427  0  5 1.00
412 413  0  5 1.00
412 425  0  5 1.00
412 426  0  5 1.00
412 427  0  5 1.00
412 728  0  5 1.00
413 425  0  5 1.00
413 426  0  5 1.00
413 427  0  5 1.00
425 426  0  5 1.00
425 427  0  5 1.00
426 427  0  5 1.00
426 428  0  5 1.00
427 428  0  5 1.00
427 429  0  5 1.00
428 429  0  5 1.00
428 430  0  5 1.00
429 430  0  5 1.00
429 431  0  5 1.00
430 431  0  5 1.00
430 432  0  5 1.00
431 432  0  5 1.00
431 433  0  5 1.00
432 433  0  5 1.00
432 434  0  5 1.00
433 434  0  5 1.00
433 435  0  5 1.00
433 471  0  5 1.00
433 472  0  5 1.00
434 435  0  5 1.00
434 436  0  5 1.00
434 470  0  5 1.00
434 471  0  5 1.00
435 436  0  5 1.00
435 437  0  5 1.00
435 454  0  5 1.00
436 437  0  5 1.00
436 438  0  5 1.00
436 452  0  5 1.00
436 453  0  5 1.00
436 454  0  5 1.00
437 438  0  5 1.00
437 439  0  5 1.00
437 452  0  5 1.00
437 453  0  5 1.00
438 439  0  5 1.00
438 440  0  5 1.00
438 452  0  5 1.00
438 453  0  5 1.00
439 440  0  5 1.00
439 441  0  5 1.00
439 450  0  5 1.00
439 451  0  5 1.00
439 452  0  5 1.00
440 441  0  5 1.00
440 442  0  5 1.00
440 450  0  5 1.00
440 451  0  5 1.00
441 442  0  5 1.00
441 443  0  5 1.00
441 448  0  5 1.00
441 449  0  5 1.00
441 450  0  5 1.00
442 443  0  5 1.00
442 444  0  5 1.00
442 448  0  5 1.00
442 449  0  5 1.00
442 450  0  5 1.00
442 534  0  5 1.00
443 444  0  5 1.00
443 445  0  5 1.00
443 446  0  5 1.00
443 447  0  5 1.00
443 448  0  5 1.00
443 449  0  5 1.00
444 445  0  5 1.00
444 446  0  5 1.00
444 447  0  5 1.00
444 448  0  5 1.00
445 446  0  5 1.00
445 447  0  5 1.00
446 447  0  5 1.00
446 448  0  5 1.00
447 448  0  5 1.00
447 449  0  5 1.00
447 510  0  5 1.00
447 511  0  5 1.00
447 512  0  5 1.00
447 513  0  5 1.00
448 449  0  5 1.00
448 450  0  5 1.00
448 510  0  5 1.00
448 511  0  5 1.00
448 512  0  5 1.00
449 450  0  5 1.00
449 451  0  5 1.00
449 508  0  5 1.00
449 509  0  5 1.00
449 510  0  5 1.00
449 512  0  5 1.00
450 451  0  5 1.00
450 452  0  5 1.00
450 508  0  5 1.00
451 452  0  5 1.00
451 453  0  5 1.00
451 506  0  5 1.00
451 507  0  5 1.00
451 508  0  5 1.00
452 453  0  5 1.00
452 454  0  5 1.00
452 506  0  5 1.00
452 507  0  5 1.00
452 508  0  5 1.00
453 454  0  5 1.00
453 455  0  5 1.00
453 504  0  5 1.00
453 505  0  5 1.00
453 506  0  5 1.00
454 455  0  5 1.00
454 456  0  5 1.00
454 504  0  5 1.00
454 505  0  5 1.00
455 456  0  5 1.00
455 457  0  5 1.00
455 502  0  5 1.00
455 503  0  5 1.00
455 504  0  5 1.00
456 457  0  5 1.00
456 458  0  5 1.00
456 466  0  5 1.00
456 467  0  5 1.00
456 468  0  5 1.00
456 502  0  5 1.00
456 503  0  5 1.00
456 504  0  5 1.00
457 458  0  5 1.00
457 459  0  5 1.00
457 466  0  5 1.00
457 467  0  5 1.00
457 500  0  5 1.00
457 501  0  5 1.00
457 502  0  5 1.00
458 459  0  5 1.00
458 460  0  5 1.00
458 464  0  5 1.00
458 465  0  5 1.00
458 466  0  5 1.00
458 467  0  5 1.00
458 499  0  5 1.00
458 500  0  5 1.00
458 501  0  5 1.00
458 502  0  5 1.00
459 460  0  5 1.00
459 461  0  5 1.00
459 464  0  5 1.00
459 465  0  5 1.00
459 498  0  5 1.00
459 499  0  5 1.00
459 500  0  5 1.00
460 461  0  5 1.00
460 462  0  5 1.00
460 463  0  5 1.00
460 464  0  5 1.00
460 465  0  5 1.00
460 498  0  5 1.00
461 462  0  5 1.00
461 463  0  5 1.00
461 498  0  5 1.00
462 463  0  5 1.00
462 464  0  5 1.00
463 464  0  5 1.00
463 465  0  5 1.00
464 465  0  5 1.00
464 466  0  5 1.00
465 466  0  5 1.00
465 467  0  5 1.00
466 467  0  5 1.00
466 468  0  5 1.00
467 468  0  5 1.00
467 469  0  5 1.00
468 469  0  5 1.00
468 470  0  5 1.00
469 470  0  5 1.00
469 471  0  5 1.00
470 471  0  5 1.00
470 472  0  5 1.00
471 472  0  5 1.00
471 473  0  5 1.00
471 474  0  5 1.00
471 475  0  5 1.00
472 473  0  5 1.00
472 474  0  5 1.00
472 475  0  5 1.00
472 476  0  5 1.00
473 474  0  5 1.00
473 475  0  5 1.00
473 476  0  5 1.00
474 475  0  5 1.00
474 476  0  5 1.00
475 476  0  5 1.00
475 477  0  5 1.00
475 517  0  5 1.00
476 477  0  5 1.00
476 478  0  5 1.00
476 517  0  5 1.00
476 518  0  5 1.00
477 478  0  5 1.00
477 479  0  5 1.00
477 517  0  5 1.00
477 518  0  5 1.00
477 519  0  5 1.00
478 479  0  5 1.00
478 480  0  5 1.00
478 517  0  5 1.00
478 518  0  5 1.00
478 519  0  5 1.00
478 520  0  5 1.00
479 480  0  5 1.00
479 481  0  5 1.00
479 520  0  5 1.00
480 481  0  5 1.00
480 482  0  5 1.00
480 520  0  5 1.00
480 521  0  5 1.00
480 522  0  5 1.00
481 482  0  5 1.00
481 483  0  5 1.00
481 522  0  5 1.00
482 483  0  5 1.00
482 484  0  5 1.00
482 522  0  5 1.00
483 484  0  5 1.00
483 485  0  5 1.00
484 485  0  5 1.00
484 486  0  5 1.00
485 486  0  5 1.00
498 499  0  5 1.00
498 500  0  5 1.00
499 500  0  5 1.00
499 501  0  5 1.00
500 501  0  5 1.00
500 502  0  5 1.00
501 502  0  5 1.00
501 503  0  5 1.00
502 503  0  5 1.00
502 504  0  5 1.00
503 504  0  5 1.00
503 505  0  5 1.00
504 505  0  5 1.00
504 506  0  5 1.00
505 506  0  5 1.00
505 507  0  5 1.00
505 521  0  5 1.00
505 522  0  5 1.00
505 523  0  5 1.00
505 527  0  5 1.00
506 507  0  5 1.00
506 508  0  5 1.00
506 521  0  5 1.00
506 522  0  5 1.00
506 523  0  5 1.00
507 508  0  5 1.00
507 509  0  5 1.00
507 519  0  5 1.00
507 520  0  5 1.00
507 521  0  5 1.00
507 522  0  5 1.00
508 509  0  5 1.00
508 510  0  5 1.00
508 519  0  5 1.00
508 520  0  5 1.00
508 521  0  5 1.00
509 510  0  5 1.00
509 511  0  5 1.00
509 516  0  5 1.00
509 517  0  5 1.00
509 518  0  5 1.00
509 519  0  5 1.00
509 520  0  5 1.00
510 511  0  5 1.00
510 512  0  5 1.00
510 516  0  5 1.00
510 517  0  5 1.00
510 518  0  5 1.00
511 512  0  5 1.00
511 513  0  5 1.00
511 514  0  5 1.00
511 515  0  5 1.00
511 516  0  5 1.00
512 513  0  5 1.00
512 514  0  5 1.00
512 515  0  5 1.00
513 514  0  5 1.00
513 515  0  5 1.00
514 515  0  5 1.00
514 516  0  5 1.00
515 516  0  5 1.00
515 517  0  5 1.00
516 517  0  5 1.00
516 518  0  5 1.00
517 518  0  5 1.00
517 519  0  5 1.00
518 519  0  5 1.00
518 520  0  5 1.00
519 520  0  5 1.00
519 521  0  5 1.00
520 521  0  5 1.00
520 522  0  5 1.00
521 522  0  5 1.00
521 523  0  5 1.00
522 523  0  5 1.00
522 524  0  5 1.00
523 524  0  5 1.00
523 525  0  5 1.00
524 525  0  5 1.00
524 526  0  5 1.00
524 527  0  5 1.00
525 526  0  5 1.00
525 527  0  5 1.00
526 527  0  5 1.00
526 528  0  5 1.00
526 550  0  5 1.00
526 551  0  5 1.00
526 552  0  5 1.00
527 528  0  5 1.00
527 529  0  5 1.00
527 550  0  5 1.00
527 551  0  5 1.00
527 552  0  5 1.00
528 529  0  5 1.00
528 530  0  5 1.00
528 548  0  5 1.00
528 549  0  5 1.00
528 550  0  5 1.00
528 551  0  5 1.00
529 530  0  5 1.00
529 531  0  5 1.00
529 548  0  5 1.00
529 549  0  5 1.00
530 531  0  5 1.00
530 532  0  5 1.00
530 548  0  5 1.00
530 549  0  5 1.00
530 586  0  5 1.00
530 587  0  5 1.00
531 532  0  5 1.00
531 533  0  5 1.00
531 546  0  5 1.00
531 547  0  5 1.00
531 548  0  5 1.00
531 586  0  5 1.00
531 587  0  5 1.00
532 533  0  5 1.00
532 534  0  5 1.00
532 546  0  5 1.00
532 547  0  5 1.00
532 548  0  5 1.00
533 534  0  5 1.00
533 535  0  5 1.00
533 544  0  5 1.00
533 545  0  5 1.00
533 546  0  5 1.00
534 535  0  5 1.00
534 536  0  5 1.00
534 544  0  5 1.00
534 545  0  5 1.00
534 546  0  5 1.00
535 536  0  5 1.00
535 537  0  5 1.00
535 542  0  5 1.00
535 543  0  5 1.00
535 544  0  5 1.00
536 537  0  5 1.00
536 538  0  5 1.00
536 540  0  5 1.00
536 542  0  5 1.00
536 543  0  5 1.00
536 544  0  5 1.00
536 594  0  5 1.00
537 538  0  5 1.00
537 539  0  5 1.00
537 540  0  5 1.00
537 542  0  5 1.00
537 594  0  5 1.00
538 539  0  5 1.00
538 540  0  5 1.00
538 594  0  5 1.00
538 609  0  5 1.00
539 540  0  5 1.00
539 541  0  5 1.00
539 609  0  5 1.00
540 541  0  5 1.00
540 542  0  5 1.00
541 542  0  5 1.00
541 543  0  5 1.00
542 543  0  5 1.00
542 544  0  5 1.00
543 544  0  5 1.00
543 545  0  5 1.00
543 567  0  5 1.00
543 568  0  5 1.00
544 545  0  5 1.00
544 546  0  5 1.00
544 567  0  5 1.00
544 568  0  5 1.00
545 546  0  5 1.00
545 547  0  5 1.00
545 565  0  5 1.00
545 566  0  5 1.00
545 567  0  5 1.00
546 547  0  5 1.00
546 548  0  5 1.00
546 565  0  5 1.00
546 566  0  5 1.00
546 567  0  5 1.00
547 548  0  5 1.00
547 549  0  5 1.00
547 563  0  5 1.00
547 564  0  5 1.00
547 565  0  5 1.00
548 549  0  5 1.00
548 550  0  5 1.00
548 563  0  5 1.00
548 564  0  5 1.00
548 565  0  5 1.00
548 586  0  5 1.00
549 550  0  5 1.00
549 551  0  5 1.00
549 561  0  5 1.00
549 562  0  5 1.00
549 563  0  5 1.00
549 584  0  5 1.00
549 585  0  5 1.00
549 586  0  5 1.00
550 551  0  5 1.00
550 552  0  5 1.00
550 561  0  5 1.00
550 562  0  5 1.00
550 563  0  5 1.00
550 584  0  5 1.00
550 585  0  5 1.00
550 586  0  5 1.00
551 552  0  5 1.00
551 553  0  5 1.00
551 559  0  5 1.00
551 560  0  5 1.00
551 561  0  5 1.00
551 562  0  5 1.00
552 553  0  5 1.00
552 554  0  5 1.00
553 554  0  5 1.00
553 555  0  5 1.00
553 556  0  5 1.00
554 555  0  5 1.00
554 556  0  5 1.00
555 556  0  5 1.00
555 557  0  5 1.00
556 557  0  5 1.00
556 558  0  5 1.00
557 558  0  5 1.00
557 559  0  5 1.00
558 559  0  5 1.00
558 560  0  5 1.00
559 560  0  5 1.00
559 561  0  5 1.00
559 583  0  5 1.00
559 584  0  5 1.00
559 585  0  5 1.00
560 561  0  5 1.00
560 562  0  5 1.00
560 582  0  5 1.00
560 583  0  5 1.00
560 584  0  5 1.00
561 562  0  5 1.00
561 563  0  5 1.00
561 582  0  5 1.00
561 583  0  5 1.00
561 584  0  5 1.00
561 585  0  5 1.00
562 563  0  5 1.00
562 564  0  5 1.00
562 580  0  5 1.00
562 581  0  5 1.00
562 582  0  5 1.00
562 584  0  5 1.00
563 564  0  5 1.00
563 565  0  5 1.00
563 580  0  5 1.00
563 581  0  5 1.00
563 582  0  5 1.00
563 584  0  5 1.00
564 565  0  5 1.00
564 566  0  5 1.00
564 578  0  5 1.00
564 579  0  5 1.00
564 580  0  5 1.00
565 566  0  5 1.00
565 567  0  5 1.00
565 578  0  5 1.00
565 579  0  5 1.00
566 567  0  5 1.00
566 568  0  5 1.00
566 575  0  5 1.00
566 576  0  5 1.00
566 577  0  5 1.00
566 578  0  5 1.00
566 579  0  5 1.00
567 568  0  5 1.00
567 569  0  5 1.00
567 575  0  5 1.00
567 576  0  5 1.00
567 577  0  5 1.00
568 569  0  5 1.00
568 570  0  5 1.00
568 573  0  5 1.00
568 574  0  5 1.00
568 575  0  5 1.00
568 577  0  5 1.00
569 570  0  5 1.00
569 571  0  5 1.00
569 573  0  5 1.00
569 574  0  5 1.00
570 571  0  5 1.00
570 572  0  5 1.00
570 573  0  5 1.00
571 572  0  5 1.00
571 573  0  5 1.00
572 573  0  5 1.00
572 574  0  5 1.00
573 574  0  5 1.00
573 575  0  5 1.00
574 575  0  5 1.00
574 576  0  5 1.00
575 576  0  5 1.00
575 577  0  5 1.00
576 577  0  5 1.00
576 578  0  5 1.00
577 578  0  5 1.00
577 579  0  5 1.00
577 613  0  5 1.00
578 579  0  5 1.00
578 580  0  5 1.00
578 613  0  5 1.00
579 580  0  5 1.00
579 581  0  5 1.00
580 581  0  5 1.00
580 582  0  5 1.00
581 582  0  5 1.00
581 583  0  5 1.00
582 583  0  5 1.00
582 584  0  5 1.00
583 584  0  5 1.00
583 585  0  5 1.00
584 585  0  5 1.00
584 586  0  5 1.00
584 601  0  5 1.00
585 586  0  5 1.00
585 587  0  5 1.00
585 599  0  5 1.00
585 600  0  5 1.00
585 601  0  5 1.00
586 587  0  5 1.00
586 588  0  5 1.00
586 599  0  5 1.00
586 600  0  5 1.00
587 588  0  5 1.00
587 589  0  5 1.00
587 599  0  5 1.00
587 627  0  5 1.00
587 628  0  5 1.00
588 589  0  5 1.00
588 590  0  5 1.00
588 597  0  5 1.00
588 598  0  5 1.00
588 599  0  5 1.00
588 627  0  5 1.00
588 628  0  5 1.00
589 590  0  5 1.00
589 591  0  5 1.00
589 597  0  5 1.00
589 598  0  5 1.00
589 599  0  5 1.00
590 591  0  5 1.00
590 592  0  5 1.00
590 595  0  5 1.00
590 596  0  5 1.00
590 597  0  5 1.00
591 592  0  5 1.00
591 593  0  5 1.00
591 595  0  5 1.00
591 596  0  5 1.00
592 593  0  5 1.00
592 594  0  5 1.00
592 595  0  5 1.00
592 596  0  5 1.00
592 597  0  5 1.00
593 594  0  5 1.00
593 595  0  5 1.00
594 595  0  5 1.00
594 596  0  5 1.00
595 596  0  5 1.00
595 597  0  5 1.00
595 607  0  5 1.00
596 597  0  5 1.00
596 598  0  5 1.00
596 605  0  5 1.00
596 606  0  5 1.00
596 607  0  5 1.00
597 598  0  5 1.00
597 599  0  5 1.00
597 605  0  5 1.00
597 606  0  5 1.00
597 607  0  5 1.00
598 599  0  5 1.00
598 600  0  5 1.00
598 603  0  5 1.00
598 604  0  5 1.00
598 605  0  5 1.00
599 600  0  5 1.00
599 601  0  5 1.00
599 603  0  5 1.00
599 604  0  5 1.00
599 605  0  5 1.00
599 627  0  5 1.00
600 601  0  5 1.00
600 602  0  5 1.00
600 603  0  5 1.00
600 604  0  5 1.00
601 602  0  5 1.00
601 603  0  5 1.00
601 625  0  5 1.00
601 626  0  5 1.00
601 627  0  5 1.00
602 603  0  5 1.00
602 604  0  5 1.00
602 621  0  5 1.00
602 622  0  5 1.00
602 623  0  5 1.00
602 625  0  5 1.00
602 626  0  5 1.00
602 627  0  5 1.00
603 604  0  5 1.00
603 605  0  5 1.00
603 621  0  5 1.00
603 622  0  5 1.00
603 623  0  5 1.00
604 605  0  5 1.00
604 606  0  5 1.00
604 619  0  5 1.00
604 620  0  5 1.00
604 621  0  5 1.00
605 606  0  5 1.00
605 607  0  5 1.00
605 619  0  5 1.00
605 620  0  5 1.00
605 621  0  5 1.00
606 607  0  5 1.00
606 608  0  5 1.00
606 616  0  5 1.00
606 617  0  5 1.00
606 618  0  5 1.00
606 619  0  5 1.00
607 608  0  5 1.00
607 609  0  5 1.00
607 616  0  5 1.00
607 617  0  5 1.00
607 618  0  5 1.00
608 609  0  5 1.00
608 610  0  5 1.00
608 614  0  5 1.00
608 615  0  5 1.00
608 616  0  5 1.00
608 617  0  5 1.00
608 618  0  5 1.00
609 610  0  5 1.00
609 611  0  5 1.00
609 614  0  5 1.00
609 615  0  5 1.00
610 611  0  5 1.00
610 612  0  5 1.00
610 613  0  5 1.00
610 614  0  5 1.00
611 612  0  5 1.00
611 613  0  5 1.00
612 613  0  5 1.00
612 614  0  5 1.00
613 614  0  5 1.00
613 615  0  5 1.00
614 615  0  5 1.00
614 616  0  5 1.00
615 616  0  5 1.00
615 617  0  5 1.00
616 617  0  5 1.00
616 618  0  5 1.00
617 618  0  5 1.00
617 619  0  5 1.00
618 619  0  5 1.00
618 620  0  5 1.00
618 656  0  5 1.00
619 620  0  5 1.00
619 621  0  5 1.00
619 656  0  5 1.00
620 621  0  5 1.00
620 622  0  5 1.00
621 622  0  5 1.00
621 623  0  5 1.00
622 623  0  5 1.00
622 624  0  5 1.00
623 624  0  5 1.00
623 625  0  5 1.00
624 625  0  5 1.00
624 626  0  5 1.00
625 626  0  5 1.00
625 627  0  5 1.00
626 627  0  5 1.00
626 628  0  5 1.00
626 640  0  5 1.00
626 641  0  5 1.00
627 628  0  5 1.00
627 629  0  5 1.00
627 640  0  5 1.00
628 629  0  5 1.00
628 630  0  5 1.00
628 640  0  5 1.00
628 641  0  5 1.00
629 630  0  5 1.00
629 631  0  5 1.00
629 638  0  5 1.00
629 639  0  5 1.00
629 640  0  5 1.00
630 631  0  5 1.00
630 632  0  5 1.00
630 638  0  5 1.00
631 632  0  5 1.00
631 633  0  5 1.00
631 636  0  5 1.00
631 637  0  5 1.00
631 638  0  5 1.00
632 633  0  5 1.00
632 634  0  5 1.00
632 636  0  5 1.00
632 637  0  5 1.00
632 638  0  5 1.00
633 634  0  5 1.00
633 635  0  5 1.00
633 636  0  5 1.00
634 635  0  5 1.00
634 636  0  5 1.00
635 636  0  5 1.00
635 637  0  5 1.00
635 649  0  5 1.00
635 650  0  5 1.00
635 651  0  5 1.00
636 637  0  5 1.00
636 638  0  5 1.00
636 649  0  5 1.00
636 650  0  5 1.00
637 638  0  5 1.00
637 639  0  5 1.00
637 647  0  5 1.00
637 648  0  5 1.00
637 649  0  5 1.00
637 650  0  5 1.00
638 639  0  5 1.00
638 640  0  5 1.00
638 647  0  5 1.00
638 648  0  5 1.00
639 640  0  5 1.00
639 641  0  5 1.00
639 645  0  5 1.00
639 646  0  5 1.00
639 647  0  5 1.00
640 641  0  5 1.00
640 642  0  5 1.00
640 645  0  5 1.00
640 646  0  5 1.00
640 647  0  5 1.00
641 642  0  5 1.00
641 643  0  5 1.00
641 644  0  5 1.00
641 645  0  5 1.00
641 670  0  5 1.00
642 643  0  5 1.00
642 644  0  5 1.00
642 668  0  5 1.00
642 669  0  5 1.00
642 670  0  5 1.00
643 644  0  5 1.00
643 645  0  5 1.00
643 666  0  5 1.00
643 667  0  5 1.00
643 668  0  5 1.00
643 669  0  5 1.00
643 670  0  5 1.00
644 645  0  5 1.00
644 646  0  5 1.00
644 664  0  5 1.00
644 665  0  5 1.00
644 666  0  5 1.00
644 668  0  5 1.00
644 670  0  5 1.00
645 646  0  5 1.00
645 647  0  5 1.00
645 664  0  5 1.00
645 665  0  5 1.00
646 647  0  5 1.00
646 648  0  5 1.00
646 662  0  5 1.00
646 663  0  5 1.00
646 664  0  5 1.00
646 665  0  5 1.00
647 648  0  5 1.00
647 649  0  5 1.00
647 662  0  5 1.00
647 663  0  5 1.00
648 649  0  5 1.00
648 650  0  5 1.00
648 659  0  5 1.00
648 660  0  5 1.00
648 661  0  5 1.00
648 662  0  5 1.00
648 663  0  5 1.00
649 650  0  5 1.00
649 651  0  5 1.00
649 659  0  5 1.00
649 660  0  5 1.00
649 661  0  5 1.00
650 651  0  5 1.00
650 652  0  5 1.00
650 657  0  5 1.00
650 658  0  5 1.00
650 659  0  5 1.00
651 652  0  5 1.00
651 653  0  5 1.00
651 657  0  5 1.00
651 658  0  5 1.00
652 653  0  5 1.00
652 654  0  5 1.00
652 655  0  5 1.00
652 656  0  5 1.00
652 657  0  5 1.00
652 658  0  5 1.00
653 654  0  5 1.00
653 655  0  5 1.00
653 656  0  5 1.00
654 655  0  5 1.00
654 656  0  5 1.00
655 656  0  5 1.00
655 657  0  5 1.00
656 657  0  5 1.00
656 658  0  5 1.00
657 658  0  5 1.00
657 659  0  5 1.00
658 659  0  5 1.00
658 660  0  5 1.00
659 660  0  5 1.00
659 661  0  5 1.00
660 661  0  5 1.00
660 662  0  5 1.00
661 662  0  5 1.00
661 663  0  5 1.00
661 705  0  5 1.00
661 706  0  5 1.00
662 663  0  5 1.00
662 664  0  5 1.00
662 705  0  5 1.00
662 706  0  5 1.00
662 707  0  5 1.00
663 664  0  5 1.00
663 665  0  5 1.00
663 706  0  5 1.00
663 707  0  5 1.00
663 708  0  5 1.00
664 665  0  5 1.00
664 666  0  5 1.00
665 666  0  5 1.00
665 667  0  5 1.00
666 667  0  5 1.00
666 668  0  5 1.00
667 668  0  5 1.00
667 669  0  5 1.00
668 669  0  5 1.00
668 670  0  5 1.00
669 670  0  5 1.00
669 671  0  5 1.00
669 684  0  5 1.00
669 685  0  5 1.00
669 686  0  5 1.00
670 671  0  5 1.00
670 672  0  5 1.00
670 684  0  5 1.00
670 685  0  5 1.00
670 686  0  5 1.00
671 672  0  5 1.00
671 673  0  5 1.00
671 684  0  5 1.00
671 685  0  5 1.00
671 720  0  5 1.00
671 721  0  5 1.00
672 673  0  5 1.00
672 674  0  5 1.00
672 682  0  5 1.00
672 683  0  5 1.00
672 684  0  5 1.00
672 720  0  5 1.00
672 721  0  5 1.00
673 674  0  5 1.00
673 675  0  5 1.00
673 682  0  5 1.00
673 683  0  5 1.00
673 684  0  5 1.00
674 675  0  5 1.00
674 676  0  5 1.00
674 680  0  5 1.00
674 681  0  5 1.00
674 682  0  5 1.00
674 683  0  5 1.00
675 676  0  5 1.00
675 677  0  5 1.00
675 680  0  5 1.00
675 681  0  5 1.00
675 682  0  5 1.00
676 677  0  5 1.00
676 678  0  5 1.00
676 680  0  5 1.00
676 681  0  5 1.00
676 682  0  5 1.00
677 678  0  5 1.00
677 679  0  5 1.00
677 680  0  5 1.00
678 679  0  5 1.00
678 680  0  5 1.00
679 680  0  5 1.00
679 681  0  5 1.00
679 693  0  5 1.00
679 694  0  5 1.00
679 695  0  5 1.00
680 681  0  5 1.00
680 682  0  5 1.00
680 693  0  5 1.00
680 694  0  5 1.00
681 682  0  5 1.00
681 683  0  5 1.00
681 691  0  5 1.00
681 692  0  5 1.00
681 693  0  5 1.00
682 683  0  5 1.00
682 684  0  5 1.00
682 691  0  5 1.00
682 692  0  5 1.00
683 684  0  5 1.00
683 685  0  5 1.00
683 689  0  5 1.00
683 690  0  5 1.00
683 691  0  5 1.00
684 685  0  5 1.00
684 686  0  5 1.00
684 689  0  5 1.00
684 690  0  5 1.00
685 686  0  5 1.00
685 687  0  5 1.00
685 688  0  5 1.00
685 689  0  5 1.00
685 690  0  5 1.00
686 687  0  5 1.00
686 688  0  5 1.00
686 689  0  5 1.00
686 793  0  5 1.00
686 794  0  5 1.00
687 688  0  5 1.00
687 689  0  5 1.00
687 793  0  5 1.00
688 689  0  5 1.00
688 690  0  5 1.00
688 714  0  5 1.00
688 715  0  5 1.00
688 716  0  5 1.00
688 717  0  5 1.00
688 718  0  5 1.00
688 719  0  5 1.00
689 690  0  5 1.00
689 691  0  5 1.00
689 714  0  5 1.00
689 715  0  5 1.00
689 716  0  5 1.00
689 718  0  5 1.00
690 691  0  5 1.00
690 692  0  5 1.00
690 712  0  5 1.00
690 713  0  5 1.00
690 714  0  5 1.00
690 716  0  5 1.00
691 692  0  5 1.00
691 693  0  5 1.00
691 712  0  5 1.00
691 713  0  5 1.00
692 693  0  5 1.00
692 694  0  5 1.00
692 709  0  5 1.00
692 710  0  5 1.00
692 711  0  5 1.00
692 712  0  5 1.00
692 713  0  5 1.00
693 694  0  5 1.00
693 695  0  5 1.00
693 709  0  5 1.00
693 710  0  5 1.00
693 711  0  5 1.00
694 695  0  5 1.00
694 696  0  5 1.00
694 707  0  5 1.00
694 708  0  5 1.00
694 709  0  5 1.00
694 710  0  5 1.00
695 696  0  5 1.00
695 697  0  5 1.00
695 707  0  5 1.00
696 697  0  5 1.00
696 698  0  5 1.00
696 699  0  5 1.00
696 705  0  5 1.00
696 707  0  5 1.00
697 698  0  5 1.00
697 699  0  5 1.00
698 699  0  5 1.00
698 700  0  5 1.00
699 700  0  5 1.00
699 701  0  5 1.00
700 701  0  5 1.00
700 702  0  5 1.00
701 702  0  5 1.00
701 703  0  5 1.00
701 704  0  5 1.00
701 705  0  5 1.00
702 703  0  5 1.00
702 704  0  5 1.00
702 705  0  5 1.00
702 706  0  5 1.00
703 704  0  5 1.00
703 705  0  5 1.00
703 706  0  5 1.00
703 707  0  5 1.00
704 705  0  5 1.00
704 706  0  5 1.00
704 707  0  5 1.00
705 706  0  5 1.00
705 707  0  5 1.00
706 707  0  5 1.00
706 708  0  5 1.00
707 708  0  5 1.00
707 709  0  5 1.00
708 709  0  5 1.00
708 710  0  5 1.00
709 710  0  5 1.00
709 711  0  5 1.00
710 711  0  5 1.00
710 712  0  5 1.00
711 712  0  5 1.00
711 713  0  5 1.00
711 802  0  5 1.00
711 803  0  5 1.00
712 713  0  5 1.00
712 714  0  5 1.00
712 802  0  5 1.00
712 803  0  5 1.00
713 714  0  5 1.00
713 715  0  5 1.00
713 800  0  5 1.00
713 801  0  5 1.00
713 802  0  5 1.00
713 803  0  5 1.00
714 715  0  5 1.00
714 716  0  5 1.00
714 790  0  5 1.00
714 792  0  5 1.00
714 801  0  5 1.00
714 802  0  5 1.00
715 716  0  5 1.00
715 717  0  5 1.00
715 789  0  5 1.00
715 790  0  5 1.00
715 791  0  5 1.00
715 792  0  5 1.00
716 717  0  5 1.00
716 718  0  5 1.00
717 718  0  5 1.00
717 719  0  5 1.00
718 719  0  5 1.00
718 720  0  5 1.00
719 720  0  5 1.00
719 721  0  5 1.00
719 747  0  5 1.00
719 748  0  5 1.00
719 749  0  5 1.00
720 721  0  5 1.00
720 722  0  5 1.00
720 747  0  5 1.00
720 748  0  5 1.00
721 722  0  5 1.00
721 723  0  5 1.00
721 747  0  5 1.00
721 748  0  5 1.00
722 723  0  5 1.00
722 724  0  5 1.00
722 745  0  5 1.00
722 746  0  5 1.00
722 747  0  5 1.00
723 724  0  5 1.00
723 725  0  5 1.00
723 745  0  5 1.00
723 746  0  5 1.00
724 725  0  5 1.00
724 726  0  5 1.00
724 743  0  5 1.00
724 744  0  5 1.00
724 745  0  5 1.00
724 746  0  5 1.00
725 726  0  5 1.00
725 727  0  5 1.00
725 743  0  5 1.00
725 744  0  5 1.00
725 745  0  5 1.00
726 727  0  5 1.00
726 728  0  5 1.00
726 743  0  5 1.00
726 744  0  5 1.00
726 745  0  5 1.00
727 728  0  5 1.00
727 729  0  5 1.00
728 729  0  5 1.00
728 730  0  5 1.00
729 730  0  5 1.00
729 731  0  5 1.00
730 731  0  5 1.00
737 738  0  5 1.00
737 739  0  5 1.00
738 739  0  5 1.00
738 740  0  5 1.00
739 740  0  5 1.00
739 741  0  5 1.00
739 758  0  5 1.00
739 759  0  5 1.00
739 760  0  5 1.00
740 741  0  5 1.00
740 742  0  5 1.00
740 758  0  5 1.00
741 742  0  5 1.00
741 743  0  5 1.00
741 757  0  5 1.00
741 758  0  5 1.00
742 743  0  5 1.00
742 744  0  5 1.00
742 756  0  5 1.00
742 757  0  5 1.00
742 758  0  5 1.00
743 744  0  5 1.00
743 745  0  5 1.00
743 756  0  5 1.00
744 745  0  5 1.00
744 746  0  5 1.00
744 754  0  5 1.00
744 755  0  5 1.00
744 756  0  5 1.00
745 746  0  5 1.00
745 747  0  5 1.00
745 754  0  5 1.00
745 755  0  5 1.00
745 756  0  5 1.00
746 747  0  5 1.00
746 748  0  5 1.00
746 752  0  5 1.00
746 753  0  5 1.00
746 754  0  5 1.00
746 755  0  5 1.00
747 748  0  5 1.00
747 749  0  5 1.00
747 752  0  5 1.00
747 753  0  5 1.00
748 749  0  5 1.00
748 750  0  5 1.00
748 751  0  5 1.00
748 752  0  5 1.00
749 750  0  5 1.00
749 751  0  5 1.00
750 751  0  5 1.00
750 752  0  5 1.00
751 752  0  5 1.00
751 753  0  5 1.00
752 753  0  5 1.00
752 754  0  5 1.00
753 754  0  5 1.00
753 755  0  5 1.00
754 755  0  5 1.00
754 756  0  5 1.00
755 756  0  5 1.00
755 757  0  5 1.00
756 757  0  5 1.00
756 758  0  5 1.00
757 758  0  5 1.00
757 759  0  5 1.00
758 759  0  5 1.00
758 760  0  5 1.00
759 760  0  5 1.00
759 761  0  5 1.00
760 761  0  5 1.00
760 762  0  5 1.00
760 763  0  5 1.00
760 764  0  5 1.00
760 765  0  5 1.00
761 762  0  5 1.00
761 763  0  5 1.00
761 764  0  5 1.00
761 765  0  5 1.00
761 766  0  5 1.00
762 763  0  5 1.00
762 764  0  5 1.00
762 765  0  5 1.00
762 766  0  5 1.00
763 764  0  5 1.00
763 765  0  5 1.00
763 766  0  5 1.00
763 767  0  5 1.00
763 768  0  5 1.00
764 765  0  5 1.00
764 766  0  5 1.00
764 767  0  5 1.00
764 768  0  5 1.00
764 769  0  5 1.00
765 766  0  5 1.00
765 767  0  5 1.00
765 768  0  5 1.00
765 769  0  5 1.00
766 767  0  5 1.00
766 768  0  5 1.00
766 769  0  5 1.00
766 770  0  5 1.00
767 768  0  5 1.00
767 769  0  5 1.00
767 770  0  5 1.00
767 771  0  5 1.00
768 769  0  5 1.00
768 770  0  5 1.00
768 771  0  5 1.00
768 772  0  5 1.00
769 770  0  5 1.00
769 771  0  5 1.00
769 772  0  5 1.00
769 773  0  5 1.00
770 771  0  5 1.00
770 772  0  5 1.00
770 773  0  5 1.00
770 774  0  5 1.00
770 775  0  5 1.00
771 772  0  5 1.00
771 773  0  5 1.00
771 774  0  5 1.00
771 775  0  5 1.00
772 773  0  5 1.00
772 774  0  5 1.00
772 775  0  5 1.00
772 776  0  5 1.00
773 774  0  5 1.00
773 775  0  5 1.00
773 776  0  5 1.00
773 777  0  5 1.00
774 775  0  5 1.00
774 776  0  5 1.00
774 777  0  5 1.00
774 778  0  5 1.00
775 776  0  5 1.00
775 777  0  5 1.00
775 778  0  5 1.00
776 777  0  5 1.00
776 778  0  5 1.00
777 778  0  5 1.00
777 779  0  5 1.00
778 779  0  5 1.00
778 780  0  5 1.00
779 780  0  5 1.00
779 781  0  5 1.00
780 781  0  5 1.00
780 782  0  5 1.00
780 783  0  5 1.00
780 784  0  5 1.00
781 782  0  5 1.00
781 783  0  5 1.00
781 784  0  5 1.00
782 783  0  5 1.00
782 784  0  5 1.00
783 784  0  5 1.00
783 785  0  5 1.00
784 785  0  5 1.00
784 786  0  5 1.00
785 786  0  5 1.00
785 787  0  5 1.00
785 788  0  5 1.00
785 789  0  5 1.00
786 787  0  5 1.00
786 788  0  5 1.00
786 789  0  5 1.00
786 790  0  5 1.00
786 791  0  5 1.00
787 788  0  5 1.00
787 789  0  5 1.00
787 790  0  5 1.00
787 791  0  5 1.00
788 789  0  5 1.00
788 790  0  5 1.00
788 791  0  5 1.00
789 790  0  5 1.00
789 791  0  5 1.00
790 791  0  5 1.00
790 792  0  5 1.00
790 801  0  5 1.00
791 792  0  5 1.00
791 793  0  5 1.00
791 799  0  5 1.00
791 800  0  5 1.00
791 801  0  5 1.00
792 793  0  5 1.00
792 794  0  5 1.00
792 797  0  5 1.00
792 798  0  5 1.00
792 799  0  5 1.00
792 800  0  5 1.00
792 801  0  5 1.00
793 794  0  5 1.00
793 795  0  5 1.00
793 797  0  5 1.00
793 798  0  5 1.00
794 795  0  5 1.00
794 796  0  5 1.00
794 797  0  5 1.00
794 798  0  5 1.00
795 796  0  5 1.00
795 797  0  5 1.00
796 797  0  5 1.00
796 798  0  5 1.00
797 798  0  5 1.00
797 799  0  5 1.00
798 799  0  5 1.00
798 800  0  5 1.00
799 800  0  5 1.00
799 801  0  5 1.00
800 801  0  5 1.00
800 802  0  5 1.00
801 802  0  5 1.00
801 803  0  5 1.00
802 803  0  5 1.00
802 804  0  5 1.00
803 804  0  5 1.00
803 805  0  5 1.00
804 805  0  5 1.00
804 806  0  5 1.00
805 806  0  5 1.00
805 807  0  5 1.00
806 807  0  5 1.00
806 808  0  5 1.00
806 809  0  5 1.00
806 810  0  5 1.00
807 808  0  5 1.00
807 809  0  5 1.00
807 810  0  5 1.00
807 811  0  5 1.00
807 812  0  5 1.00
808 809  0  5 1.00
808 810  0  5 1.00
808 811  0  5 1.00
808 812  0  5 1.00
809 810  0  5 1.00
809 811  0  5 1.00
809 812  0  5 1.00
809 813  0  5 1.00
810 811  0  5 1.00
810 812  0  5 1.00
810 813  0  5 1.00
810 814  0  5 1.00
811 812  0  5 1.00
811 813  0  5 1.00
811 814  0  5 1.00
811 815  0  5 1.00
812 813  0  5 1.00
812 814  0  5 1.00
812 815  0  5 1.00
812 816  0  5 1.00
813 814  0  5 1.00
813 815  0  5 1.00
813 816  0  5 1.00
814 815  0  5 1.00
814 816  0  5 1.00
815 816  0  5 1.00
815 817  0  5 1.00
816 817  0  5 1.00
816 818  0  5 1.00
817 818  0  5 1.00
817 819  0  5 1.00
817 820  0  5 1.00
817 821  0  5 1.00
818 819  0  5 1.00
818 820  0  5 1.00
818 821  0  5 1.00
818 822  0  5 1.00
819 820  0  5 1.00
819 821  0  5 1.00
819 822  0  5 1.00
819 823  0  5 1.00
820 821  0  5 1.00
820 822  0  5 1.00
820 823  0  5 1.00
820 824  0  5 1.00
821 822  0  5 1.00
821 823  0  5 1.00
821 824  0  5 1.00
821 825  0  5 1.00
821 842  0  5 1.00
822 823  0  5 1.00
822 824  0  5 1.00
822 825  0  5 1.00
822 826  0  5 1.00
823 824  0  5 1.00
823 825  0  5 1.00
823 826  0  5 1.00
824 825  0  5 1.00
824 826  0  5 1.00
825 826  0  5 1.00
825 827  0  5 1.00
826 827  0  5 1.00
841 842  0  5 1.00
841 843  0  5 1.00
841 844  0  5 1.00
841 845  0  5 1.00
842 843  0  5 1.00
842 844  0  5 1.00
842 845  0  5 1.00
842 846  0  5 1.00
843 844  0  5 1.00
843 845  0  5 1.00
843 846  0  5 1.00
843 847  0  5 1.00
844 845  0  5 1.00
844 846  0  5 1.00
844 847  0  5 1.00
844 848  0  5 1.00
845 846  0  5 1.00
845 847  0  5 1.00
845 848  0  5 1.00
845 849  0  5 1.00
846 847  0  5 1.00
846 848  0  5 1.00
846 849  0  5 1.00
846 850  0  5 1.00
846 851  0  5 1.00
847 848  0  5 1.00
847 849  0  5 1.00
847 850  0  5 1.00
847 851  0  5 1.00
848 849  0  5 1.00
848 850  0  5 1.00
848 851  0  5 1.00
848 852  0  5 1.00
849 850  0  5 1.00
849 851  0  5 1.00
849 852  0  5 1.00
849 853  0  5 1.00
850 851  0  5 1.00
850 852  0  5 1.00
850 853  0  5 1.00
850 854  0  5 1.00
851 852  0  5 1.00
851 853  0  5 1.00
851 854  0  5 1.00
851 855  0  5 1.00
852 853  0  5 1.00
852 854  0  5 1.00
852 855  0  5 1.00
853 854  0  5 1.00
853 855  0  5 1.00
853 856  0  5 1.00
854 855  0  5 1.00
854 856  0  5 1.00
855 856  0  5 1.00
END
HELX_P HELX_P1  1  PRO A 270 ? LYS A 274 ? PRO A 250  LYS A 254  5 ? 5  
HELX_P HELX_P2  2  ALA A 401 ? GLU A 404 ? ALA A 381  GLU A 384  5 ? 4  
HELX_P HELX_P3  3  GLU A 703 ? GLN A 706 ? GLU A 987  GLN A 990  5 ? 4  
HELX_P HELX_P4  4  SER A 760 ? ILE A 778 ? SER A 1044 ILE A 1062 1 ? 19 
HELX_P HELX_P5  5  GLU A 785 ? SER A 791 ? GLU A 1069 SER A 1075 1 ? 7  
HELX_P HELX_P6  6  GLY A 807 ? SER A 812 ? GLY A 1091 SER A 1096 1 ? 6  
HELX_P HELX_P7  7  PHE A 813 ? ILE A 816 ? PHE A 1097 ILE A 1100 5 ? 4  
HELX_P HELX_P8  8  SER A 817 ? VAL A 825 ? SER A 1101 VAL A 1109 1 ? 9  
HELX_P HELX_P9  9  THR A 841 ? ARG A 854 ? THR A 1125 ARG A 1138 1 ? 14 