5g37 366
  3   4  0  5 1.00
  3   5  0  5 1.00
  3   6  0  5 1.00
  3   7  0  5 1.00
  4   5  0  5 1.00
  4   6  0  5 1.00
  4   7  0  5 1.00
  5   6  0  5 1.00
  5   7  0  5 1.00
  6   7  0  5 1.00
  6   8  0  5 1.00
  6   9  0  5 1.00
  6  10  0  5 1.00
  7   8  0  5 1.00
  7   9  0  5 1.00
  7  10  0  5 1.00
  7  11  0  5 1.00
  8   9  0  5 1.00
  8  10  0  5 1.00
  8  11  0  5 1.00
  8  12  0  5 1.00
  9  10  0  5 1.00
  9  11  0  5 1.00
  9  12  0  5 1.00
 10  11  0  5 1.00
 10  12  0  5 1.00
 11  12  0  5 1.00
 11  13  0  5 1.00
 12  13  0  5 1.00
 12  14  0  5 1.00
 13  14  0  5 1.00
 13  15  0  5 1.00
 13  16  0  5 1.00
 13  17  0  5 1.00
 14  15  0  5 1.00
 14  16  0  5 1.00
 14  17  0  5 1.00
 14  57  0  5 1.00
 15  16  0  5 1.00
 15  17  0  5 1.00
 15  57  0  5 1.00
 16  17  0  5 1.00
 16  18  0  5 1.00
 16 153  0  5 1.00
 16 154  0  5 1.00
 16 155  0  5 1.00
 17  18  0  5 1.00
 17  19  0  5 1.00
 17  55  0  5 1.00
 17  56  0  5 1.00
 17  57  0  5 1.00
 17 153  0  5 1.00
 17 154  0  5 1.00
 17 155  0  5 1.00
 18  19  0  5 1.00
 18  20  0  5 1.00
 18  55  0  5 1.00
 18 151  0  5 1.00
 18 152  0  5 1.00
 18 153  0  5 1.00
 18 154  0  5 1.00
 19  20  0  5 1.00
 19  21  0  5 1.00
 19  53  0  5 1.00
 19  54  0  5 1.00
 19  55  0  5 1.00
 19 151  0  5 1.00
 19 152  0  5 1.00
 20  21  0  5 1.00
 20  22  0  5 1.00
 20  53  0  5 1.00
 20 148  0  5 1.00
 20 149  0  5 1.00
 20 150  0  5 1.00
 20 151  0  5 1.00
 21  22  0  5 1.00
 21  23  0  5 1.00
 21  30  0  5 1.00
 21  31  0  5 1.00
 21  32  0  5 1.00
 21  53  0  5 1.00
 21 148  0  5 1.00
 21 149  0  5 1.00
 21 150  0  5 1.00
 22  23  0  5 1.00
 22  24  0  5 1.00
 22  30  0  5 1.00
 22  31  0  5 1.00
 22  32  0  5 1.00
 22 146  0  5 1.00
 22 147  0  5 1.00
 22 148  0  5 1.00
 22 150  0  5 1.00
 23  24  0  5 1.00
 23  25  0  5 1.00
 23  26  0  5 1.00
 23  30  0  5 1.00
 23 146  0  5 1.00
 23 147  0  5 1.00
 23 148  0  5 1.00
 24  25  0  5 1.00
 24  26  0  5 1.00
 24 146  0  5 1.00
 24 147  0  5 1.00
 25  26  0  5 1.00
 25  27  0  5 1.00
 25 127  0  5 1.00
 26  27  0  5 1.00
 26  28  0  5 1.00
 26 127  0  5 1.00
 27  28  0  5 1.00
 27  29  0  5 1.00
 27 127  0  5 1.00
 28  29  0  5 1.00
 28  30  0  5 1.00
 28 127  0  5 1.00
 29  30  0  5 1.00
 29  31  0  5 1.00
 29  45  0  5 1.00
 29  46  0  5 1.00
 29  47  0  5 1.00
 30  31  0  5 1.00
 30  32  0  5 1.00
 30  45  0  5 1.00
 30  46  0  5 1.00
 30  47  0  5 1.00
 31  32  0  5 1.00
 31  33  0  5 1.00
 31  43  0  5 1.00
 31  44  0  5 1.00
 31  45  0  5 1.00
 31  46  0  5 1.00
 31  47  0  5 1.00
 32  33  0  5 1.00
 32  34  0  5 1.00
 32  43  0  5 1.00
 32  44  0  5 1.00
 32  45  0  5 1.00
 32  52  0  5 1.00
 32  53  0  5 1.00
 33  34  0  5 1.00
 33  35  0  5 1.00
 33  41  0  5 1.00
 33  42  0  5 1.00
 33  43  0  5 1.00
 33  44  0  5 1.00
 33  45  0  5 1.00
 33  52  0  5 1.00
 33  53  0  5 1.00
 34  35  0  5 1.00
 34  36  0  5 1.00
 34  41  0  5 1.00
 34  43  0  5 1.00
 34  52  0  5 1.00
 34  53  0  5 1.00
 35  36  0  5 1.00
 35  37  0  5 1.00
 35  41  0  5 1.00
 36  37  0  5 1.00
 36  38  0  5 1.00
 37  38  0  5 1.00
 37  39  0  5 1.00
 37  40  0  5 1.00
 37  85  0  5 1.00
 38  39  0  5 1.00
 38  40  0  5 1.00
 38  85  0  5 1.00
 38  86  0  5 1.00
 38  87  0  5 1.00
 39  40  0  5 1.00
 39  41  0  5 1.00
 39  85  0  5 1.00
 40  41  0  5 1.00
 40  42  0  5 1.00
 40  83  0  5 1.00
 40  84  0  5 1.00
 40  85  0  5 1.00
 41  42  0  5 1.00
 41  43  0  5 1.00
 41  83  0  5 1.00
 41  84  0  5 1.00
 41  85  0  5 1.00
 42  43  0  5 1.00
 42  44  0  5 1.00
 42  83  0  5 1.00
 42  84  0  5 1.00
 42  85  0  5 1.00
 42 131  0  5 1.00
 42 132  0  5 1.00
 42 133  0  5 1.00
 43  44  0  5 1.00
 43  45  0  5 1.00
 43 131  0  5 1.00
 43 132  0  5 1.00
 44  45  0  5 1.00
 44  46  0  5 1.00
 44 129  0  5 1.00
 44 130  0  5 1.00
 44 131  0  5 1.00
 45  46  0  5 1.00
 45  47  0  5 1.00
 46  47  0  5 1.00
 46  48  0  5 1.00
 47  48  0  5 1.00
 47  49  0  5 1.00
 48  49  0  5 1.00
 48  50  0  5 1.00
 49  50  0  5 1.00
 49  51  0  5 1.00
 50  51  0  5 1.00
 50  52  0  5 1.00
 50  53  0  5 1.00
 50  54  0  5 1.00
 51  52  0  5 1.00
 51  53  0  5 1.00
 51  54  0  5 1.00
 51  69  0  5 1.00
 51  70  0  5 1.00
 51  71  0  5 1.00
 52  53  0  5 1.00
 52  54  0  5 1.00
 52  71  0  5 1.00
 53  54  0  5 1.00
 53  55  0  5 1.00
 54  55  0  5 1.00
 54  56  0  5 1.00
 54  68  0  5 1.00
 54  69  0  5 1.00
 54  70  0  5 1.00
 55  56  0  5 1.00
 55  57  0  5 1.00
 55  68  0  5 1.00
 55  69  0  5 1.00
 55  70  0  5 1.00
 56  57  0  5 1.00
 56  58  0  5 1.00
 56  66  0  5 1.00
 56  67  0  5 1.00
 56  68  0  5 1.00
 57  58  0  5 1.00
 57  59  0  5 1.00
 57  66  0  5 1.00
 57  67  0  5 1.00
 58  59  0  5 1.00
 58  60  0  5 1.00
 58  64  0  5 1.00
 58  65  0  5 1.00
 58  66  0  5 1.00
 59  60  0  5 1.00
 59  61  0  5 1.00
 59  64  0  5 1.00
 59  65  0  5 1.00
 60  61  0  5 1.00
 60  62  0  5 1.00
 60  63  0  5 1.00
 60  64  0  5 1.00
 60  65  0  5 1.00
 60 274  0  5 1.00
 61  62  0  5 1.00
 61  63  0  5 1.00
 61 274  0  5 1.00
 61 275  0  5 1.00
 62  63  0  5 1.00
 62  64  0  5 1.00
 62 274  0  5 1.00
 63  64  0  5 1.00
 63  65  0  5 1.00
 64  65  0  5 1.00
 64  66  0  5 1.00
 64  96  0  5 1.00
 64  97  0  5 1.00
 65  66  0  5 1.00
 65  67  0  5 1.00
 65  94  0  5 1.00
 65  95  0  5 1.00
 65  96  0  5 1.00
 65  97  0  5 1.00
 66  67  0  5 1.00
 66  68  0  5 1.00
 66  94  0  5 1.00
 67  68  0  5 1.00
 67  69  0  5 1.00
 67  74  0  5 1.00
 67  75  0  5 1.00
 67  76  0  5 1.00
 67  94  0  5 1.00
 68  69  0  5 1.00
 68  70  0  5 1.00
 68  73  0  5 1.00
 68  74  0  5 1.00
 68  75  0  5 1.00
 69  70  0  5 1.00
 69  71  0  5 1.00
 69  72  0  5 1.00
 69  73  0  5 1.00
 69  74  0  5 1.00
 70  71  0  5 1.00
 70  72  0  5 1.00
 70  73  0  5 1.00
 70 205  0  5 1.00
 70 208  0  5 1.00
 71  72  0  5 1.00
 71  73  0  5 1.00
 71 205  0  5 1.00
 72  73  0  5 1.00
 72  74  0  5 1.00
 72 204  0  5 1.00
 72 205  0  5 1.00
 73  74  0  5 1.00
 73  75  0  5 1.00
 73 204  0  5 1.00
 73 205  0  5 1.00
 74  75  0  5 1.00
 74  76  0  5 1.00
 74  86  0  5 1.00
 74  87  0  5 1.00
 75  76  0  5 1.00
 75  77  0  5 1.00
 75  84  0  5 1.00
 75  85  0  5 1.00
 75  86  0  5 1.00
 75  87  0  5 1.00
 75  88  0  5 1.00
 76  77  0  5 1.00
 76  78  0  5 1.00
 76  84  0  5 1.00
 76  85  0  5 1.00
 76  93  0  5 1.00
 76  94  0  5 1.00
 77  78  0  5 1.00
 77  79  0  5 1.00
 77  82  0  5 1.00
 77  83  0  5 1.00
 77  84  0  5 1.00
 77  85  0  5 1.00
 77  86  0  5 1.00
 77  93  0  5 1.00
 77  94  0  5 1.00
 78  79  0  5 1.00
 78  80  0  5 1.00
 78  82  0  5 1.00
 78  83  0  5 1.00
 78  93  0  5 1.00
 78  94  0  5 1.00
 79  80  0  5 1.00
 79  81  0  5 1.00
 79  82  0  5 1.00
 79  83  0  5 1.00
 79  84  0  5 1.00
 80  81  0  5 1.00
 80  82  0  5 1.00
 81  82  0  5 1.00
 81  83  0  5 1.00
 81 133  0  5 1.00
 81 134  0  5 1.00
 81 135  0  5 1.00
 82  83  0  5 1.00
 82  84  0  5 1.00
 82 133  0  5 1.00
 82 134  0  5 1.00
 83  84  0  5 1.00
 83  85  0  5 1.00
 83 133  0  5 1.00
 84  85  0  5 1.00
 84  86  0  5 1.00
 85  86  0  5 1.00
 85  87  0  5 1.00
 86  87  0  5 1.00
 86  88  0  5 1.00
 87  88  0  5 1.00
 87  89  0  5 1.00
 88  89  0  5 1.00
 88  90  0  5 1.00
 88 196  0  5 1.00
 89  90  0  5 1.00
 89  91  0  5 1.00
 89 270  0  5 1.00
 89 271  0  5 1.00
 90  91  0  5 1.00
 90  92  0  5 1.00
 90 270  0  5 1.00
 90 271  0  5 1.00
 91  92  0  5 1.00
 91  93  0  5 1.00
 91  94  0  5 1.00
 91  95  0  5 1.00
 92  93  0  5 1.00
 92  94  0  5 1.00
 92  95  0  5 1.00
 92 111  0  5 1.00
 93  94  0  5 1.00
 93  95  0  5 1.00
 94  95  0  5 1.00
 94  96  0  5 1.00
 95  96  0  5 1.00
 95  97  0  5 1.00
 95 109  0  5 1.00
 95 110  0  5 1.00
 95 111  0  5 1.00
 96  97  0  5 1.00
 96  98  0  5 1.00
 96 109  0  5 1.00
 97  98  0  5 1.00
 97  99  0  5 1.00
 97 107  0  5 1.00
 97 108  0  5 1.00
 97 109  0  5 1.00
 98  99  0  5 1.00
 98 100  0  5 1.00
 98 107  0  5 1.00
 98 108  0  5 1.00
 99 100  0  5 1.00
 99 101  0  5 1.00
 99 105  0  5 1.00
 99 106  0  5 1.00
 99 107  0  5 1.00
100 101  0  5 1.00
100 102  0  5 1.00
100 105  0  5 1.00
100 106  0  5 1.00
101 102  0  5 1.00
101 103  0  5 1.00
101 105  0  5 1.00
101 106  0  5 1.00
102 103  0  5 1.00
102 104  0  5 1.00
102 105  0  5 1.00
103 104  0  5 1.00
103 105  0  5 1.00
104 105  0  5 1.00
104 106  0  5 1.00
104 147  0  5 1.00
104 148  0  5 1.00
104 149  0  5 1.00
105 106  0  5 1.00
105 107  0  5 1.00
105 147  0  5 1.00
106 107  0  5 1.00
106 108  0  5 1.00
106 145  0  5 1.00
106 146  0  5 1.00
106 147  0  5 1.00
107 108  0  5 1.00
107 109  0  5 1.00
107 145  0  5 1.00
107 146  0  5 1.00
107 147  0  5 1.00
108 109  0  5 1.00
108 110  0  5 1.00
108 120  0  5 1.00
108 121  0  5 1.00
108 122  0  5 1.00
108 145  0  5 1.00
109 110  0  5 1.00
109 111  0  5 1.00
109 120  0  5 1.00
109 121  0  5 1.00
110 111  0  5 1.00
110 112  0  5 1.00
110 118  0  5 1.00
110 119  0  5 1.00
110 120  0  5 1.00
110 121  0  5 1.00
111 112  0  5 1.00
111 113  0  5 1.00
111 118  0  5 1.00
111 119  0  5 1.00
112 113  0  5 1.00
112 114  0  5 1.00
112 115  0  5 1.00
112 116  0  5 1.00
112 118  0  5 1.00
113 114  0  5 1.00
113 115  0  5 1.00
114 115  0  5 1.00
114 116  0  5 1.00
115 116  0  5 1.00
115 117  0  5 1.00
115 118  0  5 1.00
116 117  0  5 1.00
116 118  0  5 1.00
116 119  0  5 1.00
117 118  0  5 1.00
117 119  0  5 1.00
118 119  0  5 1.00
118 120  0  5 1.00
119 120  0  5 1.00
119 121  0  5 1.00
119 136  0  5 1.00
119 137  0  5 1.00
120 121  0  5 1.00
120 122  0  5 1.00
120 136  0  5 1.00
121 122  0  5 1.00
121 123  0  5 1.00
121 134  0  5 1.00
121 135  0  5 1.00
121 136  0  5 1.00
122 123  0  5 1.00
122 124  0  5 1.00
122 134  0  5 1.00
122 135  0  5 1.00
122 144  0  5 1.00
122 145  0  5 1.00
123 124  0  5 1.00
123 125  0  5 1.00
123 132  0  5 1.00
123 133  0  5 1.00
123 134  0  5 1.00
123 135  0  5 1.00
123 144  0  5 1.00
123 145  0  5 1.00
124 125  0  5 1.00
124 126  0  5 1.00
124 132  0  5 1.00
124 133  0  5 1.00
124 134  0  5 1.00
124 144  0  5 1.00
125 126  0  5 1.00
125 127  0  5 1.00
125 132  0  5 1.00
126 127  0  5 1.00
126 128  0  5 1.00
126 129  0  5 1.00
127 128  0  5 1.00
127 129  0  5 1.00
128 129  0  5 1.00
128 130  0  5 1.00
129 130  0  5 1.00
129 131  0  5 1.00
130 131  0  5 1.00
130 132  0  5 1.00
131 132  0  5 1.00
131 133  0  5 1.00
132 133  0  5 1.00
132 134  0  5 1.00
133 134  0  5 1.00
133 135  0  5 1.00
134 135  0  5 1.00
134 136  0  5 1.00
135 136  0  5 1.00
135 137  0  5 1.00
136 137  0  5 1.00
136 138  0  5 1.00
137 138  0  5 1.00
137 139  0  5 1.00
138 139  0  5 1.00
138 140  0  5 1.00
138 142  0  5 1.00
139 140  0  5 1.00
139 141  0  5 1.00
139 142  0  5 1.00
140 141  0  5 1.00
140 142  0  5 1.00
141 142  0  5 1.00
141 143  0  5 1.00
142 143  0  5 1.00
142 144  0  5 1.00
142 145  0  5 1.00
142 146  0  5 1.00
143 144  0  5 1.00
143 145  0  5 1.00
143 146  0  5 1.00
144 145  0  5 1.00
144 146  0  5 1.00
145 146  0  5 1.00
145 147  0  5 1.00
146 147  0  5 1.00
146 148  0  5 1.00
147 148  0  5 1.00
147 149  0  5 1.00
148 149  0  5 1.00
148 150  0  5 1.00
149 150  0  5 1.00
149 151  0  5 1.00
150 151  0  5 1.00
150 152  0  5 1.00
151 152  0  5 1.00
151 153  0  5 1.00
152 153  0  5 1.00
152 154  0  5 1.00
153 154  0  5 1.00
153 155  0  5 1.00
154 155  0  5 1.00
154 156  0  5 1.00
155 156  0  5 1.00
155 157  0  5 1.00
156 157  0  5 1.00
156 158  0  5 1.00
157 158  0  5 1.00
157 159  0  5 1.00
158 159  0  5 1.00
158 160  0  5 1.00
158 327  0  5 1.00
159 160  0  5 1.00
159 161  0  5 1.00
160 161  0  5 1.00
160 162  0  5 1.00
161 162  0  5 1.00
161 163  0  5 1.00
162 163  0  5 1.00
162 164  0  5 1.00
162 187  0  5 1.00
163 164  0  5 1.00
163 165  0  5 1.00
163 187  0  5 1.00
163 188  0  5 1.00
164 165  0  5 1.00
164 166  0  5 1.00
164 187  0  5 1.00
164 188  0  5 1.00
165 166  0  5 1.00
165 167  0  5 1.00
165 186  0  5 1.00
166 167  0  5 1.00
166 168  0  5 1.00
167 168  0  5 1.00
167 169  0  5 1.00
167 184  0  5 1.00
168 169  0  5 1.00
168 170  0  5 1.00
169 170  0  5 1.00
169 171  0  5 1.00
170 171  0  5 1.00
170 172  0  5 1.00
170 348  0  5 1.00
171 172  0  5 1.00
171 173  0  5 1.00
172 173  0  5 1.00
172 174  0  5 1.00
172 349  0  5 1.00
173 174  0  5 1.00
173 175  0  5 1.00
174 175  0  5 1.00
174 176  0  5 1.00
174 177  0  5 1.00
174 350  0  5 1.00
175 176  0  5 1.00
175 177  0  5 1.00
175 312  0  5 1.00
176 177  0  5 1.00
176 178  0  5 1.00
177 178  0  5 1.00
177 179  0  5 1.00
178 179  0  5 1.00
178 180  0  5 1.00
179 180  0  5 1.00
179 181  0  5 1.00
180 181  0  5 1.00
180 182  0  5 1.00
181 182  0  5 1.00
181 183  0  5 1.00
181 222  0  5 1.00
181 223  0  5 1.00
181 224  0  5 1.00
182 183  0  5 1.00
182 184  0  5 1.00
182 222  0  5 1.00
182 223  0  5 1.00
183 184  0  5 1.00
183 185  0  5 1.00
183 222  0  5 1.00
184 185  0  5 1.00
184 186  0  5 1.00
184 220  0  5 1.00
184 221  0  5 1.00
185 186  0  5 1.00
185 187  0  5 1.00
185 220  0  5 1.00
185 221  0  5 1.00
186 187  0  5 1.00
186 188  0  5 1.00
186 218  0  5 1.00
186 219  0  5 1.00
186 220  0  5 1.00
186 221  0  5 1.00
187 188  0  5 1.00
187 189  0  5 1.00
187 218  0  5 1.00
187 219  0  5 1.00
188 189  0  5 1.00
188 190  0  5 1.00
188 218  0  5 1.00
188 219  0  5 1.00
188 282  0  5 1.00
188 283  0  5 1.00
189 190  0  5 1.00
189 191  0  5 1.00
189 216  0  5 1.00
189 217  0  5 1.00
189 218  0  5 1.00
189 282  0  5 1.00
189 283  0  5 1.00
190 191  0  5 1.00
190 192  0  5 1.00
190 216  0  5 1.00
190 217  0  5 1.00
190 218  0  5 1.00
190 282  0  5 1.00
190 283  0  5 1.00
191 192  0  5 1.00
191 193  0  5 1.00
191 214  0  5 1.00
191 215  0  5 1.00
191 216  0  5 1.00
192 193  0  5 1.00
192 194  0  5 1.00
192 214  0  5 1.00
192 215  0  5 1.00
193 194  0  5 1.00
193 195  0  5 1.00
193 212  0  5 1.00
193 213  0  5 1.00
193 214  0  5 1.00
193 215  0  5 1.00
194 195  0  5 1.00
194 196  0  5 1.00
194 197  0  5 1.00
194 198  0  5 1.00
194 212  0  5 1.00
194 213  0  5 1.00
194 214  0  5 1.00
195 196  0  5 1.00
195 197  0  5 1.00
195 198  0  5 1.00
195 211  0  5 1.00
195 212  0  5 1.00
195 213  0  5 1.00
195 214  0  5 1.00
196 197  0  5 1.00
196 198  0  5 1.00
197 198  0  5 1.00
197 199  0  5 1.00
197 255  0  5 1.00
197 256  0  5 1.00
197 257  0  5 1.00
198 199  0  5 1.00
198 200  0  5 1.00
198 255  0  5 1.00
198 256  0  5 1.00
199 200  0  5 1.00
199 201  0  5 1.00
199 254  0  5 1.00
199 255  0  5 1.00
200 201  0  5 1.00
200 202  0  5 1.00
201 202  0  5 1.00
201 203  0  5 1.00
202 203  0  5 1.00
202 204  0  5 1.00
203 204  0  5 1.00
203 205  0  5 1.00
203 206  0  5 1.00
203 207  0  5 1.00
204 205  0  5 1.00
204 206  0  5 1.00
204 207  0  5 1.00
204 208  0  5 1.00
205 206  0  5 1.00
205 207  0  5 1.00
205 208  0  5 1.00
205 209  0  5 1.00
206 207  0  5 1.00
206 208  0  5 1.00
206 209  0  5 1.00
206 210  0  5 1.00
206 211  0  5 1.00
207 208  0  5 1.00
207 209  0  5 1.00
207 210  0  5 1.00
207 211  0  5 1.00
207 212  0  5 1.00
208 209  0  5 1.00
208 210  0  5 1.00
208 211  0  5 1.00
208 212  0  5 1.00
209 210  0  5 1.00
209 211  0  5 1.00
210 211  0  5 1.00
210 212  0  5 1.00
211 212  0  5 1.00
211 213  0  5 1.00
211 214  0  5 1.00
211 327  0  5 1.00
212 213  0  5 1.00
212 214  0  5 1.00
213 214  0  5 1.00
213 215  0  5 1.00
213 326  0  5 1.00
213 327  0  5 1.00
214 215  0  5 1.00
214 216  0  5 1.00
214 325  0  5 1.00
214 326  0  5 1.00
215 216  0  5 1.00
215 217  0  5 1.00
215 323  0  5 1.00
215 324  0  5 1.00
215 325  0  5 1.00
216 217  0  5 1.00
216 218  0  5 1.00
216 323  0  5 1.00
216 324  0  5 1.00
217 218  0  5 1.00
217 219  0  5 1.00
217 321  0  5 1.00
217 322  0  5 1.00
217 323  0  5 1.00
218 219  0  5 1.00
218 220  0  5 1.00
218 321  0  5 1.00
218 322  0  5 1.00
219 220  0  5 1.00
219 221  0  5 1.00
219 319  0  5 1.00
219 320  0  5 1.00
219 321  0  5 1.00
220 221  0  5 1.00
220 222  0  5 1.00
220 319  0  5 1.00
220 320  0  5 1.00
221 222  0  5 1.00
221 223  0  5 1.00
221 317  0  5 1.00
221 318  0  5 1.00
221 319  0  5 1.00
222 223  0  5 1.00
222 224  0  5 1.00
222 317  0  5 1.00
222 318  0  5 1.00
222 319  0  5 1.00
223 224  0  5 1.00
223 225  0  5 1.00
223 315  0  5 1.00
223 316  0  5 1.00
223 317  0  5 1.00
223 319  0  5 1.00
224 225  0  5 1.00
224 226  0  5 1.00
224 315  0  5 1.00
224 316  0  5 1.00
225 226  0  5 1.00
225 227  0  5 1.00
225 239  0  5 1.00
225 315  0  5 1.00
225 316  0  5 1.00
226 227  0  5 1.00
226 228  0  5 1.00
226 313  0  5 1.00
226 314  0  5 1.00
226 315  0  5 1.00
227 228  0  5 1.00
227 229  0  5 1.00
227 313  0  5 1.00
227 314  0  5 1.00
228 229  0  5 1.00
228 230  0  5 1.00
228 311  0  5 1.00
228 312  0  5 1.00
228 313  0  5 1.00
229 230  0  5 1.00
229 231  0  5 1.00
229 311  0  5 1.00
229 312  0  5 1.00
230 231  0  5 1.00
230 232  0  5 1.00
230 309  0  5 1.00
230 310  0  5 1.00
230 311  0  5 1.00
230 312  0  5 1.00
231 232  0  5 1.00
231 233  0  5 1.00
231 234  0  5 1.00
231 305  0  5 1.00
231 309  0  5 1.00
231 310  0  5 1.00
232 233  0  5 1.00
232 234  0  5 1.00
232 305  0  5 1.00
232 307  0  5 1.00
232 308  0  5 1.00
232 309  0  5 1.00
232 310  0  5 1.00
233 234  0  5 1.00
233 235  0  5 1.00
233 305  0  5 1.00
233 307  0  5 1.00
234 235  0  5 1.00
234 236  0  5 1.00
234 303  0  5 1.00
234 304  0  5 1.00
234 305  0  5 1.00
235 236  0  5 1.00
235 237  0  5 1.00
235 303  0  5 1.00
235 304  0  5 1.00
236 237  0  5 1.00
236 238  0  5 1.00
236 301  0  5 1.00
236 302  0  5 1.00
236 303  0  5 1.00
236 304  0  5 1.00
237 238  0  5 1.00
237 239  0  5 1.00
237 301  0  5 1.00
237 302  0  5 1.00
238 239  0  5 1.00
238 240  0  5 1.00
238 299  0  5 1.00
238 300  0  5 1.00
238 301  0  5 1.00
239 240  0  5 1.00
239 241  0  5 1.00
239 299  0  5 1.00
239 300  0  5 1.00
240 241  0  5 1.00
240 242  0  5 1.00
240 297  0  5 1.00
240 298  0  5 1.00
240 299  0  5 1.00
240 300  0  5 1.00
241 242  0  5 1.00
241 243  0  5 1.00
241 297  0  5 1.00
241 298  0  5 1.00
241 299  0  5 1.00
241 342  0  5 1.00
242 243  0  5 1.00
242 244  0  5 1.00
242 295  0  5 1.00
242 296  0  5 1.00
242 297  0  5 1.00
242 340  0  5 1.00
242 342  0  5 1.00
243 244  0  5 1.00
243 245  0  5 1.00
243 295  0  5 1.00
243 296  0  5 1.00
243 338  0  5 1.00
243 339  0  5 1.00
243 340  0  5 1.00
243 341  0  5 1.00
244 245  0  5 1.00
244 246  0  5 1.00
244 294  0  5 1.00
244 295  0  5 1.00
244 296  0  5 1.00
244 338  0  5 1.00
244 339  0  5 1.00
245 246  0  5 1.00
245 247  0  5 1.00
245 248  0  5 1.00
245 249  0  5 1.00
246 247  0  5 1.00
246 248  0  5 1.00
246 249  0  5 1.00
246 250  0  5 1.00
247 248  0  5 1.00
247 249  0  5 1.00
247 250  0  5 1.00
247 251  0  5 1.00
248 249  0  5 1.00
248 250  0  5 1.00
248 251  0  5 1.00
248 252  0  5 1.00
248 253  0  5 1.00
248 336  0  5 1.00
249 250  0  5 1.00
249 251  0  5 1.00
249 252  0  5 1.00
249 253  0  5 1.00
249 258  0  5 1.00
250 251  0  5 1.00
250 252  0  5 1.00
250 253  0  5 1.00
250 254  0  5 1.00
250 255  0  5 1.00
251 252  0  5 1.00
251 253  0  5 1.00
251 254  0  5 1.00
251 255  0  5 1.00
251 256  0  5 1.00
252 253  0  5 1.00
252 254  0  5 1.00
252 255  0  5 1.00
252 256  0  5 1.00
252 257  0  5 1.00
252 258  0  5 1.00
253 254  0  5 1.00
253 255  0  5 1.00
253 256  0  5 1.00
253 257  0  5 1.00
253 258  0  5 1.00
254 255  0  5 1.00
254 256  0  5 1.00
254 257  0  5 1.00
255 256  0  5 1.00
255 257  0  5 1.00
256 257  0  5 1.00
256 258  0  5 1.00
257 258  0  5 1.00
257 259  0  5 1.00
257 267  0  5 1.00
257 268  0  5 1.00
257 269  0  5 1.00
258 259  0  5 1.00
258 260  0  5 1.00
258 267  0  5 1.00
258 268  0  5 1.00
259 260  0  5 1.00
259 261  0  5 1.00
259 265  0  5 1.00
259 266  0  5 1.00
259 267  0  5 1.00
259 268  0  5 1.00
260 261  0  5 1.00
260 262  0  5 1.00
260 265  0  5 1.00
260 266  0  5 1.00
260 267  0  5 1.00
260 292  0  5 1.00
260 293  0  5 1.00
260 294  0  5 1.00
261 262  0  5 1.00
261 263  0  5 1.00
261 264  0  5 1.00
261 265  0  5 1.00
261 266  0  5 1.00
261 267  0  5 1.00
261 292  0  5 1.00
261 293  0  5 1.00
261 294  0  5 1.00
262 263  0  5 1.00
262 264  0  5 1.00
262 292  0  5 1.00
262 293  0  5 1.00
262 294  0  5 1.00
263 264  0  5 1.00
263 265  0  5 1.00
264 265  0  5 1.00
264 266  0  5 1.00
264 286  0  5 1.00
265 266  0  5 1.00
265 267  0  5 1.00
265 286  0  5 1.00
265 287  0  5 1.00
265 288  0  5 1.00
266 267  0  5 1.00
266 268  0  5 1.00
266 286  0  5 1.00
266 287  0  5 1.00
266 288  0  5 1.00
267 268  0  5 1.00
267 269  0  5 1.00
267 288  0  5 1.00
268 269  0  5 1.00
268 270  0  5 1.00
268 273  0  5 1.00
269 270  0  5 1.00
269 271  0  5 1.00
269 272  0  5 1.00
269 273  0  5 1.00
270 271  0  5 1.00
270 272  0  5 1.00
270 273  0  5 1.00
271 272  0  5 1.00
271 273  0  5 1.00
271 274  0  5 1.00
272 273  0  5 1.00
272 274  0  5 1.00
272 275  0  5 1.00
272 276  0  5 1.00
273 274  0  5 1.00
273 275  0  5 1.00
273 276  0  5 1.00
274 275  0  5 1.00
274 276  0  5 1.00
275 276  0  5 1.00
275 277  0  5 1.00
275 278  0  5 1.00
275 279  0  5 1.00
275 280  0  5 1.00
276 277  0  5 1.00
276 278  0  5 1.00
276 279  0  5 1.00
276 280  0  5 1.00
276 281  0  5 1.00
277 278  0  5 1.00
277 279  0  5 1.00
277 280  0  5 1.00
277 281  0  5 1.00
277 282  0  5 1.00
278 279  0  5 1.00
278 280  0  5 1.00
278 281  0  5 1.00
278 282  0  5 1.00
278 283  0  5 1.00
279 280  0  5 1.00
279 281  0  5 1.00
279 282  0  5 1.00
279 283  0  5 1.00
279 284  0  5 1.00
280 281  0  5 1.00
280 282  0  5 1.00
280 283  0  5 1.00
280 284  0  5 1.00
280 285  0  5 1.00
281 282  0  5 1.00
281 283  0  5 1.00
281 284  0  5 1.00
281 285  0  5 1.00
282 283  0  5 1.00
282 284  0  5 1.00
283 284  0  5 1.00
283 285  0  5 1.00
284 285  0  5 1.00
284 286  0  5 1.00
285 286  0  5 1.00
285 287  0  5 1.00
286 287  0  5 1.00
286 288  0  5 1.00
287 288  0  5 1.00
287 289  0  5 1.00
288 289  0  5 1.00
288 290  0  5 1.00
289 290  0  5 1.00
289 291  0  5 1.00
290 291  0  5 1.00
290 292  0  5 1.00
291 292  0  5 1.00
291 293  0  5 1.00
292 293  0  5 1.00
292 294  0  5 1.00
293 294  0  5 1.00
293 295  0  5 1.00
294 295  0  5 1.00
294 296  0  5 1.00
295 296  0  5 1.00
295 297  0  5 1.00
296 297  0  5 1.00
296 298  0  5 1.00
297 298  0  5 1.00
297 299  0  5 1.00
298 299  0  5 1.00
298 300  0  5 1.00
298 363  0  5 1.00
298 364  0  5 1.00
298 365  0  5 1.00
299 300  0  5 1.00
299 301  0  5 1.00
299 363  0  5 1.00
299 364  0  5 1.00
299 365  0  5 1.00
300 301  0  5 1.00
300 302  0  5 1.00
300 361  0  5 1.00
300 362  0  5 1.00
300 363  0  5 1.00
300 364  0  5 1.00
301 302  0  5 1.00
301 303  0  5 1.00
301 361  0  5 1.00
301 362  0  5 1.00
302 303  0  5 1.00
302 304  0  5 1.00
302 358  0  5 1.00
302 359  0  5 1.00
302 360  0  5 1.00
302 361  0  5 1.00
303 304  0  5 1.00
303 305  0  5 1.00
303 358  0  5 1.00
303 359  0  5 1.00
303 360  0  5 1.00
304 305  0  5 1.00
304 306  0  5 1.00
304 356  0  5 1.00
304 357  0  5 1.00
304 358  0  5 1.00
305 306  0  5 1.00
305 307  0  5 1.00
306 307  0  5 1.00
306 308  0  5 1.00
307 308  0  5 1.00
307 309  0  5 1.00
308 309  0  5 1.00
308 310  0  5 1.00
309 310  0  5 1.00
309 311  0  5 1.00
310 311  0  5 1.00
310 312  0  5 1.00
310 350  0  5 1.00
311 312  0  5 1.00
311 313  0  5 1.00
311 350  0  5 1.00
312 313  0  5 1.00
312 314  0  5 1.00
312 348  0  5 1.00
312 349  0  5 1.00
312 350  0  5 1.00
313 314  0  5 1.00
313 315  0  5 1.00
313 348  0  5 1.00
313 349  0  5 1.00
314 315  0  5 1.00
314 316  0  5 1.00
314 346  0  5 1.00
314 347  0  5 1.00
314 348  0  5 1.00
315 316  0  5 1.00
315 317  0  5 1.00
315 346  0  5 1.00
315 347  0  5 1.00
316 317  0  5 1.00
316 318  0  5 1.00
316 344  0  5 1.00
316 345  0  5 1.00
316 346  0  5 1.00
317 318  0  5 1.00
317 319  0  5 1.00
317 341  0  5 1.00
317 344  0  5 1.00
317 345  0  5 1.00
318 319  0  5 1.00
318 320  0  5 1.00
318 339  0  5 1.00
318 340  0  5 1.00
318 341  0  5 1.00
318 344  0  5 1.00
319 320  0  5 1.00
319 321  0  5 1.00
319 339  0  5 1.00
319 340  0  5 1.00
320 321  0  5 1.00
320 322  0  5 1.00
320 337  0  5 1.00
320 338  0  5 1.00
320 339  0  5 1.00
321 322  0  5 1.00
321 323  0  5 1.00
321 337  0  5 1.00
321 338  0  5 1.00
322 323  0  5 1.00
322 324  0  5 1.00
322 337  0  5 1.00
323 324  0  5 1.00
323 325  0  5 1.00
324 325  0  5 1.00
324 326  0  5 1.00
324 330  0  5 1.00
324 331  0  5 1.00
324 332  0  5 1.00
324 333  0  5 1.00
325 326  0  5 1.00
325 327  0  5 1.00
325 329  0  5 1.00
325 330  0  5 1.00
325 331  0  5 1.00
325 332  0  5 1.00
326 327  0  5 1.00
326 328  0  5 1.00
326 329  0  5 1.00
326 330  0  5 1.00
327 328  0  5 1.00
327 329  0  5 1.00
328 329  0  5 1.00
328 330  0  5 1.00
329 330  0  5 1.00
329 331  0  5 1.00
330 331  0  5 1.00
330 332  0  5 1.00
331 332  0  5 1.00
331 333  0  5 1.00
332 333  0  5 1.00
332 334  0  5 1.00
333 334  0  5 1.00
333 335  0  5 1.00
334 335  0  5 1.00
334 336  0  5 1.00
335 336  0  5 1.00
335 337  0  5 1.00
336 337  0  5 1.00
336 338  0  5 1.00
337 338  0  5 1.00
337 339  0  5 1.00
338 339  0  5 1.00
338 340  0  5 1.00
339 340  0  5 1.00
339 341  0  5 1.00
340 341  0  5 1.00
340 342  0  5 1.00
341 342  0  5 1.00
341 343  0  5 1.00
341 344  0  5 1.00
341 345  0  5 1.00
342 343  0  5 1.00
342 344  0  5 1.00
342 345  0  5 1.00
343 344  0  5 1.00
343 345  0  5 1.00
344 345  0  5 1.00
344 346  0  5 1.00
345 346  0  5 1.00
345 347  0  5 1.00
346 347  0  5 1.00
346 348  0  5 1.00
347 348  0  5 1.00
347 349  0  5 1.00
348 349  0  5 1.00
348 350  0  5 1.00
349 350  0  5 1.00
349 351  0  5 1.00
349 352  0  5 1.00
350 351  0  5 1.00
350 352  0  5 1.00
351 352  0  5 1.00
351 353  0  5 1.00
351 354  0  5 1.00
352 353  0  5 1.00
352 354  0  5 1.00
353 354  0  5 1.00
353 355  0  5 1.00
354 355  0  5 1.00
354 356  0  5 1.00
355 356  0  5 1.00
355 357  0  5 1.00
356 357  0  5 1.00
356 358  0  5 1.00
357 358  0  5 1.00
357 359  0  5 1.00
358 359  0  5 1.00
358 360  0  5 1.00
359 360  0  5 1.00
359 361  0  5 1.00
360 361  0  5 1.00
360 362  0  5 1.00
361 362  0  5 1.00
361 363  0  5 1.00
362 363  0  5 1.00
362 364  0  5 1.00
363 364  0  5 1.00
363 365  0  5 1.00
364 365  0  5 1.00
364 366  0  5 1.00
365 366  0  5 1.00
END
HELX_P HELX_P1  1  ASN A 3   ? PHE A 10  ? ASN A 3   PHE A 10  5 ? 8  
HELX_P HELX_P2  2  GLU A 50  ? GLN A 53  ? GLU A 50  GLN A 53  5 ? 4  
HELX_P HELX_P3  3  SER A 91  ? PHE A 95  ? SER A 91  PHE A 95  5 ? 5  
HELX_P HELX_P4  4  ASN A 142 ? ILE A 145 ? ASN A 142 ILE A 145 5 ? 4  
HELX_P HELX_P5  5  ILE A 196 ? VAL A 198 ? ILE A 196 VAL A 198 5 ? 3  
HELX_P HELX_P6  6  SER A 203 ? THR A 211 ? SER A 203 THR A 211 1 ? 9  
HELX_P HELX_P7  7  THR A 245 ? ASN A 257 ? THR A 245 ASN A 257 1 ? 13 
HELX_P HELX_P8  8  THR A 272 ? GLY A 274 ? THR A 272 GLY A 274 5 ? 3  
HELX_P HELX_P9  9  ILE A 275 ? LYS A 284 ? ILE A 275 LYS A 284 1 ? 10 