5gny 467
 11  12  0  5 1.00
 11  13  0  5 1.00
 12  13  0  5 1.00
 12  14  0  5 1.00
 12 452  0  5 1.00
 12 453  0  5 1.00
 12 454  0  5 1.00
 13  14  0  5 1.00
 13  15  0  5 1.00
 13 452  0  5 1.00
 13 453  0  5 1.00
 13 454  0  5 1.00
 14  15  0  5 1.00
 14  16  0  5 1.00
 14 452  0  5 1.00
 14 453  0  5 1.00
 15  16  0  5 1.00
 15  17  0  5 1.00
 15  18  0  5 1.00
 16  17  0  5 1.00
 16  18  0  5 1.00
 17  18  0  5 1.00
 17  19  0  5 1.00
 17 403  0  5 1.00
 18  19  0  5 1.00
 18  20  0  5 1.00
 18 403  0  5 1.00
 18 404  0  5 1.00
 19  20  0  5 1.00
 19  21  0  5 1.00
 19 403  0  5 1.00
 19 404  0  5 1.00
 19 405  0  5 1.00
 20  21  0  5 1.00
 20  22  0  5 1.00
 20  81  0  5 1.00
 20  82  0  5 1.00
 20  83  0  5 1.00
 20 405  0  5 1.00
 21  22  0  5 1.00
 21  23  0  5 1.00
 21  82  0  5 1.00
 21  83  0  5 1.00
 21 405  0  5 1.00
 21 406  0  5 1.00
 21 407  0  5 1.00
 22  23  0  5 1.00
 22  24  0  5 1.00
 22  83  0  5 1.00
 22  84  0  5 1.00
 22  85  0  5 1.00
 22 406  0  5 1.00
 22 407  0  5 1.00
 22 410  0  5 1.00
 23  24  0  5 1.00
 23  25  0  5 1.00
 23  85  0  5 1.00
 23 406  0  5 1.00
 23 407  0  5 1.00
 23 408  0  5 1.00
 23 409  0  5 1.00
 23 410  0  5 1.00
 24  25  0  5 1.00
 24  26  0  5 1.00
 24  85  0  5 1.00
 24  86  0  5 1.00
 24  87  0  5 1.00
 25  26  0  5 1.00
 25  27  0  5 1.00
 25  28  0  5 1.00
 25  29  0  5 1.00
 25  30  0  5 1.00
 25  87  0  5 1.00
 26  27  0  5 1.00
 26  28  0  5 1.00
 26  29  0  5 1.00
 26  30  0  5 1.00
 26  31  0  5 1.00
 26  87  0  5 1.00
 27  28  0  5 1.00
 27  29  0  5 1.00
 27  30  0  5 1.00
 27  59  0  5 1.00
 28  29  0  5 1.00
 28  30  0  5 1.00
 28  62  0  5 1.00
 28  63  0  5 1.00
 28 413  0  5 1.00
 28 414  0  5 1.00
 29  30  0  5 1.00
 29  31  0  5 1.00
 29  61  0  5 1.00
 29  62  0  5 1.00
 29  63  0  5 1.00
 29  64  0  5 1.00
 29  65  0  5 1.00
 29  66  0  5 1.00
 30  31  0  5 1.00
 30  32  0  5 1.00
 30  61  0  5 1.00
 30  63  0  5 1.00
 30  64  0  5 1.00
 30  65  0  5 1.00
 30  66  0  5 1.00
 30  67  0  5 1.00
 31  32  0  5 1.00
 31  33  0  5 1.00
 31  59  0  5 1.00
 31  60  0  5 1.00
 31  61  0  5 1.00
 31  62  0  5 1.00
 31  64  0  5 1.00
 31  65  0  5 1.00
 32  33  0  5 1.00
 32  34  0  5 1.00
 32  35  0  5 1.00
 32  59  0  5 1.00
 32  60  0  5 1.00
 32  61  0  5 1.00
 33  34  0  5 1.00
 33  35  0  5 1.00
 33  38  0  5 1.00
 33  39  0  5 1.00
 33  60  0  5 1.00
 34  35  0  5 1.00
 34  36  0  5 1.00
 34  37  0  5 1.00
 34  38  0  5 1.00
 35  36  0  5 1.00
 35  37  0  5 1.00
 35  38  0  5 1.00
 36  37  0  5 1.00
 36  38  0  5 1.00
 36 104  0  5 1.00
 36 105  0  5 1.00
 37  38  0  5 1.00
 37  39  0  5 1.00
 37  91  0  5 1.00
 38  39  0  5 1.00
 38  40  0  5 1.00
 38  91  0  5 1.00
 38  92  0  5 1.00
 39  40  0  5 1.00
 39  41  0  5 1.00
 39  91  0  5 1.00
 39  92  0  5 1.00
 39  95  0  5 1.00
 40  41  0  5 1.00
 40  42  0  5 1.00
 40  95  0  5 1.00
 40 132  0  5 1.00
 40 133  0  5 1.00
 40 134  0  5 1.00
 40 135  0  5 1.00
 41  42  0  5 1.00
 41  43  0  5 1.00
 41  44  0  5 1.00
 41  45  0  5 1.00
 41 132  0  5 1.00
 41 133  0  5 1.00
 41 134  0  5 1.00
 42  43  0  5 1.00
 42  44  0  5 1.00
 42  45  0  5 1.00
 42  46  0  5 1.00
 42  47  0  5 1.00
 42 132  0  5 1.00
 42 133  0  5 1.00
 42 134  0  5 1.00
 43  44  0  5 1.00
 43  45  0  5 1.00
 43  46  0  5 1.00
 43  47  0  5 1.00
 43  48  0  5 1.00
 44  45  0  5 1.00
 44  46  0  5 1.00
 44  47  0  5 1.00
 44  48  0  5 1.00
 45  46  0  5 1.00
 45  47  0  5 1.00
 45  48  0  5 1.00
 45  49  0  5 1.00
 46  47  0  5 1.00
 46  48  0  5 1.00
 46  49  0  5 1.00
 46  52  0  5 1.00
 47  48  0  5 1.00
 47  49  0  5 1.00
 47  56  0  5 1.00
 47  57  0  5 1.00
 48  49  0  5 1.00
 48  50  0  5 1.00
 49  50  0  5 1.00
 49  51  0  5 1.00
 49  52  0  5 1.00
 49  53  0  5 1.00
 50  51  0  5 1.00
 50  52  0  5 1.00
 51  52  0  5 1.00
 51  53  0  5 1.00
 52  53  0  5 1.00
 52  54  0  5 1.00
 52 187  0  5 1.00
 52 417  0  5 1.00
 53  54  0  5 1.00
 53  55  0  5 1.00
 53  56  0  5 1.00
 53  57  0  5 1.00
 53 417  0  5 1.00
 54  55  0  5 1.00
 54  56  0  5 1.00
 54  57  0  5 1.00
 54 417  0  5 1.00
 54 418  0  5 1.00
 54 419  0  5 1.00
 55  56  0  5 1.00
 55  57  0  5 1.00
 56  57  0  5 1.00
 56  58  0  5 1.00
 57  58  0  5 1.00
 57  59  0  5 1.00
 58  59  0  5 1.00
 58  60  0  5 1.00
 58  61  0  5 1.00
 58  62  0  5 1.00
 59  60  0  5 1.00
 59  61  0  5 1.00
 59  62  0  5 1.00
 60  61  0  5 1.00
 60  62  0  5 1.00
 61  62  0  5 1.00
 61  63  0  5 1.00
 61  64  0  5 1.00
 61  65  0  5 1.00
 62  63  0  5 1.00
 62  64  0  5 1.00
 63  64  0  5 1.00
 63  65  0  5 1.00
 64  65  0  5 1.00
 64  66  0  5 1.00
 64  67  0  5 1.00
 64  68  0  5 1.00
 65  66  0  5 1.00
 65  67  0  5 1.00
 65  68  0  5 1.00
 65  69  0  5 1.00
 66  67  0  5 1.00
 66  68  0  5 1.00
 66  69  0  5 1.00
 67  68  0  5 1.00
 67  69  0  5 1.00
 68  69  0  5 1.00
 68  70  0  5 1.00
 68  71  0  5 1.00
 68  72  0  5 1.00
 69  70  0  5 1.00
 69  71  0  5 1.00
 69  72  0  5 1.00
 69  73  0  5 1.00
 70  71  0  5 1.00
 70  72  0  5 1.00
 70  73  0  5 1.00
 70  74  0  5 1.00
 71  72  0  5 1.00
 71  73  0  5 1.00
 71  74  0  5 1.00
 71  75  0  5 1.00
 72  73  0  5 1.00
 72  74  0  5 1.00
 72  75  0  5 1.00
 72  76  0  5 1.00
 73  74  0  5 1.00
 73  75  0  5 1.00
 73  76  0  5 1.00
 73  77  0  5 1.00
 74  75  0  5 1.00
 74  76  0  5 1.00
 74  77  0  5 1.00
 74  78  0  5 1.00
 75  76  0  5 1.00
 75  77  0  5 1.00
 75  78  0  5 1.00
 75  79  0  5 1.00
 76  77  0  5 1.00
 76  78  0  5 1.00
 76  79  0  5 1.00
 76  80  0  5 1.00
 76  81  0  5 1.00
 77  78  0  5 1.00
 77  79  0  5 1.00
 77  80  0  5 1.00
 77  81  0  5 1.00
 78  79  0  5 1.00
 78  80  0  5 1.00
 79  80  0  5 1.00
 79  81  0  5 1.00
 79 445  0  5 1.00
 79 446  0  5 1.00
 80  81  0  5 1.00
 80  82  0  5 1.00
 81  82  0  5 1.00
 81  83  0  5 1.00
 81 120  0  5 1.00
 81 121  0  5 1.00
 82  83  0  5 1.00
 82  84  0  5 1.00
 82 120  0  5 1.00
 82 121  0  5 1.00
 82 122  0  5 1.00
 83  84  0  5 1.00
 83  85  0  5 1.00
 83 121  0  5 1.00
 83 122  0  5 1.00
 84  85  0  5 1.00
 84  86  0  5 1.00
 84 122  0  5 1.00
 84 123  0  5 1.00
 84 124  0  5 1.00
 85  86  0  5 1.00
 85  87  0  5 1.00
 85 124  0  5 1.00
 86  87  0  5 1.00
 86  88  0  5 1.00
 86 124  0  5 1.00
 86 125  0  5 1.00
 86 126  0  5 1.00
 87  88  0  5 1.00
 87  89  0  5 1.00
 87 126  0  5 1.00
 88  89  0  5 1.00
 88  90  0  5 1.00
 88 126  0  5 1.00
 88 127  0  5 1.00
 89  90  0  5 1.00
 89  91  0  5 1.00
 89  92  0  5 1.00
 89  93  0  5 1.00
 90  91  0  5 1.00
 90  92  0  5 1.00
 90  93  0  5 1.00
 90  94  0  5 1.00
 90  95  0  5 1.00
 90 131  0  5 1.00
 91  92  0  5 1.00
 91  93  0  5 1.00
 91  94  0  5 1.00
 91  95  0  5 1.00
 91 131  0  5 1.00
 91 133  0  5 1.00
 92  93  0  5 1.00
 92  94  0  5 1.00
 92  95  0  5 1.00
 92 102  0  5 1.00
 92 105  0  5 1.00
 92 106  0  5 1.00
 93  94  0  5 1.00
 93  95  0  5 1.00
 93 100  0  5 1.00
 93 101  0  5 1.00
 93 102  0  5 1.00
 93 105  0  5 1.00
 93 106  0  5 1.00
 94  95  0  5 1.00
 94  96  0  5 1.00
 94  97  0  5 1.00
 94  98  0  5 1.00
 94 100  0  5 1.00
 94 101  0  5 1.00
 94 102  0  5 1.00
 95  96  0  5 1.00
 95  97  0  5 1.00
 95 100  0  5 1.00
 96  97  0  5 1.00
 96  98  0  5 1.00
 96 135  0  5 1.00
 96 136  0  5 1.00
 97  98  0  5 1.00
 97  99  0  5 1.00
 97 150  0  5 1.00
 98  99  0  5 1.00
 98 100  0  5 1.00
 99 100  0  5 1.00
 99 101  0  5 1.00
100 101  0  5 1.00
100 102  0  5 1.00
101 102  0  5 1.00
101 103  0  5 1.00
102 103  0  5 1.00
102 104  0  5 1.00
102 105  0  5 1.00
102 106  0  5 1.00
102 107  0  5 1.00
103 104  0  5 1.00
103 105  0  5 1.00
103 106  0  5 1.00
103 107  0  5 1.00
104 105  0  5 1.00
104 106  0  5 1.00
104 107  0  5 1.00
104 108  0  5 1.00
105 106  0  5 1.00
105 107  0  5 1.00
105 108  0  5 1.00
105 109  0  5 1.00
106 107  0  5 1.00
106 108  0  5 1.00
106 109  0  5 1.00
106 110  0  5 1.00
107 108  0  5 1.00
107 109  0  5 1.00
107 110  0  5 1.00
107 111  0  5 1.00
107 112  0  5 1.00
108 109  0  5 1.00
108 110  0  5 1.00
108 111  0  5 1.00
108 112  0  5 1.00
109 110  0  5 1.00
109 111  0  5 1.00
109 112  0  5 1.00
109 113  0  5 1.00
109 114  0  5 1.00
110 111  0  5 1.00
110 112  0  5 1.00
110 113  0  5 1.00
110 114  0  5 1.00
111 112  0  5 1.00
111 113  0  5 1.00
111 114  0  5 1.00
111 115  0  5 1.00
111 116  0  5 1.00
112 113  0  5 1.00
112 114  0  5 1.00
112 115  0  5 1.00
112 116  0  5 1.00
113 114  0  5 1.00
113 115  0  5 1.00
113 116  0  5 1.00
113 117  0  5 1.00
114 115  0  5 1.00
114 116  0  5 1.00
114 117  0  5 1.00
114 118  0  5 1.00
114 119  0  5 1.00
115 116  0  5 1.00
115 117  0  5 1.00
115 118  0  5 1.00
115 119  0  5 1.00
116 117  0  5 1.00
116 118  0  5 1.00
116 119  0  5 1.00
116 120  0  5 1.00
116 121  0  5 1.00
117 118  0  5 1.00
117 119  0  5 1.00
117 120  0  5 1.00
117 121  0  5 1.00
118 119  0  5 1.00
118 120  0  5 1.00
119 120  0  5 1.00
119 121  0  5 1.00
120 121  0  5 1.00
120 122  0  5 1.00
121 122  0  5 1.00
121 123  0  5 1.00
122 123  0  5 1.00
122 124  0  5 1.00
123 124  0  5 1.00
123 125  0  5 1.00
123 165  0  5 1.00
123 166  0  5 1.00
123 167  0  5 1.00
123 168  0  5 1.00
124 125  0  5 1.00
124 126  0  5 1.00
124 168  0  5 1.00
125 126  0  5 1.00
125 127  0  5 1.00
125 168  0  5 1.00
125 169  0  5 1.00
125 170  0  5 1.00
126 127  0  5 1.00
126 128  0  5 1.00
126 170  0  5 1.00
126 171  0  5 1.00
127 128  0  5 1.00
127 129  0  5 1.00
127 170  0  5 1.00
127 171  0  5 1.00
128 129  0  5 1.00
128 130  0  5 1.00
128 170  0  5 1.00
128 171  0  5 1.00
128 172  0  5 1.00
128 173  0  5 1.00
129 130  0  5 1.00
129 131  0  5 1.00
130 131  0  5 1.00
130 132  0  5 1.00
131 132  0  5 1.00
131 133  0  5 1.00
132 133  0  5 1.00
132 134  0  5 1.00
133 134  0  5 1.00
133 135  0  5 1.00
133 136  0  5 1.00
133 137  0  5 1.00
134 135  0  5 1.00
134 136  0  5 1.00
134 137  0  5 1.00
134 138  0  5 1.00
135 136  0  5 1.00
135 137  0  5 1.00
135 138  0  5 1.00
135 139  0  5 1.00
136 137  0  5 1.00
136 138  0  5 1.00
136 139  0  5 1.00
136 140  0  5 1.00
136 141  0  5 1.00
137 138  0  5 1.00
137 139  0  5 1.00
137 140  0  5 1.00
137 141  0  5 1.00
138 139  0  5 1.00
138 140  0  5 1.00
138 141  0  5 1.00
139 140  0  5 1.00
139 141  0  5 1.00
139 144  0  5 1.00
140 141  0  5 1.00
140 142  0  5 1.00
140 143  0  5 1.00
140 144  0  5 1.00
141 142  0  5 1.00
141 143  0  5 1.00
141 144  0  5 1.00
142 143  0  5 1.00
142 144  0  5 1.00
142 200  0  5 1.00
142 201  0  5 1.00
142 204  0  5 1.00
143 144  0  5 1.00
143 145  0  5 1.00
143 201  0  5 1.00
144 145  0  5 1.00
144 146  0  5 1.00
144 147  0  5 1.00
144 148  0  5 1.00
145 146  0  5 1.00
145 147  0  5 1.00
145 148  0  5 1.00
145 149  0  5 1.00
146 147  0  5 1.00
146 148  0  5 1.00
146 149  0  5 1.00
146 150  0  5 1.00
147 148  0  5 1.00
147 149  0  5 1.00
147 150  0  5 1.00
147 151  0  5 1.00
147 152  0  5 1.00
148 149  0  5 1.00
148 150  0  5 1.00
148 151  0  5 1.00
148 152  0  5 1.00
148 207  0  5 1.00
148 208  0  5 1.00
148 211  0  5 1.00
149 150  0  5 1.00
149 151  0  5 1.00
149 152  0  5 1.00
149 153  0  5 1.00
150 151  0  5 1.00
150 152  0  5 1.00
150 153  0  5 1.00
150 154  0  5 1.00
151 152  0  5 1.00
151 153  0  5 1.00
151 154  0  5 1.00
151 155  0  5 1.00
152 153  0  5 1.00
152 154  0  5 1.00
152 155  0  5 1.00
152 156  0  5 1.00
152 211  0  5 1.00
152 212  0  5 1.00
153 154  0  5 1.00
153 155  0  5 1.00
153 156  0  5 1.00
153 157  0  5 1.00
154 155  0  5 1.00
154 156  0  5 1.00
154 157  0  5 1.00
154 158  0  5 1.00
155 156  0  5 1.00
155 157  0  5 1.00
155 158  0  5 1.00
155 159  0  5 1.00
155 160  0  5 1.00
156 157  0  5 1.00
156 158  0  5 1.00
156 159  0  5 1.00
156 160  0  5 1.00
156 161  0  5 1.00
157 158  0  5 1.00
157 159  0  5 1.00
157 160  0  5 1.00
157 161  0  5 1.00
157 162  0  5 1.00
158 159  0  5 1.00
158 160  0  5 1.00
158 161  0  5 1.00
158 162  0  5 1.00
158 163  0  5 1.00
159 160  0  5 1.00
159 161  0  5 1.00
159 162  0  5 1.00
159 163  0  5 1.00
159 219  0  5 1.00
159 220  0  5 1.00
160 161  0  5 1.00
160 162  0  5 1.00
160 163  0  5 1.00
160 219  0  5 1.00
161 162  0  5 1.00
161 163  0  5 1.00
162 163  0  5 1.00
162 164  0  5 1.00
162 165  0  5 1.00
162 166  0  5 1.00
163 164  0  5 1.00
163 165  0  5 1.00
164 165  0  5 1.00
164 166  0  5 1.00
165 166  0  5 1.00
165 167  0  5 1.00
166 167  0  5 1.00
166 168  0  5 1.00
166 221  0  5 1.00
167 168  0  5 1.00
167 169  0  5 1.00
167 221  0  5 1.00
167 222  0  5 1.00
167 223  0  5 1.00
168 169  0  5 1.00
168 170  0  5 1.00
168 223  0  5 1.00
169 170  0  5 1.00
169 171  0  5 1.00
169 223  0  5 1.00
169 224  0  5 1.00
169 225  0  5 1.00
170 171  0  5 1.00
170 172  0  5 1.00
170 225  0  5 1.00
171 172  0  5 1.00
171 173  0  5 1.00
171 225  0  5 1.00
171 226  0  5 1.00
172 173  0  5 1.00
172 174  0  5 1.00
172 225  0  5 1.00
172 226  0  5 1.00
172 227  0  5 1.00
173 174  0  5 1.00
173 175  0  5 1.00
173 227  0  5 1.00
174 175  0  5 1.00
174 176  0  5 1.00
174 177  0  5 1.00
174 178  0  5 1.00
174 227  0  5 1.00
174 228  0  5 1.00
174 229  0  5 1.00
175 176  0  5 1.00
175 177  0  5 1.00
175 178  0  5 1.00
175 179  0  5 1.00
175 180  0  5 1.00
175 227  0  5 1.00
176 177  0  5 1.00
176 178  0  5 1.00
176 179  0  5 1.00
176 180  0  5 1.00
176 181  0  5 1.00
177 178  0  5 1.00
177 179  0  5 1.00
177 180  0  5 1.00
177 181  0  5 1.00
177 182  0  5 1.00
178 179  0  5 1.00
178 180  0  5 1.00
178 181  0  5 1.00
178 182  0  5 1.00
178 183  0  5 1.00
178 189  0  5 1.00
179 180  0  5 1.00
179 181  0  5 1.00
179 182  0  5 1.00
179 183  0  5 1.00
179 184  0  5 1.00
179 185  0  5 1.00
180 181  0  5 1.00
180 182  0  5 1.00
180 183  0  5 1.00
180 184  0  5 1.00
180 185  0  5 1.00
180 186  0  5 1.00
181 182  0  5 1.00
181 183  0  5 1.00
181 184  0  5 1.00
181 185  0  5 1.00
181 186  0  5 1.00
181 187  0  5 1.00
181 188  0  5 1.00
181 192  0  5 1.00
182 183  0  5 1.00
182 184  0  5 1.00
182 186  0  5 1.00
182 188  0  5 1.00
182 189  0  5 1.00
182 190  0  5 1.00
182 191  0  5 1.00
182 192  0  5 1.00
183 184  0  5 1.00
183 185  0  5 1.00
183 186  0  5 1.00
183 192  0  5 1.00
183 193  0  5 1.00
183 194  0  5 1.00
183 195  0  5 1.00
183 198  0  5 1.00
184 185  0  5 1.00
184 186  0  5 1.00
184 192  0  5 1.00
184 193  0  5 1.00
184 194  0  5 1.00
184 198  0  5 1.00
185 186  0  5 1.00
185 187  0  5 1.00
185 192  0  5 1.00
185 193  0  5 1.00
186 187  0  5 1.00
186 188  0  5 1.00
186 191  0  5 1.00
186 192  0  5 1.00
186 193  0  5 1.00
187 188  0  5 1.00
187 189  0  5 1.00
187 417  0  5 1.00
188 189  0  5 1.00
188 190  0  5 1.00
188 191  0  5 1.00
188 192  0  5 1.00
189 190  0  5 1.00
189 191  0  5 1.00
190 191  0  5 1.00
190 192  0  5 1.00
191 192  0  5 1.00
191 193  0  5 1.00
192 193  0  5 1.00
192 194  0  5 1.00
193 194  0  5 1.00
193 195  0  5 1.00
194 195  0  5 1.00
194 196  0  5 1.00
194 197  0  5 1.00
194 198  0  5 1.00
195 196  0  5 1.00
195 197  0  5 1.00
195 198  0  5 1.00
195 199  0  5 1.00
195 277  0  5 1.00
196 197  0  5 1.00
196 198  0  5 1.00
196 199  0  5 1.00
196 200  0  5 1.00
196 277  0  5 1.00
197 198  0  5 1.00
197 199  0  5 1.00
197 200  0  5 1.00
197 201  0  5 1.00
197 202  0  5 1.00
198 199  0  5 1.00
198 200  0  5 1.00
198 201  0  5 1.00
198 202  0  5 1.00
198 203  0  5 1.00
199 200  0  5 1.00
199 201  0  5 1.00
199 202  0  5 1.00
199 203  0  5 1.00
200 201  0  5 1.00
200 202  0  5 1.00
200 203  0  5 1.00
200 204  0  5 1.00
201 202  0  5 1.00
201 203  0  5 1.00
201 204  0  5 1.00
201 205  0  5 1.00
201 206  0  5 1.00
202 203  0  5 1.00
202 204  0  5 1.00
202 205  0  5 1.00
202 206  0  5 1.00
203 204  0  5 1.00
203 205  0  5 1.00
203 206  0  5 1.00
203 207  0  5 1.00
204 205  0  5 1.00
204 206  0  5 1.00
204 207  0  5 1.00
204 208  0  5 1.00
204 209  0  5 1.00
205 206  0  5 1.00
205 207  0  5 1.00
205 208  0  5 1.00
205 209  0  5 1.00
206 207  0  5 1.00
206 208  0  5 1.00
206 209  0  5 1.00
206 210  0  5 1.00
206 289  0  5 1.00
207 208  0  5 1.00
207 209  0  5 1.00
207 210  0  5 1.00
207 211  0  5 1.00
207 212  0  5 1.00
208 209  0  5 1.00
208 210  0  5 1.00
208 211  0  5 1.00
208 212  0  5 1.00
209 210  0  5 1.00
209 211  0  5 1.00
209 212  0  5 1.00
209 213  0  5 1.00
210 211  0  5 1.00
210 212  0  5 1.00
210 213  0  5 1.00
210 214  0  5 1.00
210 288  0  5 1.00
210 289  0  5 1.00
211 212  0  5 1.00
211 213  0  5 1.00
211 214  0  5 1.00
211 215  0  5 1.00
211 288  0  5 1.00
212 213  0  5 1.00
212 214  0  5 1.00
212 215  0  5 1.00
212 216  0  5 1.00
213 214  0  5 1.00
213 215  0  5 1.00
213 216  0  5 1.00
213 217  0  5 1.00
214 215  0  5 1.00
214 216  0  5 1.00
214 217  0  5 1.00
214 218  0  5 1.00
215 216  0  5 1.00
215 217  0  5 1.00
215 218  0  5 1.00
215 219  0  5 1.00
215 220  0  5 1.00
216 217  0  5 1.00
216 218  0  5 1.00
216 219  0  5 1.00
216 220  0  5 1.00
216 221  0  5 1.00
217 218  0  5 1.00
217 219  0  5 1.00
217 220  0  5 1.00
218 219  0  5 1.00
218 220  0  5 1.00
219 220  0  5 1.00
219 221  0  5 1.00
220 221  0  5 1.00
220 222  0  5 1.00
221 222  0  5 1.00
221 223  0  5 1.00
222 223  0  5 1.00
222 224  0  5 1.00
223 224  0  5 1.00
223 225  0  5 1.00
224 225  0  5 1.00
224 226  0  5 1.00
224 293  0  5 1.00
224 294  0  5 1.00
224 295  0  5 1.00
225 226  0  5 1.00
225 227  0  5 1.00
225 295  0  5 1.00
226 227  0  5 1.00
226 228  0  5 1.00
226 295  0  5 1.00
226 296  0  5 1.00
226 297  0  5 1.00
227 228  0  5 1.00
227 229  0  5 1.00
227 297  0  5 1.00
228 229  0  5 1.00
228 230  0  5 1.00
228 297  0  5 1.00
228 298  0  5 1.00
228 299  0  5 1.00
229 230  0  5 1.00
229 231  0  5 1.00
229 253  0  5 1.00
229 299  0  5 1.00
230 231  0  5 1.00
230 232  0  5 1.00
230 299  0  5 1.00
230 300  0  5 1.00
230 302  0  5 1.00
231 232  0  5 1.00
231 233  0  5 1.00
231 302  0  5 1.00
231 303  0  5 1.00
231 304  0  5 1.00
232 233  0  5 1.00
232 234  0  5 1.00
232 302  0  5 1.00
232 303  0  5 1.00
232 304  0  5 1.00
233 234  0  5 1.00
233 235  0  5 1.00
233 304  0  5 1.00
234 235  0  5 1.00
234 236  0  5 1.00
234 304  0  5 1.00
234 305  0  5 1.00
234 306  0  5 1.00
235 236  0  5 1.00
235 237  0  5 1.00
235 306  0  5 1.00
236 237  0  5 1.00
236 238  0  5 1.00
236 306  0  5 1.00
237 238  0  5 1.00
237 239  0  5 1.00
238 239  0  5 1.00
238 240  0  5 1.00
239 240  0  5 1.00
239 241  0  5 1.00
239 242  0  5 1.00
239 243  0  5 1.00
240 241  0  5 1.00
240 242  0  5 1.00
240 243  0  5 1.00
240 244  0  5 1.00
240 245  0  5 1.00
241 242  0  5 1.00
241 243  0  5 1.00
241 244  0  5 1.00
241 245  0  5 1.00
241 308  0  5 1.00
242 243  0  5 1.00
242 244  0  5 1.00
242 245  0  5 1.00
242 246  0  5 1.00
242 247  0  5 1.00
242 306  0  5 1.00
242 307  0  5 1.00
242 308  0  5 1.00
243 244  0  5 1.00
243 245  0  5 1.00
243 246  0  5 1.00
243 247  0  5 1.00
244 245  0  5 1.00
244 246  0  5 1.00
244 247  0  5 1.00
244 248  0  5 1.00
245 246  0  5 1.00
245 247  0  5 1.00
245 248  0  5 1.00
245 249  0  5 1.00
245 250  0  5 1.00
245 308  0  5 1.00
245 315  0  5 1.00
245 316  0  5 1.00
246 247  0  5 1.00
246 248  0  5 1.00
246 249  0  5 1.00
246 250  0  5 1.00
246 251  0  5 1.00
246 306  0  5 1.00
247 248  0  5 1.00
247 249  0  5 1.00
247 250  0  5 1.00
247 251  0  5 1.00
247 252  0  5 1.00
248 249  0  5 1.00
248 250  0  5 1.00
248 251  0  5 1.00
248 252  0  5 1.00
248 253  0  5 1.00
248 315  0  5 1.00
249 250  0  5 1.00
249 251  0  5 1.00
249 252  0  5 1.00
249 253  0  5 1.00
249 254  0  5 1.00
250 251  0  5 1.00
250 252  0  5 1.00
250 253  0  5 1.00
250 254  0  5 1.00
250 255  0  5 1.00
250 256  0  5 1.00
251 252  0  5 1.00
251 253  0  5 1.00
251 254  0  5 1.00
251 255  0  5 1.00
251 256  0  5 1.00
252 253  0  5 1.00
252 254  0  5 1.00
252 256  0  5 1.00
253 254  0  5 1.00
253 255  0  5 1.00
253 256  0  5 1.00
254 255  0  5 1.00
254 256  0  5 1.00
254 258  0  5 1.00
255 256  0  5 1.00
255 257  0  5 1.00
255 258  0  5 1.00
255 259  0  5 1.00
255 260  0  5 1.00
255 267  0  5 1.00
256 257  0  5 1.00
256 258  0  5 1.00
256 259  0  5 1.00
256 260  0  5 1.00
257 258  0  5 1.00
257 259  0  5 1.00
257 260  0  5 1.00
257 261  0  5 1.00
258 259  0  5 1.00
258 260  0  5 1.00
258 261  0  5 1.00
258 262  0  5 1.00
259 260  0  5 1.00
259 261  0  5 1.00
259 262  0  5 1.00
259 263  0  5 1.00
259 264  0  5 1.00
259 265  0  5 1.00
260 261  0  5 1.00
260 262  0  5 1.00
260 263  0  5 1.00
260 264  0  5 1.00
260 265  0  5 1.00
260 266  0  5 1.00
260 286  0  5 1.00
260 289  0  5 1.00
260 290  0  5 1.00
261 262  0  5 1.00
261 263  0  5 1.00
261 289  0  5 1.00
261 290  0  5 1.00
262 263  0  5 1.00
262 264  0  5 1.00
263 264  0  5 1.00
263 265  0  5 1.00
264 265  0  5 1.00
264 266  0  5 1.00
265 266  0  5 1.00
265 267  0  5 1.00
266 267  0  5 1.00
266 268  0  5 1.00
267 268  0  5 1.00
267 269  0  5 1.00
267 270  0  5 1.00
267 271  0  5 1.00
268 269  0  5 1.00
268 270  0  5 1.00
268 271  0  5 1.00
268 272  0  5 1.00
269 270  0  5 1.00
269 271  0  5 1.00
269 272  0  5 1.00
269 273  0  5 1.00
270 271  0  5 1.00
270 272  0  5 1.00
270 273  0  5 1.00
270 274  0  5 1.00
270 275  0  5 1.00
271 272  0  5 1.00
271 273  0  5 1.00
271 274  0  5 1.00
271 275  0  5 1.00
272 273  0  5 1.00
272 274  0  5 1.00
272 275  0  5 1.00
273 274  0  5 1.00
273 275  0  5 1.00
273 314  0  5 1.00
274 275  0  5 1.00
274 276  0  5 1.00
274 277  0  5 1.00
274 278  0  5 1.00
275 276  0  5 1.00
275 277  0  5 1.00
275 278  0  5 1.00
276 277  0  5 1.00
276 278  0  5 1.00
277 278  0  5 1.00
277 279  0  5 1.00
278 279  0  5 1.00
278 280  0  5 1.00
279 280  0  5 1.00
279 281  0  5 1.00
280 281  0  5 1.00
280 282  0  5 1.00
281 282  0  5 1.00
281 283  0  5 1.00
282 283  0  5 1.00
282 284  0  5 1.00
282 285  0  5 1.00
282 286  0  5 1.00
283 284  0  5 1.00
283 285  0  5 1.00
283 286  0  5 1.00
283 287  0  5 1.00
284 285  0  5 1.00
284 286  0  5 1.00
284 287  0  5 1.00
284 288  0  5 1.00
285 286  0  5 1.00
285 287  0  5 1.00
285 288  0  5 1.00
285 289  0  5 1.00
286 287  0  5 1.00
286 288  0  5 1.00
286 289  0  5 1.00
286 290  0  5 1.00
287 288  0  5 1.00
287 289  0  5 1.00
287 290  0  5 1.00
287 291  0  5 1.00
288 289  0  5 1.00
288 290  0  5 1.00
288 291  0  5 1.00
289 290  0  5 1.00
289 291  0  5 1.00
290 291  0  5 1.00
290 292  0  5 1.00
291 292  0  5 1.00
291 293  0  5 1.00
292 293  0  5 1.00
292 294  0  5 1.00
293 294  0  5 1.00
293 295  0  5 1.00
294 295  0  5 1.00
294 296  0  5 1.00
294 355  0  5 1.00
295 296  0  5 1.00
295 297  0  5 1.00
295 355  0  5 1.00
296 297  0  5 1.00
296 298  0  5 1.00
296 355  0  5 1.00
296 356  0  5 1.00
296 357  0  5 1.00
297 298  0  5 1.00
297 299  0  5 1.00
297 357  0  5 1.00
297 359  0  5 1.00
298 299  0  5 1.00
298 300  0  5 1.00
298 357  0  5 1.00
298 358  0  5 1.00
298 359  0  5 1.00
298 360  0  5 1.00
299 300  0  5 1.00
299 301  0  5 1.00
299 359  0  5 1.00
299 360  0  5 1.00
300 301  0  5 1.00
300 302  0  5 1.00
300 360  0  5 1.00
300 361  0  5 1.00
300 362  0  5 1.00
301 302  0  5 1.00
301 303  0  5 1.00
301 333  0  5 1.00
301 362  0  5 1.00
302 303  0  5 1.00
302 304  0  5 1.00
302 333  0  5 1.00
303 304  0  5 1.00
303 305  0  5 1.00
303 333  0  5 1.00
304 305  0  5 1.00
304 306  0  5 1.00
305 306  0  5 1.00
305 307  0  5 1.00
305 318  0  5 1.00
305 319  0  5 1.00
305 320  0  5 1.00
306 307  0  5 1.00
306 308  0  5 1.00
306 318  0  5 1.00
306 319  0  5 1.00
306 320  0  5 1.00
307 308  0  5 1.00
307 309  0  5 1.00
307 316  0  5 1.00
307 317  0  5 1.00
307 318  0  5 1.00
307 319  0  5 1.00
308 309  0  5 1.00
308 310  0  5 1.00
308 316  0  5 1.00
308 317  0  5 1.00
308 318  0  5 1.00
309 310  0  5 1.00
309 311  0  5 1.00
309 312  0  5 1.00
309 316  0  5 1.00
309 317  0  5 1.00
309 318  0  5 1.00
310 311  0  5 1.00
310 312  0  5 1.00
310 316  0  5 1.00
311 312  0  5 1.00
311 313  0  5 1.00
312 313  0  5 1.00
312 314  0  5 1.00
312 315  0  5 1.00
312 316  0  5 1.00
312 317  0  5 1.00
313 314  0  5 1.00
313 315  0  5 1.00
313 316  0  5 1.00
314 315  0  5 1.00
314 316  0  5 1.00
315 316  0  5 1.00
315 317  0  5 1.00
316 317  0  5 1.00
316 318  0  5 1.00
317 318  0  5 1.00
317 319  0  5 1.00
318 319  0  5 1.00
318 320  0  5 1.00
319 320  0  5 1.00
319 321  0  5 1.00
320 321  0  5 1.00
320 322  0  5 1.00
321 322  0  5 1.00
321 323  0  5 1.00
322 323  0  5 1.00
322 324  0  5 1.00
322 325  0  5 1.00
323 324  0  5 1.00
323 325  0  5 1.00
324 325  0  5 1.00
324 326  0  5 1.00
325 326  0  5 1.00
325 327  0  5 1.00
325 334  0  5 1.00
326 327  0  5 1.00
326 328  0  5 1.00
326 332  0  5 1.00
326 333  0  5 1.00
326 334  0  5 1.00
327 328  0  5 1.00
327 329  0  5 1.00
327 332  0  5 1.00
327 333  0  5 1.00
327 334  0  5 1.00
328 329  0  5 1.00
328 330  0  5 1.00
328 331  0  5 1.00
328 332  0  5 1.00
328 364  0  5 1.00
329 330  0  5 1.00
329 331  0  5 1.00
329 364  0  5 1.00
329 365  0  5 1.00
330 331  0  5 1.00
330 332  0  5 1.00
330 364  0  5 1.00
331 332  0  5 1.00
331 333  0  5 1.00
332 333  0  5 1.00
332 334  0  5 1.00
333 334  0  5 1.00
333 335  0  5 1.00
334 335  0  5 1.00
334 336  0  5 1.00
335 336  0  5 1.00
335 337  0  5 1.00
335 338  0  5 1.00
335 339  0  5 1.00
336 337  0  5 1.00
336 338  0  5 1.00
336 339  0  5 1.00
336 340  0  5 1.00
336 391  0  5 1.00
337 338  0  5 1.00
337 339  0  5 1.00
337 340  0  5 1.00
337 341  0  5 1.00
338 339  0  5 1.00
338 340  0  5 1.00
338 341  0  5 1.00
338 342  0  5 1.00
338 343  0  5 1.00
339 340  0  5 1.00
339 341  0  5 1.00
339 342  0  5 1.00
339 343  0  5 1.00
340 341  0  5 1.00
340 342  0  5 1.00
340 343  0  5 1.00
340 344  0  5 1.00
340 391  0  5 1.00
340 395  0  5 1.00
341 342  0  5 1.00
341 343  0  5 1.00
341 344  0  5 1.00
341 345  0  5 1.00
341 346  0  5 1.00
342 343  0  5 1.00
342 344  0  5 1.00
342 345  0  5 1.00
342 346  0  5 1.00
342 347  0  5 1.00
343 344  0  5 1.00
343 345  0  5 1.00
343 346  0  5 1.00
343 347  0  5 1.00
344 345  0  5 1.00
344 346  0  5 1.00
344 347  0  5 1.00
344 348  0  5 1.00
345 346  0  5 1.00
345 347  0  5 1.00
345 348  0  5 1.00
345 349  0  5 1.00
346 347  0  5 1.00
346 348  0  5 1.00
346 349  0  5 1.00
346 350  0  5 1.00
347 348  0  5 1.00
347 349  0  5 1.00
347 350  0  5 1.00
347 351  0  5 1.00
347 352  0  5 1.00
348 349  0  5 1.00
348 350  0  5 1.00
348 351  0  5 1.00
348 352  0  5 1.00
349 350  0  5 1.00
349 351  0  5 1.00
350 351  0  5 1.00
350 352  0  5 1.00
350 353  0  5 1.00
350 354  0  5 1.00
351 352  0  5 1.00
351 353  0  5 1.00
352 353  0  5 1.00
352 354  0  5 1.00
353 354  0  5 1.00
353 355  0  5 1.00
354 355  0  5 1.00
354 356  0  5 1.00
354 401  0  5 1.00
355 356  0  5 1.00
355 357  0  5 1.00
355 401  0  5 1.00
356 357  0  5 1.00
356 358  0  5 1.00
356 401  0  5 1.00
356 402  0  5 1.00
356 403  0  5 1.00
356 404  0  5 1.00
357 358  0  5 1.00
357 359  0  5 1.00
357 403  0  5 1.00
357 404  0  5 1.00
358 359  0  5 1.00
358 360  0  5 1.00
358 404  0  5 1.00
358 405  0  5 1.00
358 406  0  5 1.00
359 360  0  5 1.00
359 361  0  5 1.00
359 406  0  5 1.00
360 361  0  5 1.00
360 362  0  5 1.00
360 406  0  5 1.00
360 408  0  5 1.00
361 362  0  5 1.00
361 363  0  5 1.00
361 406  0  5 1.00
361 407  0  5 1.00
361 408  0  5 1.00
362 363  0  5 1.00
362 364  0  5 1.00
362 408  0  5 1.00
363 364  0  5 1.00
363 365  0  5 1.00
363 408  0  5 1.00
363 423  0  5 1.00
363 424  0  5 1.00
364 365  0  5 1.00
364 366  0  5 1.00
364 423  0  5 1.00
364 424  0  5 1.00
365 366  0  5 1.00
365 367  0  5 1.00
365 423  0  5 1.00
366 367  0  5 1.00
366 368  0  5 1.00
367 368  0  5 1.00
367 369  0  5 1.00
368 369  0  5 1.00
368 370  0  5 1.00
369 370  0  5 1.00
369 371  0  5 1.00
369 429  0  5 1.00
369 430  0  5 1.00
369 431  0  5 1.00
370 371  0  5 1.00
370 372  0  5 1.00
371 372  0  5 1.00
371 373  0  5 1.00
371 374  0  5 1.00
371 375  0  5 1.00
372 373  0  5 1.00
372 374  0  5 1.00
372 375  0  5 1.00
372 376  0  5 1.00
373 374  0  5 1.00
373 375  0  5 1.00
374 375  0  5 1.00
374 376  0  5 1.00
375 376  0  5 1.00
375 377  0  5 1.00
376 377  0  5 1.00
376 378  0  5 1.00
376 438  0  5 1.00
376 439  0  5 1.00
376 440  0  5 1.00
377 378  0  5 1.00
377 379  0  5 1.00
378 379  0  5 1.00
378 380  0  5 1.00
378 381  0  5 1.00
378 382  0  5 1.00
378 440  0  5 1.00
378 441  0  5 1.00
379 380  0  5 1.00
379 381  0  5 1.00
379 382  0  5 1.00
379 383  0  5 1.00
380 381  0  5 1.00
380 382  0  5 1.00
380 383  0  5 1.00
380 384  0  5 1.00
380 385  0  5 1.00
381 382  0  5 1.00
381 383  0  5 1.00
381 384  0  5 1.00
381 385  0  5 1.00
382 383  0  5 1.00
382 384  0  5 1.00
382 385  0  5 1.00
382 386  0  5 1.00
382 441  0  5 1.00
383 384  0  5 1.00
383 385  0  5 1.00
383 386  0  5 1.00
383 387  0  5 1.00
383 388  0  5 1.00
384 385  0  5 1.00
384 386  0  5 1.00
384 387  0  5 1.00
384 388  0  5 1.00
384 389  0  5 1.00
385 386  0  5 1.00
385 387  0  5 1.00
385 388  0  5 1.00
385 389  0  5 1.00
385 390  0  5 1.00
386 387  0  5 1.00
386 388  0  5 1.00
386 389  0  5 1.00
386 390  0  5 1.00
387 388  0  5 1.00
387 389  0  5 1.00
387 390  0  5 1.00
387 391  0  5 1.00
388 389  0  5 1.00
388 390  0  5 1.00
388 391  0  5 1.00
388 392  0  5 1.00
389 390  0  5 1.00
389 391  0  5 1.00
389 392  0  5 1.00
389 393  0  5 1.00
390 391  0  5 1.00
390 392  0  5 1.00
390 393  0  5 1.00
390 394  0  5 1.00
391 392  0  5 1.00
391 393  0  5 1.00
391 394  0  5 1.00
391 395  0  5 1.00
392 393  0  5 1.00
392 394  0  5 1.00
392 395  0  5 1.00
392 396  0  5 1.00
393 394  0  5 1.00
393 395  0  5 1.00
393 396  0  5 1.00
393 397  0  5 1.00
394 395  0  5 1.00
394 396  0  5 1.00
394 397  0  5 1.00
394 398  0  5 1.00
395 396  0  5 1.00
395 397  0  5 1.00
395 398  0  5 1.00
395 399  0  5 1.00
395 400  0  5 1.00
396 397  0  5 1.00
396 398  0  5 1.00
396 399  0  5 1.00
396 400  0  5 1.00
397 398  0  5 1.00
397 399  0  5 1.00
398 399  0  5 1.00
398 400  0  5 1.00
399 400  0  5 1.00
399 401  0  5 1.00
400 401  0  5 1.00
400 402  0  5 1.00
401 402  0  5 1.00
401 403  0  5 1.00
402 403  0  5 1.00
402 404  0  5 1.00
403 404  0  5 1.00
403 405  0  5 1.00
404 405  0  5 1.00
404 406  0  5 1.00
405 406  0  5 1.00
405 407  0  5 1.00
406 407  0  5 1.00
406 408  0  5 1.00
407 408  0  5 1.00
407 409  0  5 1.00
407 410  0  5 1.00
408 409  0  5 1.00
408 410  0  5 1.00
408 424  0  5 1.00
409 410  0  5 1.00
409 411  0  5 1.00
409 424  0  5 1.00
409 425  0  5 1.00
409 426  0  5 1.00
409 427  0  5 1.00
410 411  0  5 1.00
410 412  0  5 1.00
410 425  0  5 1.00
410 426  0  5 1.00
410 427  0  5 1.00
411 412  0  5 1.00
411 413  0  5 1.00
411 424  0  5 1.00
411 425  0  5 1.00
411 426  0  5 1.00
411 427  0  5 1.00
412 413  0  5 1.00
412 414  0  5 1.00
412 423  0  5 1.00
412 424  0  5 1.00
412 425  0  5 1.00
412 427  0  5 1.00
412 429  0  5 1.00
413 414  0  5 1.00
413 415  0  5 1.00
413 419  0  5 1.00
413 420  0  5 1.00
413 422  0  5 1.00
414 415  0  5 1.00
414 416  0  5 1.00
414 419  0  5 1.00
414 420  0  5 1.00
415 416  0  5 1.00
415 417  0  5 1.00
415 418  0  5 1.00
415 419  0  5 1.00
415 420  0  5 1.00
415 422  0  5 1.00
416 417  0  5 1.00
416 418  0  5 1.00
416 419  0  5 1.00
417 418  0  5 1.00
417 419  0  5 1.00
418 419  0  5 1.00
418 420  0  5 1.00
418 421  0  5 1.00
418 422  0  5 1.00
419 420  0  5 1.00
419 421  0  5 1.00
419 422  0  5 1.00
420 421  0  5 1.00
420 422  0  5 1.00
420 423  0  5 1.00
421 422  0  5 1.00
421 423  0  5 1.00
422 423  0  5 1.00
422 424  0  5 1.00
423 424  0  5 1.00
423 425  0  5 1.00
424 425  0  5 1.00
424 426  0  5 1.00
425 426  0  5 1.00
425 427  0  5 1.00
426 427  0  5 1.00
426 428  0  5 1.00
426 437  0  5 1.00
426 438  0  5 1.00
426 439  0  5 1.00
426 441  0  5 1.00
426 442  0  5 1.00
427 428  0  5 1.00
427 429  0  5 1.00
427 437  0  5 1.00
427 438  0  5 1.00
427 439  0  5 1.00
428 429  0  5 1.00
428 430  0  5 1.00
428 435  0  5 1.00
428 436  0  5 1.00
428 437  0  5 1.00
428 438  0  5 1.00
428 439  0  5 1.00
429 430  0  5 1.00
429 431  0  5 1.00
429 435  0  5 1.00
429 436  0  5 1.00
430 431  0  5 1.00
430 432  0  5 1.00
430 433  0  5 1.00
430 434  0  5 1.00
430 435  0  5 1.00
431 432  0  5 1.00
431 433  0  5 1.00
431 434  0  5 1.00
432 433  0  5 1.00
432 434  0  5 1.00
433 434  0  5 1.00
433 435  0  5 1.00
434 435  0  5 1.00
434 436  0  5 1.00
435 436  0  5 1.00
435 437  0  5 1.00
436 437  0  5 1.00
436 438  0  5 1.00
437 438  0  5 1.00
437 439  0  5 1.00
438 439  0  5 1.00
438 440  0  5 1.00
439 440  0  5 1.00
439 441  0  5 1.00
439 442  0  5 1.00
439 443  0  5 1.00
440 441  0  5 1.00
440 442  0  5 1.00
440 443  0  5 1.00
440 444  0  5 1.00
441 442  0  5 1.00
441 443  0  5 1.00
441 444  0  5 1.00
441 445  0  5 1.00
442 443  0  5 1.00
442 444  0  5 1.00
442 445  0  5 1.00
442 446  0  5 1.00
443 444  0  5 1.00
443 445  0  5 1.00
443 446  0  5 1.00
443 447  0  5 1.00
444 445  0  5 1.00
444 446  0  5 1.00
444 447  0  5 1.00
444 448  0  5 1.00
445 446  0  5 1.00
445 447  0  5 1.00
445 448  0  5 1.00
445 449  0  5 1.00
446 447  0  5 1.00
446 448  0  5 1.00
446 449  0  5 1.00
446 450  0  5 1.00
447 448  0  5 1.00
447 449  0  5 1.00
447 450  0  5 1.00
447 451  0  5 1.00
447 452  0  5 1.00
448 449  0  5 1.00
448 450  0  5 1.00
448 451  0  5 1.00
448 452  0  5 1.00
448 453  0  5 1.00
448 454  0  5 1.00
449 450  0  5 1.00
449 451  0  5 1.00
449 452  0  5 1.00
450 451  0  5 1.00
450 452  0  5 1.00
451 452  0  5 1.00
451 453  0  5 1.00
451 454  0  5 1.00
451 455  0  5 1.00
452 453  0  5 1.00
452 454  0  5 1.00
453 454  0  5 1.00
453 455  0  5 1.00
453 456  0  5 1.00
453 457  0  5 1.00
454 455  0  5 1.00
454 456  0  5 1.00
454 457  0  5 1.00
454 458  0  5 1.00
455 456  0  5 1.00
455 457  0  5 1.00
455 458  0  5 1.00
456 457  0  5 1.00
456 458  0  5 1.00
457 458  0  5 1.00
END
HELX_P HELX_P1  AA1 ALA A 25  ? GLU A 30  ? ALA A 22  GLU A 27  1 ? 6  
HELX_P HELX_P2  AA2 MET A 34  ? ALA A 38  ? MET A 31  ALA A 35  5 ? 5  
HELX_P HELX_P3  AA3 SER A 41  ? HIS A 48  ? SER A 38  HIS A 45  1 ? 8  
HELX_P HELX_P4  AA4 MET A 53  ? ASP A 57  ? MET A 50  ASP A 54  5 ? 5  
HELX_P HELX_P5  AA5 ASP A 64  ? LEU A 79  ? ASP A 61  LEU A 76  1 ? 16 
HELX_P HELX_P6  AA6 SER A 89  ? ILE A 94  ? SER A 86  ILE A 91  1 ? 6  
HELX_P HELX_P7  AA7 ASN A 102 ? ALA A 119 ? ASN A 99  ALA A 116 1 ? 18 
HELX_P HELX_P8  AA8 PRO A 133 ? ASP A 138 ? PRO A 130 ASP A 135 1 ? 6  
HELX_P HELX_P9  AA9 ARG A 139 ? PRO A 145 ? ARG A 136 PRO A 142 5 ? 7  
HELX_P HELX_P10 AB1 ASP A 146 ? PHE A 162 ? ASP A 143 PHE A 159 1 ? 17 
HELX_P HELX_P11 AB2 GLU A 174 ? TYR A 183 ? GLU A 171 TYR A 180 1 ? 10 
HELX_P HELX_P12 AB3 SER A 194 ? GLY A 220 ? SER A 191 GLY A 217 1 ? 27 
HELX_P HELX_P13 AB4 LYS A 239 ? ASN A 254 ? LYS A 236 ASN A 251 1 ? 16 
HELX_P HELX_P14 AB5 PHE A 257 ? MET A 262 ? PHE A 254 MET A 259 1 ? 6  
HELX_P HELX_P15 AB6 GLU A 269 ? GLY A 275 ? GLU A 266 GLY A 272 1 ? 7  
HELX_P HELX_P16 AB7 ALA A 276 ? TRP A 278 ? ALA A 273 TRP A 275 5 ? 3  
HELX_P HELX_P17 AB8 PRO A 282 ? ALA A 290 ? PRO A 279 ALA A 287 1 ? 9  
HELX_P HELX_P18 AB9 PRO A 336 ? THR A 350 ? PRO A 333 THR A 347 1 ? 15 
HELX_P HELX_P19 AC1 ASP A 378 ? LYS A 398 ? ASP A 375 LYS A 395 1 ? 21 
HELX_P HELX_P20 AC2 GLU A 415 ? LYS A 422 ? GLU A 412 LYS A 419 5 ? 8  
HELX_P HELX_P21 AC3 LYS A 439 ? THR A 451 ? LYS A 436 THR A 448 1 ? 13 
HELX_P HELX_P22 AC4 GLY A 453 ? THR A 458 ? GLY A 450 THR A 455 5 ? 6 