5gqe 436
  1   2  0  5 1.00
  1   3  0  5 1.00
  1   7  0  5 1.00
  1   8  0  5 1.00
  2   3  0  5 1.00
  2   4  0  5 1.00
  2   7  0  5 1.00
  2   8  0  5 1.00
  3   4  0  5 1.00
  3   5  0  5 1.00
  4   5  0  5 1.00
  4   6  0  5 1.00
  4   7  0  5 1.00
  4   8  0  5 1.00
  4   9  0  5 1.00
  4  36  0  5 1.00
  4  37  0  5 1.00
  5   6  0  5 1.00
  5   7  0  5 1.00
  5   8  0  5 1.00
  5   9  0  5 1.00
  5  10  0  5 1.00
  5  37  0  5 1.00
  6   7  0  5 1.00
  6   8  0  5 1.00
  6   9  0  5 1.00
  6  10  0  5 1.00
  6  14  0  5 1.00
  6  16  0  5 1.00
  6  37  0  5 1.00
  6  38  0  5 1.00
  6  39  0  5 1.00
  7   8  0  5 1.00
  7   9  0  5 1.00
  7  10  0  5 1.00
  7  11  0  5 1.00
  8   9  0  5 1.00
  8  10  0  5 1.00
  8  11  0  5 1.00
  8  12  0  5 1.00
  8 300  0  5 1.00
  9  10  0  5 1.00
  9  11  0  5 1.00
  9  12  0  5 1.00
  9  13  0  5 1.00
  9  14  0  5 1.00
  9  15  0  5 1.00
 10  11  0  5 1.00
 10  12  0  5 1.00
 10  13  0  5 1.00
 10  14  0  5 1.00
 10  15  0  5 1.00
 11  12  0  5 1.00
 11  13  0  5 1.00
 12  13  0  5 1.00
 12  14  0  5 1.00
 13  14  0  5 1.00
 13  15  0  5 1.00
 13 261  0  5 1.00
 14  15  0  5 1.00
 14  16  0  5 1.00
 14 261  0  5 1.00
 14 262  0  5 1.00
 15  16  0  5 1.00
 15  17  0  5 1.00
 15 261  0  5 1.00
 15 262  0  5 1.00
 15 263  0  5 1.00
 16  17  0  5 1.00
 16  18  0  5 1.00
 16  37  0  5 1.00
 16  38  0  5 1.00
 16  39  0  5 1.00
 16  40  0  5 1.00
 16 263  0  5 1.00
 17  18  0  5 1.00
 17  19  0  5 1.00
 17  38  0  5 1.00
 17  39  0  5 1.00
 17  40  0  5 1.00
 17  41  0  5 1.00
 17 263  0  5 1.00
 17 264  0  5 1.00
 17 265  0  5 1.00
 18  19  0  5 1.00
 18  20  0  5 1.00
 18  40  0  5 1.00
 18  41  0  5 1.00
 18  42  0  5 1.00
 18 264  0  5 1.00
 18 265  0  5 1.00
 18 267  0  5 1.00
 19  20  0  5 1.00
 19  21  0  5 1.00
 19  42  0  5 1.00
 19  44  0  5 1.00
 19 265  0  5 1.00
 19 266  0  5 1.00
 19 267  0  5 1.00
 19 268  0  5 1.00
 20  21  0  5 1.00
 20  22  0  5 1.00
 20  42  0  5 1.00
 20  43  0  5 1.00
 20  44  0  5 1.00
 20  45  0  5 1.00
 21  22  0  5 1.00
 21  23  0  5 1.00
 21  24  0  5 1.00
 21  25  0  5 1.00
 22  23  0  5 1.00
 22  24  0  5 1.00
 22  25  0  5 1.00
 22  26  0  5 1.00
 23  24  0  5 1.00
 23  25  0  5 1.00
 23  26  0  5 1.00
 24  25  0  5 1.00
 24  26  0  5 1.00
 24  27  0  5 1.00
 24  31  0  5 1.00
 25  26  0  5 1.00
 25  27  0  5 1.00
 26  27  0  5 1.00
 26  28  0  5 1.00
 27  28  0  5 1.00
 27  29  0  5 1.00
 27  30  0  5 1.00
 27  31  0  5 1.00
 27  32  0  5 1.00
 28  29  0  5 1.00
 28  30  0  5 1.00
 28  31  0  5 1.00
 28  32  0  5 1.00
 28  33  0  5 1.00
 29  30  0  5 1.00
 29  31  0  5 1.00
 29  32  0  5 1.00
 29  33  0  5 1.00
 30  31  0  5 1.00
 30  32  0  5 1.00
 30  33  0  5 1.00
 30  34  0  5 1.00
 31  32  0  5 1.00
 31  33  0  5 1.00
 31  34  0  5 1.00
 31  35  0  5 1.00
 31  36  0  5 1.00
 32  33  0  5 1.00
 32  34  0  5 1.00
 32  35  0  5 1.00
 32  36  0  5 1.00
 33  34  0  5 1.00
 33  35  0  5 1.00
 33  36  0  5 1.00
 33  37  0  5 1.00
 33  38  0  5 1.00
 34  35  0  5 1.00
 34  36  0  5 1.00
 34  37  0  5 1.00
 34  38  0  5 1.00
 35  36  0  5 1.00
 35  37  0  5 1.00
 35  38  0  5 1.00
 35  74  0  5 1.00
 36  37  0  5 1.00
 36  38  0  5 1.00
 37  38  0  5 1.00
 37  39  0  5 1.00
 38  39  0  5 1.00
 38  40  0  5 1.00
 38  74  0  5 1.00
 39  40  0  5 1.00
 39  41  0  5 1.00
 39  75  0  5 1.00
 39  76  0  5 1.00
 39  77  0  5 1.00
 40  41  0  5 1.00
 40  42  0  5 1.00
 40  76  0  5 1.00
 40  77  0  5 1.00
 41  42  0  5 1.00
 41  43  0  5 1.00
 41  76  0  5 1.00
 41  77  0  5 1.00
 41  78  0  5 1.00
 41  79  0  5 1.00
 42  43  0  5 1.00
 42  44  0  5 1.00
 42  79  0  5 1.00
 43  44  0  5 1.00
 43  45  0  5 1.00
 43  46  0  5 1.00
 43  79  0  5 1.00
 43  81  0  5 1.00
 44  45  0  5 1.00
 44  46  0  5 1.00
 45  46  0  5 1.00
 45  47  0  5 1.00
 45  48  0  5 1.00
 45  51  0  5 1.00
 46  47  0  5 1.00
 46  48  0  5 1.00
 46  51  0  5 1.00
 46  52  0  5 1.00
 46  63  0  5 1.00
 46  64  0  5 1.00
 47  48  0  5 1.00
 47  49  0  5 1.00
 47  64  0  5 1.00
 47  81  0  5 1.00
 47  82  0  5 1.00
 48  49  0  5 1.00
 48  50  0  5 1.00
 48  51  0  5 1.00
 48  52  0  5 1.00
 48  53  0  5 1.00
 48  81  0  5 1.00
 48  82  0  5 1.00
 49  50  0  5 1.00
 49  51  0  5 1.00
 49  52  0  5 1.00
 49  53  0  5 1.00
 49  54  0  5 1.00
 49  82  0  5 1.00
 49  88  0  5 1.00
 49  90  0  5 1.00
 50  51  0  5 1.00
 50  52  0  5 1.00
 50  53  0  5 1.00
 50  54  0  5 1.00
 50  88  0  5 1.00
 50  89  0  5 1.00
 50  90  0  5 1.00
 51  52  0  5 1.00
 51  53  0  5 1.00
 51  60  0  5 1.00
 52  53  0  5 1.00
 52  54  0  5 1.00
 52  58  0  5 1.00
 52  59  0  5 1.00
 52  60  0  5 1.00
 52  61  0  5 1.00
 53  54  0  5 1.00
 53  55  0  5 1.00
 53  56  0  5 1.00
 53  58  0  5 1.00
 53  59  0  5 1.00
 53  60  0  5 1.00
 54  55  0  5 1.00
 54  56  0  5 1.00
 54  58  0  5 1.00
 55  56  0  5 1.00
 55  57  0  5 1.00
 55  58  0  5 1.00
 55  59  0  5 1.00
 56  57  0  5 1.00
 56  58  0  5 1.00
 57  58  0  5 1.00
 57  59  0  5 1.00
 58  59  0  5 1.00
 58  60  0  5 1.00
 59  60  0  5 1.00
 59  61  0  5 1.00
 60  61  0  5 1.00
 60  62  0  5 1.00
 61  62  0  5 1.00
 61  63  0  5 1.00
 61  64  0  5 1.00
 61  65  0  5 1.00
 61  66  0  5 1.00
 62  63  0  5 1.00
 62  64  0  5 1.00
 62  65  0  5 1.00
 62  66  0  5 1.00
 63  64  0  5 1.00
 63  65  0  5 1.00
 63  66  0  5 1.00
 63  67  0  5 1.00
 64  65  0  5 1.00
 64  66  0  5 1.00
 64  67  0  5 1.00
 64  68  0  5 1.00
 64  69  0  5 1.00
 65  66  0  5 1.00
 65  67  0  5 1.00
 65  68  0  5 1.00
 65  69  0  5 1.00
 65  70  0  5 1.00
 66  67  0  5 1.00
 66  68  0  5 1.00
 66  69  0  5 1.00
 66  70  0  5 1.00
 66  71  0  5 1.00
 67  68  0  5 1.00
 67  69  0  5 1.00
 67  70  0  5 1.00
 67  71  0  5 1.00
 68  69  0  5 1.00
 68  70  0  5 1.00
 68  71  0  5 1.00
 68  72  0  5 1.00
 69  70  0  5 1.00
 69  71  0  5 1.00
 69  72  0  5 1.00
 69  73  0  5 1.00
 69  74  0  5 1.00
 70  71  0  5 1.00
 70  72  0  5 1.00
 70  73  0  5 1.00
 70  74  0  5 1.00
 71  72  0  5 1.00
 71  73  0  5 1.00
 71  74  0  5 1.00
 71  75  0  5 1.00
 71  76  0  5 1.00
 72  73  0  5 1.00
 72  74  0  5 1.00
 72  75  0  5 1.00
 72  76  0  5 1.00
 73  74  0  5 1.00
 73  75  0  5 1.00
 74  75  0  5 1.00
 74  76  0  5 1.00
 75  76  0  5 1.00
 75  77  0  5 1.00
 76  77  0  5 1.00
 76  78  0  5 1.00
 77  78  0  5 1.00
 77  79  0  5 1.00
 78  79  0  5 1.00
 78  80  0  5 1.00
 78 120  0  5 1.00
 78 121  0  5 1.00
 78 122  0  5 1.00
 79  80  0  5 1.00
 79  81  0  5 1.00
 79 122  0  5 1.00
 80  81  0  5 1.00
 80  82  0  5 1.00
 80 122  0  5 1.00
 80 123  0  5 1.00
 80 124  0  5 1.00
 81  82  0  5 1.00
 81  83  0  5 1.00
 81 124  0  5 1.00
 82  83  0  5 1.00
 82  84  0  5 1.00
 82 124  0  5 1.00
 83  84  0  5 1.00
 83  85  0  5 1.00
 83 124  0  5 1.00
 83 125  0  5 1.00
 84  85  0  5 1.00
 84  86  0  5 1.00
 84 124  0  5 1.00
 84 125  0  5 1.00
 84 126  0  5 1.00
 84 127  0  5 1.00
 85  86  0  5 1.00
 85  87  0  5 1.00
 85 127  0  5 1.00
 86  87  0  5 1.00
 86  88  0  5 1.00
 86  89  0  5 1.00
 86 127  0  5 1.00
 87  88  0  5 1.00
 87  89  0  5 1.00
 88  89  0  5 1.00
 88  90  0  5 1.00
 89  90  0  5 1.00
 89  91  0  5 1.00
 90  91  0  5 1.00
 90  92  0  5 1.00
 90  93  0  5 1.00
 90  94  0  5 1.00
 91  92  0  5 1.00
 91  93  0  5 1.00
 91  94  0  5 1.00
 91  95  0  5 1.00
 92  93  0  5 1.00
 92  94  0  5 1.00
 92  95  0  5 1.00
 92  96  0  5 1.00
 93  94  0  5 1.00
 93  95  0  5 1.00
 93  96  0  5 1.00
 94  95  0  5 1.00
 94  96  0  5 1.00
 95  96  0  5 1.00
 95  97  0  5 1.00
 96  97  0  5 1.00
 96  98  0  5 1.00
 97  98  0  5 1.00
 97  99  0  5 1.00
 97 100  0  5 1.00
 97 101  0  5 1.00
 98  99  0  5 1.00
 98 100  0  5 1.00
 98 101  0  5 1.00
 98 102  0  5 1.00
 98 146  0  5 1.00
 99 100  0  5 1.00
 99 101  0  5 1.00
 99 102  0  5 1.00
 99 103  0  5 1.00
100 101  0  5 1.00
100 102  0  5 1.00
100 103  0  5 1.00
100 104  0  5 1.00
101 102  0  5 1.00
101 103  0  5 1.00
101 104  0  5 1.00
101 105  0  5 1.00
101 106  0  5 1.00
102 103  0  5 1.00
102 104  0  5 1.00
102 105  0  5 1.00
102 106  0  5 1.00
103 104  0  5 1.00
103 105  0  5 1.00
103 106  0  5 1.00
103 107  0  5 1.00
104 105  0  5 1.00
104 106  0  5 1.00
104 107  0  5 1.00
104 108  0  5 1.00
104 109  0  5 1.00
105 106  0  5 1.00
105 107  0  5 1.00
105 108  0  5 1.00
105 109  0  5 1.00
106 107  0  5 1.00
106 108  0  5 1.00
106 109  0  5 1.00
106 110  0  5 1.00
107 108  0  5 1.00
107 109  0  5 1.00
107 110  0  5 1.00
107 111  0  5 1.00
107 112  0  5 1.00
108 109  0  5 1.00
108 110  0  5 1.00
108 111  0  5 1.00
108 112  0  5 1.00
108 113  0  5 1.00
109 110  0  5 1.00
109 111  0  5 1.00
109 112  0  5 1.00
109 113  0  5 1.00
109 114  0  5 1.00
110 111  0  5 1.00
110 112  0  5 1.00
110 113  0  5 1.00
110 114  0  5 1.00
110 115  0  5 1.00
111 112  0  5 1.00
111 113  0  5 1.00
111 114  0  5 1.00
111 115  0  5 1.00
112 113  0  5 1.00
112 114  0  5 1.00
112 115  0  5 1.00
112 116  0  5 1.00
112 117  0  5 1.00
113 114  0  5 1.00
113 115  0  5 1.00
113 116  0  5 1.00
113 117  0  5 1.00
113 161  0  5 1.00
114 115  0  5 1.00
114 116  0  5 1.00
114 117  0  5 1.00
115 116  0  5 1.00
115 117  0  5 1.00
116 117  0  5 1.00
116 118  0  5 1.00
116 119  0  5 1.00
116 120  0  5 1.00
117 118  0  5 1.00
117 119  0  5 1.00
118 119  0  5 1.00
118 120  0  5 1.00
119 120  0  5 1.00
119 121  0  5 1.00
120 121  0  5 1.00
120 122  0  5 1.00
120 164  0  5 1.00
120 165  0  5 1.00
120 166  0  5 1.00
121 122  0  5 1.00
121 123  0  5 1.00
121 165  0  5 1.00
121 166  0  5 1.00
122 123  0  5 1.00
122 124  0  5 1.00
122 166  0  5 1.00
123 124  0  5 1.00
123 125  0  5 1.00
123 166  0  5 1.00
123 167  0  5 1.00
123 168  0  5 1.00
124 125  0  5 1.00
124 126  0  5 1.00
124 168  0  5 1.00
125 126  0  5 1.00
125 127  0  5 1.00
125 168  0  5 1.00
126 127  0  5 1.00
126 128  0  5 1.00
126 168  0  5 1.00
126 169  0  5 1.00
126 170  0  5 1.00
127 128  0  5 1.00
127 129  0  5 1.00
127 170  0  5 1.00
128 129  0  5 1.00
128 130  0  5 1.00
128 170  0  5 1.00
128 171  0  5 1.00
129 130  0  5 1.00
129 131  0  5 1.00
129 137  0  5 1.00
129 138  0  5 1.00
129 139  0  5 1.00
129 170  0  5 1.00
130 131  0  5 1.00
130 132  0  5 1.00
130 137  0  5 1.00
130 138  0  5 1.00
130 139  0  5 1.00
131 132  0  5 1.00
131 133  0  5 1.00
131 137  0  5 1.00
131 138  0  5 1.00
131 139  0  5 1.00
131 181  0  5 1.00
132 133  0  5 1.00
132 134  0  5 1.00
133 134  0  5 1.00
133 135  0  5 1.00
134 135  0  5 1.00
134 136  0  5 1.00
134 180  0  5 1.00
135 136  0  5 1.00
135 137  0  5 1.00
136 137  0  5 1.00
136 138  0  5 1.00
136 180  0  5 1.00
136 181  0  5 1.00
136 184  0  5 1.00
137 138  0  5 1.00
137 139  0  5 1.00
138 139  0  5 1.00
138 140  0  5 1.00
139 140  0  5 1.00
139 141  0  5 1.00
139 144  0  5 1.00
140 141  0  5 1.00
140 142  0  5 1.00
141 142  0  5 1.00
141 143  0  5 1.00
141 144  0  5 1.00
141 145  0  5 1.00
142 143  0  5 1.00
142 144  0  5 1.00
142 145  0  5 1.00
142 146  0  5 1.00
143 144  0  5 1.00
143 145  0  5 1.00
143 146  0  5 1.00
143 147  0  5 1.00
144 145  0  5 1.00
144 146  0  5 1.00
144 147  0  5 1.00
144 148  0  5 1.00
145 146  0  5 1.00
145 147  0  5 1.00
146 147  0  5 1.00
146 148  0  5 1.00
147 148  0  5 1.00
147 149  0  5 1.00
147 150  0  5 1.00
148 149  0  5 1.00
148 150  0  5 1.00
148 151  0  5 1.00
149 150  0  5 1.00
149 151  0  5 1.00
149 152  0  5 1.00
149 153  0  5 1.00
150 151  0  5 1.00
150 152  0  5 1.00
150 153  0  5 1.00
150 154  0  5 1.00
150 155  0  5 1.00
151 152  0  5 1.00
151 153  0  5 1.00
151 154  0  5 1.00
151 155  0  5 1.00
152 153  0  5 1.00
152 154  0  5 1.00
152 155  0  5 1.00
152 156  0  5 1.00
152 157  0  5 1.00
153 154  0  5 1.00
153 155  0  5 1.00
153 156  0  5 1.00
153 157  0  5 1.00
153 158  0  5 1.00
154 155  0  5 1.00
154 156  0  5 1.00
154 157  0  5 1.00
154 158  0  5 1.00
155 156  0  5 1.00
155 157  0  5 1.00
155 158  0  5 1.00
155 159  0  5 1.00
155 198  0  5 1.00
156 157  0  5 1.00
156 158  0  5 1.00
156 159  0  5 1.00
156 160  0  5 1.00
157 158  0  5 1.00
157 159  0  5 1.00
157 160  0  5 1.00
157 161  0  5 1.00
158 159  0  5 1.00
158 160  0  5 1.00
158 161  0  5 1.00
158 162  0  5 1.00
158 163  0  5 1.00
159 160  0  5 1.00
159 161  0  5 1.00
159 162  0  5 1.00
159 163  0  5 1.00
160 161  0  5 1.00
160 162  0  5 1.00
160 163  0  5 1.00
161 162  0  5 1.00
161 163  0  5 1.00
162 163  0  5 1.00
162 164  0  5 1.00
162 165  0  5 1.00
163 164  0  5 1.00
163 165  0  5 1.00
164 165  0  5 1.00
164 166  0  5 1.00
165 166  0  5 1.00
165 167  0  5 1.00
166 167  0  5 1.00
166 168  0  5 1.00
167 168  0  5 1.00
167 169  0  5 1.00
167 199  0  5 1.00
167 200  0  5 1.00
167 201  0  5 1.00
168 169  0  5 1.00
168 170  0  5 1.00
168 201  0  5 1.00
168 202  0  5 1.00
169 170  0  5 1.00
169 171  0  5 1.00
169 201  0  5 1.00
169 202  0  5 1.00
169 203  0  5 1.00
170 171  0  5 1.00
170 172  0  5 1.00
170 203  0  5 1.00
171 172  0  5 1.00
171 173  0  5 1.00
171 203  0  5 1.00
171 204  0  5 1.00
171 205  0  5 1.00
171 206  0  5 1.00
172 173  0  5 1.00
172 174  0  5 1.00
173 174  0  5 1.00
173 175  0  5 1.00
173 181  0  5 1.00
173 182  0  5 1.00
174 175  0  5 1.00
174 176  0  5 1.00
174 182  0  5 1.00
175 176  0  5 1.00
175 177  0  5 1.00
175 217  0  5 1.00
175 218  0  5 1.00
175 221  0  5 1.00
176 177  0  5 1.00
176 178  0  5 1.00
176 179  0  5 1.00
176 182  0  5 1.00
177 178  0  5 1.00
177 179  0  5 1.00
177 217  0  5 1.00
178 179  0  5 1.00
178 180  0  5 1.00
179 180  0  5 1.00
179 181  0  5 1.00
179 182  0  5 1.00
179 183  0  5 1.00
180 181  0  5 1.00
180 182  0  5 1.00
180 183  0  5 1.00
180 184  0  5 1.00
181 182  0  5 1.00
181 183  0  5 1.00
181 184  0  5 1.00
181 185  0  5 1.00
182 183  0  5 1.00
182 184  0  5 1.00
182 185  0  5 1.00
182 186  0  5 1.00
183 184  0  5 1.00
183 185  0  5 1.00
183 186  0  5 1.00
183 187  0  5 1.00
183 188  0  5 1.00
184 185  0  5 1.00
184 186  0  5 1.00
184 187  0  5 1.00
184 188  0  5 1.00
185 186  0  5 1.00
185 187  0  5 1.00
185 188  0  5 1.00
185 189  0  5 1.00
185 190  0  5 1.00
186 187  0  5 1.00
186 188  0  5 1.00
186 189  0  5 1.00
186 190  0  5 1.00
186 191  0  5 1.00
187 188  0  5 1.00
187 189  0  5 1.00
187 190  0  5 1.00
187 191  0  5 1.00
187 192  0  5 1.00
188 189  0  5 1.00
188 190  0  5 1.00
188 191  0  5 1.00
188 192  0  5 1.00
189 190  0  5 1.00
189 191  0  5 1.00
189 192  0  5 1.00
189 193  0  5 1.00
190 191  0  5 1.00
190 192  0  5 1.00
190 193  0  5 1.00
190 194  0  5 1.00
191 192  0  5 1.00
191 193  0  5 1.00
191 194  0  5 1.00
191 195  0  5 1.00
191 196  0  5 1.00
192 193  0  5 1.00
192 194  0  5 1.00
192 195  0  5 1.00
192 196  0  5 1.00
192 197  0  5 1.00
193 194  0  5 1.00
193 195  0  5 1.00
193 196  0  5 1.00
193 197  0  5 1.00
194 195  0  5 1.00
194 196  0  5 1.00
195 196  0  5 1.00
195 197  0  5 1.00
196 197  0  5 1.00
196 198  0  5 1.00
197 198  0  5 1.00
197 199  0  5 1.00
198 199  0  5 1.00
198 200  0  5 1.00
199 200  0  5 1.00
199 201  0  5 1.00
200 201  0  5 1.00
200 202  0  5 1.00
200 229  0  5 1.00
200 230  0  5 1.00
200 231  0  5 1.00
201 202  0  5 1.00
201 203  0  5 1.00
201 230  0  5 1.00
201 231  0  5 1.00
202 203  0  5 1.00
202 204  0  5 1.00
202 231  0  5 1.00
202 232  0  5 1.00
202 233  0  5 1.00
203 204  0  5 1.00
203 205  0  5 1.00
203 233  0  5 1.00
203 235  0  5 1.00
204 205  0  5 1.00
204 206  0  5 1.00
204 233  0  5 1.00
204 234  0  5 1.00
204 235  0  5 1.00
204 236  0  5 1.00
205 206  0  5 1.00
205 207  0  5 1.00
205 235  0  5 1.00
205 236  0  5 1.00
205 237  0  5 1.00
206 207  0  5 1.00
206 208  0  5 1.00
206 236  0  5 1.00
206 237  0  5 1.00
206 238  0  5 1.00
207 208  0  5 1.00
207 209  0  5 1.00
207 212  0  5 1.00
207 236  0  5 1.00
207 238  0  5 1.00
208 209  0  5 1.00
208 210  0  5 1.00
208 212  0  5 1.00
208 214  0  5 1.00
208 238  0  5 1.00
208 239  0  5 1.00
208 240  0  5 1.00
209 210  0  5 1.00
209 211  0  5 1.00
209 212  0  5 1.00
209 213  0  5 1.00
209 240  0  5 1.00
210 211  0  5 1.00
210 212  0  5 1.00
210 213  0  5 1.00
211 212  0  5 1.00
211 213  0  5 1.00
212 213  0  5 1.00
212 214  0  5 1.00
213 214  0  5 1.00
213 215  0  5 1.00
214 215  0  5 1.00
214 216  0  5 1.00
215 216  0  5 1.00
215 217  0  5 1.00
215 218  0  5 1.00
215 219  0  5 1.00
216 217  0  5 1.00
216 218  0  5 1.00
216 219  0  5 1.00
216 220  0  5 1.00
217 218  0  5 1.00
217 219  0  5 1.00
217 220  0  5 1.00
217 221  0  5 1.00
218 219  0  5 1.00
218 220  0  5 1.00
218 221  0  5 1.00
218 222  0  5 1.00
219 220  0  5 1.00
219 221  0  5 1.00
219 222  0  5 1.00
219 223  0  5 1.00
219 224  0  5 1.00
219 253  0  5 1.00
220 221  0  5 1.00
220 222  0  5 1.00
220 223  0  5 1.00
220 224  0  5 1.00
221 222  0  5 1.00
221 223  0  5 1.00
221 224  0  5 1.00
221 225  0  5 1.00
221 226  0  5 1.00
222 223  0  5 1.00
222 224  0  5 1.00
222 225  0  5 1.00
222 226  0  5 1.00
222 227  0  5 1.00
223 224  0  5 1.00
223 225  0  5 1.00
223 226  0  5 1.00
223 227  0  5 1.00
224 225  0  5 1.00
224 226  0  5 1.00
224 227  0  5 1.00
224 228  0  5 1.00
225 226  0  5 1.00
225 227  0  5 1.00
225 228  0  5 1.00
225 229  0  5 1.00
225 230  0  5 1.00
226 227  0  5 1.00
226 228  0  5 1.00
226 229  0  5 1.00
226 230  0  5 1.00
227 228  0  5 1.00
227 229  0  5 1.00
228 229  0  5 1.00
228 230  0  5 1.00
229 230  0  5 1.00
229 231  0  5 1.00
230 231  0  5 1.00
230 232  0  5 1.00
231 232  0  5 1.00
231 233  0  5 1.00
231 259  0  5 1.00
232 233  0  5 1.00
232 234  0  5 1.00
232 259  0  5 1.00
232 260  0  5 1.00
232 261  0  5 1.00
232 262  0  5 1.00
233 234  0  5 1.00
233 235  0  5 1.00
233 261  0  5 1.00
233 262  0  5 1.00
234 235  0  5 1.00
234 236  0  5 1.00
234 262  0  5 1.00
234 263  0  5 1.00
234 264  0  5 1.00
235 236  0  5 1.00
235 237  0  5 1.00
235 264  0  5 1.00
235 265  0  5 1.00
236 237  0  5 1.00
236 238  0  5 1.00
236 264  0  5 1.00
236 265  0  5 1.00
236 266  0  5 1.00
237 238  0  5 1.00
237 239  0  5 1.00
237 264  0  5 1.00
237 265  0  5 1.00
237 266  0  5 1.00
238 239  0  5 1.00
238 240  0  5 1.00
238 266  0  5 1.00
238 280  0  5 1.00
239 240  0  5 1.00
239 241  0  5 1.00
239 242  0  5 1.00
239 243  0  5 1.00
239 278  0  5 1.00
239 279  0  5 1.00
239 280  0  5 1.00
239 281  0  5 1.00
240 241  0  5 1.00
240 242  0  5 1.00
240 243  0  5 1.00
240 278  0  5 1.00
240 279  0  5 1.00
240 280  0  5 1.00
241 242  0  5 1.00
241 243  0  5 1.00
241 278  0  5 1.00
241 279  0  5 1.00
241 280  0  5 1.00
242 243  0  5 1.00
242 244  0  5 1.00
242 278  0  5 1.00
242 279  0  5 1.00
242 280  0  5 1.00
242 281  0  5 1.00
242 292  0  5 1.00
242 354  0  5 1.00
243 244  0  5 1.00
243 245  0  5 1.00
243 246  0  5 1.00
243 247  0  5 1.00
243 248  0  5 1.00
243 354  0  5 1.00
244 245  0  5 1.00
244 246  0  5 1.00
244 247  0  5 1.00
244 248  0  5 1.00
244 249  0  5 1.00
244 292  0  5 1.00
244 295  0  5 1.00
244 354  0  5 1.00
245 246  0  5 1.00
245 247  0  5 1.00
245 248  0  5 1.00
245 249  0  5 1.00
245 250  0  5 1.00
245 354  0  5 1.00
246 247  0  5 1.00
246 248  0  5 1.00
246 249  0  5 1.00
246 250  0  5 1.00
246 251  0  5 1.00
247 248  0  5 1.00
247 249  0  5 1.00
247 250  0  5 1.00
247 251  0  5 1.00
248 249  0  5 1.00
248 250  0  5 1.00
248 251  0  5 1.00
248 252  0  5 1.00
248 295  0  5 1.00
249 250  0  5 1.00
249 251  0  5 1.00
249 252  0  5 1.00
249 253  0  5 1.00
250 251  0  5 1.00
250 252  0  5 1.00
250 253  0  5 1.00
250 254  0  5 1.00
251 252  0  5 1.00
251 253  0  5 1.00
251 254  0  5 1.00
251 255  0  5 1.00
252 253  0  5 1.00
252 254  0  5 1.00
252 255  0  5 1.00
252 256  0  5 1.00
253 254  0  5 1.00
253 255  0  5 1.00
253 256  0  5 1.00
253 257  0  5 1.00
254 255  0  5 1.00
254 256  0  5 1.00
254 257  0  5 1.00
254 258  0  5 1.00
254 260  0  5 1.00
255 256  0  5 1.00
255 257  0  5 1.00
256 257  0  5 1.00
256 258  0  5 1.00
257 258  0  5 1.00
257 259  0  5 1.00
257 260  0  5 1.00
258 259  0  5 1.00
258 260  0  5 1.00
259 260  0  5 1.00
259 261  0  5 1.00
260 261  0  5 1.00
260 262  0  5 1.00
261 262  0  5 1.00
261 263  0  5 1.00
262 263  0  5 1.00
262 264  0  5 1.00
263 264  0  5 1.00
263 265  0  5 1.00
264 265  0  5 1.00
264 266  0  5 1.00
265 266  0  5 1.00
265 267  0  5 1.00
266 267  0  5 1.00
266 268  0  5 1.00
266 273  0  5 1.00
267 268  0  5 1.00
267 269  0  5 1.00
268 269  0  5 1.00
268 270  0  5 1.00
268 282  0  5 1.00
268 283  0  5 1.00
269 270  0  5 1.00
269 271  0  5 1.00
269 272  0  5 1.00
269 273  0  5 1.00
269 283  0  5 1.00
269 284  0  5 1.00
270 271  0  5 1.00
270 272  0  5 1.00
270 273  0  5 1.00
270 276  0  5 1.00
270 283  0  5 1.00
270 284  0  5 1.00
270 285  0  5 1.00
271 272  0  5 1.00
271 273  0  5 1.00
271 285  0  5 1.00
272 273  0  5 1.00
272 274  0  5 1.00
273 274  0  5 1.00
273 275  0  5 1.00
273 276  0  5 1.00
274 275  0  5 1.00
274 276  0  5 1.00
275 276  0  5 1.00
275 277  0  5 1.00
275 278  0  5 1.00
275 279  0  5 1.00
275 280  0  5 1.00
276 277  0  5 1.00
276 278  0  5 1.00
276 279  0  5 1.00
277 278  0  5 1.00
277 279  0  5 1.00
278 279  0  5 1.00
278 280  0  5 1.00
279 280  0  5 1.00
279 281  0  5 1.00
280 281  0  5 1.00
280 282  0  5 1.00
281 282  0  5 1.00
281 283  0  5 1.00
282 283  0  5 1.00
282 284  0  5 1.00
282 288  0  5 1.00
282 289  0  5 1.00
282 290  0  5 1.00
282 293  0  5 1.00
283 284  0  5 1.00
283 285  0  5 1.00
283 288  0  5 1.00
283 289  0  5 1.00
283 290  0  5 1.00
284 285  0  5 1.00
284 286  0  5 1.00
284 287  0  5 1.00
284 288  0  5 1.00
285 286  0  5 1.00
285 287  0  5 1.00
286 287  0  5 1.00
286 288  0  5 1.00
287 288  0  5 1.00
287 289  0  5 1.00
288 289  0  5 1.00
288 290  0  5 1.00
288 401  0  5 1.00
289 290  0  5 1.00
289 291  0  5 1.00
289 401  0  5 1.00
290 291  0  5 1.00
290 292  0  5 1.00
290 293  0  5 1.00
290 294  0  5 1.00
291 292  0  5 1.00
291 293  0  5 1.00
291 294  0  5 1.00
291 295  0  5 1.00
291 390  0  5 1.00
291 391  0  5 1.00
292 293  0  5 1.00
292 294  0  5 1.00
292 295  0  5 1.00
292 296  0  5 1.00
292 297  0  5 1.00
293 294  0  5 1.00
293 295  0  5 1.00
293 296  0  5 1.00
293 297  0  5 1.00
293 298  0  5 1.00
294 295  0  5 1.00
294 296  0  5 1.00
294 297  0  5 1.00
294 298  0  5 1.00
294 299  0  5 1.00
295 296  0  5 1.00
295 297  0  5 1.00
295 298  0  5 1.00
295 299  0  5 1.00
296 297  0  5 1.00
296 298  0  5 1.00
296 299  0  5 1.00
296 300  0  5 1.00
296 301  0  5 1.00
297 298  0  5 1.00
297 299  0  5 1.00
297 300  0  5 1.00
297 301  0  5 1.00
298 299  0  5 1.00
298 300  0  5 1.00
298 301  0  5 1.00
298 302  0  5 1.00
298 303  0  5 1.00
299 300  0  5 1.00
299 301  0  5 1.00
299 302  0  5 1.00
299 303  0  5 1.00
300 301  0  5 1.00
300 302  0  5 1.00
301 302  0  5 1.00
301 303  0  5 1.00
302 303  0  5 1.00
311 312  0  5 1.00
311 313  0  5 1.00
312 313  0  5 1.00
312 314  0  5 1.00
312 350  0  5 1.00
312 351  0  5 1.00
312 436  0  5 1.00
313 314  0  5 1.00
313 315  0  5 1.00
313 348  0  5 1.00
313 349  0  5 1.00
313 350  0  5 1.00
313 351  0  5 1.00
313 436  0  5 1.00
314 315  0  5 1.00
314 316  0  5 1.00
314 348  0  5 1.00
314 349  0  5 1.00
314 350  0  5 1.00
314 434  0  5 1.00
314 435  0  5 1.00
314 436  0  5 1.00
315 316  0  5 1.00
315 317  0  5 1.00
315 322  0  5 1.00
315 323  0  5 1.00
315 324  0  5 1.00
315 348  0  5 1.00
315 434  0  5 1.00
315 435  0  5 1.00
316 317  0  5 1.00
316 318  0  5 1.00
316 322  0  5 1.00
316 323  0  5 1.00
316 324  0  5 1.00
316 432  0  5 1.00
316 433  0  5 1.00
316 434  0  5 1.00
316 435  0  5 1.00
317 318  0  5 1.00
317 319  0  5 1.00
317 320  0  5 1.00
317 321  0  5 1.00
317 322  0  5 1.00
317 323  0  5 1.00
317 429  0  5 1.00
317 432  0  5 1.00
317 433  0  5 1.00
318 319  0  5 1.00
318 320  0  5 1.00
318 321  0  5 1.00
318 429  0  5 1.00
318 432  0  5 1.00
318 433  0  5 1.00
319 320  0  5 1.00
319 321  0  5 1.00
319 429  0  5 1.00
319 430  0  5 1.00
319 432  0  5 1.00
320 321  0  5 1.00
320 322  0  5 1.00
320 414  0  5 1.00
320 429  0  5 1.00
321 322  0  5 1.00
321 323  0  5 1.00
322 323  0  5 1.00
322 324  0  5 1.00
322 340  0  5 1.00
322 341  0  5 1.00
322 342  0  5 1.00
323 324  0  5 1.00
323 325  0  5 1.00
323 338  0  5 1.00
323 339  0  5 1.00
323 340  0  5 1.00
323 341  0  5 1.00
323 342  0  5 1.00
324 325  0  5 1.00
324 326  0  5 1.00
324 338  0  5 1.00
324 347  0  5 1.00
324 348  0  5 1.00
325 326  0  5 1.00
325 327  0  5 1.00
325 336  0  5 1.00
325 337  0  5 1.00
325 338  0  5 1.00
325 339  0  5 1.00
325 340  0  5 1.00
325 347  0  5 1.00
325 348  0  5 1.00
326 327  0  5 1.00
326 328  0  5 1.00
326 329  0  5 1.00
326 330  0  5 1.00
326 337  0  5 1.00
326 338  0  5 1.00
326 347  0  5 1.00
327 328  0  5 1.00
327 329  0  5 1.00
327 330  0  5 1.00
327 336  0  5 1.00
328 329  0  5 1.00
328 330  0  5 1.00
329 330  0  5 1.00
329 331  0  5 1.00
330 331  0  5 1.00
330 332  0  5 1.00
331 332  0  5 1.00
331 333  0  5 1.00
332 333  0  5 1.00
332 334  0  5 1.00
332 335  0  5 1.00
332 379  0  5 1.00
333 334  0  5 1.00
333 335  0  5 1.00
333 379  0  5 1.00
333 380  0  5 1.00
334 335  0  5 1.00
334 336  0  5 1.00
334 379  0  5 1.00
334 380  0  5 1.00
335 336  0  5 1.00
335 337  0  5 1.00
335 377  0  5 1.00
335 378  0  5 1.00
335 379  0  5 1.00
336 337  0  5 1.00
336 338  0  5 1.00
336 377  0  5 1.00
336 378  0  5 1.00
337 338  0  5 1.00
337 339  0  5 1.00
337 377  0  5 1.00
337 378  0  5 1.00
337 418  0  5 1.00
337 419  0  5 1.00
337 420  0  5 1.00
338 339  0  5 1.00
338 340  0  5 1.00
338 418  0  5 1.00
338 419  0  5 1.00
338 420  0  5 1.00
339 340  0  5 1.00
339 341  0  5 1.00
339 415  0  5 1.00
339 416  0  5 1.00
339 417  0  5 1.00
339 418  0  5 1.00
340 341  0  5 1.00
340 342  0  5 1.00
340 416  0  5 1.00
341 342  0  5 1.00
341 343  0  5 1.00
342 343  0  5 1.00
342 344  0  5 1.00
343 344  0  5 1.00
343 345  0  5 1.00
344 345  0  5 1.00
344 346  0  5 1.00
345 346  0  5 1.00
345 347  0  5 1.00
345 348  0  5 1.00
345 349  0  5 1.00
346 347  0  5 1.00
346 348  0  5 1.00
346 349  0  5 1.00
346 361  0  5 1.00
347 348  0  5 1.00
347 349  0  5 1.00
348 349  0  5 1.00
348 350  0  5 1.00
349 350  0  5 1.00
349 351  0  5 1.00
349 359  0  5 1.00
349 360  0  5 1.00
349 361  0  5 1.00
350 351  0  5 1.00
350 352  0  5 1.00
350 359  0  5 1.00
351 352  0  5 1.00
351 353  0  5 1.00
351 357  0  5 1.00
351 358  0  5 1.00
351 359  0  5 1.00
352 353  0  5 1.00
352 354  0  5 1.00
352 357  0  5 1.00
352 358  0  5 1.00
353 354  0  5 1.00
353 355  0  5 1.00
353 356  0  5 1.00
353 357  0  5 1.00
354 355  0  5 1.00
354 356  0  5 1.00
355 356  0  5 1.00
355 357  0  5 1.00
355 389  0  5 1.00
356 357  0  5 1.00
356 358  0  5 1.00
356 388  0  5 1.00
356 389  0  5 1.00
356 390  0  5 1.00
357 358  0  5 1.00
357 359  0  5 1.00
357 388  0  5 1.00
357 389  0  5 1.00
357 390  0  5 1.00
358 359  0  5 1.00
358 360  0  5 1.00
358 364  0  5 1.00
358 365  0  5 1.00
358 366  0  5 1.00
358 388  0  5 1.00
359 360  0  5 1.00
359 361  0  5 1.00
359 362  0  5 1.00
359 364  0  5 1.00
359 365  0  5 1.00
360 361  0  5 1.00
360 362  0  5 1.00
360 363  0  5 1.00
360 364  0  5 1.00
360 365  0  5 1.00
361 362  0  5 1.00
361 363  0  5 1.00
361 364  0  5 1.00
362 363  0  5 1.00
362 364  0  5 1.00
363 364  0  5 1.00
363 365  0  5 1.00
363 380  0  5 1.00
363 381  0  5 1.00
363 382  0  5 1.00
364 365  0  5 1.00
364 366  0  5 1.00
364 380  0  5 1.00
364 381  0  5 1.00
364 382  0  5 1.00
365 366  0  5 1.00
365 367  0  5 1.00
365 378  0  5 1.00
365 379  0  5 1.00
365 380  0  5 1.00
365 381  0  5 1.00
365 382  0  5 1.00
366 367  0  5 1.00
366 368  0  5 1.00
366 378  0  5 1.00
366 379  0  5 1.00
366 387  0  5 1.00
366 388  0  5 1.00
367 368  0  5 1.00
367 369  0  5 1.00
367 376  0  5 1.00
367 377  0  5 1.00
367 378  0  5 1.00
367 379  0  5 1.00
367 380  0  5 1.00
367 387  0  5 1.00
367 388  0  5 1.00
368 369  0  5 1.00
368 370  0  5 1.00
368 376  0  5 1.00
368 377  0  5 1.00
368 378  0  5 1.00
368 387  0  5 1.00
369 370  0  5 1.00
369 371  0  5 1.00
369 376  0  5 1.00
370 371  0  5 1.00
370 372  0  5 1.00
371 372  0  5 1.00
371 373  0  5 1.00
371 403  0  5 1.00
372 373  0  5 1.00
372 374  0  5 1.00
372 375  0  5 1.00
372 422  0  5 1.00
373 374  0  5 1.00
373 375  0  5 1.00
373 422  0  5 1.00
373 423  0  5 1.00
374 375  0  5 1.00
374 376  0  5 1.00
374 422  0  5 1.00
375 376  0  5 1.00
375 377  0  5 1.00
375 420  0  5 1.00
375 421  0  5 1.00
375 422  0  5 1.00
376 377  0  5 1.00
376 378  0  5 1.00
376 420  0  5 1.00
376 421  0  5 1.00
377 378  0  5 1.00
377 379  0  5 1.00
377 420  0  5 1.00
377 421  0  5 1.00
378 379  0  5 1.00
378 380  0  5 1.00
379 380  0  5 1.00
379 381  0  5 1.00
380 381  0  5 1.00
380 382  0  5 1.00
381 382  0  5 1.00
381 383  0  5 1.00
382 383  0  5 1.00
382 384  0  5 1.00
383 384  0  5 1.00
383 385  0  5 1.00
384 385  0  5 1.00
384 386  0  5 1.00
385 386  0  5 1.00
385 387  0  5 1.00
385 388  0  5 1.00
385 389  0  5 1.00
386 387  0  5 1.00
386 388  0  5 1.00
386 389  0  5 1.00
386 401  0  5 1.00
386 402  0  5 1.00
387 388  0  5 1.00
387 389  0  5 1.00
387 402  0  5 1.00
388 389  0  5 1.00
388 390  0  5 1.00
389 390  0  5 1.00
389 391  0  5 1.00
389 399  0  5 1.00
389 400  0  5 1.00
389 401  0  5 1.00
389 402  0  5 1.00
390 391  0  5 1.00
390 392  0  5 1.00
390 399  0  5 1.00
390 400  0  5 1.00
390 401  0  5 1.00
391 392  0  5 1.00
391 393  0  5 1.00
391 397  0  5 1.00
391 398  0  5 1.00
391 399  0  5 1.00
391 400  0  5 1.00
392 393  0  5 1.00
392 394  0  5 1.00
392 397  0  5 1.00
392 398  0  5 1.00
393 394  0  5 1.00
393 395  0  5 1.00
393 396  0  5 1.00
393 397  0  5 1.00
393 398  0  5 1.00
394 395  0  5 1.00
394 396  0  5 1.00
395 396  0  5 1.00
395 397  0  5 1.00
395 432  0  5 1.00
396 397  0  5 1.00
396 398  0  5 1.00
396 431  0  5 1.00
396 432  0  5 1.00
396 433  0  5 1.00
397 398  0  5 1.00
397 399  0  5 1.00
397 431  0  5 1.00
397 432  0  5 1.00
397 433  0  5 1.00
398 399  0  5 1.00
398 400  0  5 1.00
398 405  0  5 1.00
398 406  0  5 1.00
398 407  0  5 1.00
398 431  0  5 1.00
399 400  0  5 1.00
399 401  0  5 1.00
399 405  0  5 1.00
399 406  0  5 1.00
400 401  0  5 1.00
400 402  0  5 1.00
400 403  0  5 1.00
400 404  0  5 1.00
400 405  0  5 1.00
400 406  0  5 1.00
401 402  0  5 1.00
401 403  0  5 1.00
401 404  0  5 1.00
402 403  0  5 1.00
402 404  0  5 1.00
403 404  0  5 1.00
403 405  0  5 1.00
404 405  0  5 1.00
404 406  0  5 1.00
405 406  0  5 1.00
405 407  0  5 1.00
405 423  0  5 1.00
406 407  0  5 1.00
406 408  0  5 1.00
406 421  0  5 1.00
406 422  0  5 1.00
406 423  0  5 1.00
406 424  0  5 1.00
406 425  0  5 1.00
407 408  0  5 1.00
407 409  0  5 1.00
407 421  0  5 1.00
407 430  0  5 1.00
407 431  0  5 1.00
408 409  0  5 1.00
408 410  0  5 1.00
408 419  0  5 1.00
408 420  0  5 1.00
408 421  0  5 1.00
408 422  0  5 1.00
408 430  0  5 1.00
408 431  0  5 1.00
409 410  0  5 1.00
409 411  0  5 1.00
409 412  0  5 1.00
409 413  0  5 1.00
409 419  0  5 1.00
409 420  0  5 1.00
409 421  0  5 1.00
409 430  0  5 1.00
410 411  0  5 1.00
410 412  0  5 1.00
410 413  0  5 1.00
410 419  0  5 1.00
410 420  0  5 1.00
410 421  0  5 1.00
411 412  0  5 1.00
411 413  0  5 1.00
412 413  0  5 1.00
412 414  0  5 1.00
413 414  0  5 1.00
413 415  0  5 1.00
414 415  0  5 1.00
414 416  0  5 1.00
415 416  0  5 1.00
415 417  0  5 1.00
415 418  0  5 1.00
416 417  0  5 1.00
416 418  0  5 1.00
417 418  0  5 1.00
417 419  0  5 1.00
418 419  0  5 1.00
418 420  0  5 1.00
419 420  0  5 1.00
419 421  0  5 1.00
420 421  0  5 1.00
420 422  0  5 1.00
421 422  0  5 1.00
421 423  0  5 1.00
422 423  0  5 1.00
422 424  0  5 1.00
423 424  0  5 1.00
423 425  0  5 1.00
424 425  0  5 1.00
424 426  0  5 1.00
425 426  0  5 1.00
425 427  0  5 1.00
426 427  0  5 1.00
426 428  0  5 1.00
427 428  0  5 1.00
427 429  0  5 1.00
428 429  0  5 1.00
428 430  0  5 1.00
428 431  0  5 1.00
428 432  0  5 1.00
429 430  0  5 1.00
429 431  0  5 1.00
429 432  0  5 1.00
430 431  0  5 1.00
430 432  0  5 1.00
431 432  0  5 1.00
431 433  0  5 1.00
432 433  0  5 1.00
432 434  0  5 1.00
433 434  0  5 1.00
433 435  0  5 1.00
434 435  0  5 1.00
434 436  0  5 1.00
435 436  0  5 1.00
END
HELX_P HELX_P1  AA1 THR A 4   ? GLN A 11  ? THR A 4   GLN A 11  1 ? 8  
HELX_P HELX_P2  AA2 ALA A 21  ? LEU A 25  ? ALA A 21  LEU A 25  5 ? 5  
HELX_P HELX_P3  AA3 ASP A 27  ? PHE A 38  ? ASP A 27  PHE A 38  1 ? 12 
HELX_P HELX_P4  AA4 LYS A 48  ? GLU A 53  ? LYS A 48  GLU A 53  1 ? 6  
HELX_P HELX_P5  AA5 PHE A 61  ? ASN A 74  ? PHE A 61  ASN A 74  1 ? 14 
HELX_P HELX_P6  AA6 PRO A 90  ? LEU A 96  ? PRO A 90  LEU A 96  1 ? 7  
HELX_P HELX_P7  AA7 SER A 97  ? LYS A 117 ? SER A 97  LYS A 117 1 ? 21 
HELX_P HELX_P8  AA8 LEU A 143 ? ASN A 148 ? LEU A 143 ASN A 148 5 ? 6  
HELX_P HELX_P9  AA9 ASP A 149 ? ASP A 162 ? ASP A 149 ASP A 162 1 ? 14 
HELX_P HELX_P10 AB1 TRP A 179 ? GLY A 196 ? TRP A 179 GLY A 196 1 ? 18 
HELX_P HELX_P11 AB2 SER A 216 ? LEU A 228 ? SER A 216 LEU A 228 1 ? 13 
HELX_P HELX_P12 AB3 SER A 243 ? ALA A 256 ? SER A 243 ALA A 256 1 ? 14 
HELX_P HELX_P13 AB4 ARG A 269 ? SER A 273 ? ARG A 269 SER A 273 5 ? 5  
HELX_P HELX_P14 AB5 ARG A 275 ? THR A 279 ? ARG A 275 THR A 279 5 ? 5  
HELX_P HELX_P15 AB6 LYS A 290 ? ASN A 301 ? LYS A 290 ASN A 301 1 ? 12 
HELX_P HELX_P16 AB7 VAL A 326 ? SER A 330 ? VAL A 326 SER A 330 5 ? 5  
HELX_P HELX_P17 AB8 ALA A 345 ? GLN A 349 ? ALA A 345 GLN A 349 5 ? 5  
HELX_P HELX_P18 AB9 GLY A 385 ? GLN A 388 ? GLY A 385 GLN A 388 5 ? 4  
HELX_P HELX_P19 AC1 GLY A 411 ? GLY A 413 ? GLY A 411 GLY A 413 5 ? 3  