5lg6 968
 41  42  0  5 1.00
 41  43  0  5 1.00
 42  43  0  5 1.00
 42  44  0  5 1.00
 43  44  0  5 1.00
 43  45  0  5 1.00
 44  45  0  5 1.00
 44  46  0  5 1.00
 44  47  0  5 1.00
 44  50  0  5 1.00
 45  46  0  5 1.00
 45  47  0  5 1.00
 45  48  0  5 1.00
 46  47  0  5 1.00
 46  48  0  5 1.00
 47  48  0  5 1.00
 47  49  0  5 1.00
 47  50  0  5 1.00
 47  51  0  5 1.00
 48  49  0  5 1.00
 48  50  0  5 1.00
 48  51  0  5 1.00
 48  53  0  5 1.00
 49  50  0  5 1.00
 49  51  0  5 1.00
 50  51  0  5 1.00
 50  52  0  5 1.00
 51  52  0  5 1.00
 51  53  0  5 1.00
 52  53  0  5 1.00
 52  54  0  5 1.00
 52 440  0  5 1.00
 53  54  0  5 1.00
 53  55  0  5 1.00
 54  55  0  5 1.00
 54  56  0  5 1.00
 55  56  0  5 1.00
 55  57  0  5 1.00
 55  58  0  5 1.00
 56  57  0  5 1.00
 56  58  0  5 1.00
 57  58  0  5 1.00
 57  59  0  5 1.00
 57  90  0  5 1.00
 57  91  0  5 1.00
 57  92  0  5 1.00
 57  93  0  5 1.00
 58  59  0  5 1.00
 58  60  0  5 1.00
 58  90  0  5 1.00
 58  91  0  5 1.00
 58  92  0  5 1.00
 59  60  0  5 1.00
 59  61  0  5 1.00
 59  88  0  5 1.00
 59  89  0  5 1.00
 59  90  0  5 1.00
 60  61  0  5 1.00
 60  62  0  5 1.00
 60  88  0  5 1.00
 60  89  0  5 1.00
 60  90  0  5 1.00
 60 207  0  5 1.00
 60 208  0  5 1.00
 61  62  0  5 1.00
 61  63  0  5 1.00
 61  88  0  5 1.00
 61  89  0  5 1.00
 61 207  0  5 1.00
 61 208  0  5 1.00
 61 209  0  5 1.00
 62  63  0  5 1.00
 62  64  0  5 1.00
 62  86  0  5 1.00
 62  87  0  5 1.00
 62  88  0  5 1.00
 62 209  0  5 1.00
 63  64  0  5 1.00
 63  65  0  5 1.00
 63  86  0  5 1.00
 63  87  0  5 1.00
 63  88  0  5 1.00
 63 209  0  5 1.00
 63 210  0  5 1.00
 63 211  0  5 1.00
 64  65  0  5 1.00
 64  66  0  5 1.00
 64  84  0  5 1.00
 64  85  0  5 1.00
 64  86  0  5 1.00
 64 211  0  5 1.00
 65  66  0  5 1.00
 65  67  0  5 1.00
 65  84  0  5 1.00
 65  85  0  5 1.00
 65 211  0  5 1.00
 65 212  0  5 1.00
 65 213  0  5 1.00
 66  67  0  5 1.00
 66  68  0  5 1.00
 66  82  0  5 1.00
 66  83  0  5 1.00
 66  84  0  5 1.00
 66  85  0  5 1.00
 66 213  0  5 1.00
 67  68  0  5 1.00
 67  69  0  5 1.00
 67  82  0  5 1.00
 67  83  0  5 1.00
 67 213  0  5 1.00
 67 214  0  5 1.00
 67 215  0  5 1.00
 68  69  0  5 1.00
 68  70  0  5 1.00
 68  80  0  5 1.00
 68  81  0  5 1.00
 68  82  0  5 1.00
 68 215  0  5 1.00
 69  70  0  5 1.00
 69  71  0  5 1.00
 69  80  0  5 1.00
 69  81  0  5 1.00
 69  82  0  5 1.00
 69 215  0  5 1.00
 70  71  0  5 1.00
 70  72  0  5 1.00
 70  79  0  5 1.00
 70  80  0  5 1.00
 70  81  0  5 1.00
 71  72  0  5 1.00
 71  73  0  5 1.00
 72  73  0  5 1.00
 72  74  0  5 1.00
 72  78  0  5 1.00
 72  79  0  5 1.00
 73  74  0  5 1.00
 73  75  0  5 1.00
 73  77  0  5 1.00
 73  78  0  5 1.00
 73  79  0  5 1.00
 74  75  0  5 1.00
 74  76  0  5 1.00
 74  77  0  5 1.00
 74  78  0  5 1.00
 75  76  0  5 1.00
 75  77  0  5 1.00
 76  77  0  5 1.00
 76  78  0  5 1.00
 77  78  0  5 1.00
 77  79  0  5 1.00
 78  79  0  5 1.00
 78  80  0  5 1.00
 79  80  0  5 1.00
 79  81  0  5 1.00
 79 161  0  5 1.00
 79 162  0  5 1.00
 79 163  0  5 1.00
 80  81  0  5 1.00
 80  82  0  5 1.00
 80 161  0  5 1.00
 80 162  0  5 1.00
 80 163  0  5 1.00
 81  82  0  5 1.00
 81  83  0  5 1.00
 81 159  0  5 1.00
 81 160  0  5 1.00
 81 161  0  5 1.00
 81 162  0  5 1.00
 81 163  0  5 1.00
 82  83  0  5 1.00
 82  84  0  5 1.00
 82 159  0  5 1.00
 82 160  0  5 1.00
 83  84  0  5 1.00
 83  85  0  5 1.00
 83 157  0  5 1.00
 83 158  0  5 1.00
 83 159  0  5 1.00
 83 160  0  5 1.00
 84  85  0  5 1.00
 84  86  0  5 1.00
 84 157  0  5 1.00
 84 158  0  5 1.00
 85  86  0  5 1.00
 85  87  0  5 1.00
 85 156  0  5 1.00
 85 157  0  5 1.00
 86  87  0  5 1.00
 86  88  0  5 1.00
 86 156  0  5 1.00
 87  88  0  5 1.00
 87  89  0  5 1.00
 87 153  0  5 1.00
 87 154  0  5 1.00
 88  89  0  5 1.00
 88  90  0  5 1.00
 88 153  0  5 1.00
 88 154  0  5 1.00
 89  90  0  5 1.00
 89  91  0  5 1.00
 89 151  0  5 1.00
 89 153  0  5 1.00
 90  91  0  5 1.00
 90  92  0  5 1.00
 90 151  0  5 1.00
 91  92  0  5 1.00
 91  93  0  5 1.00
 91 148  0  5 1.00
 91 149  0  5 1.00
 91 150  0  5 1.00
 91 151  0  5 1.00
 92  93  0  5 1.00
 92  94  0  5 1.00
 92 149  0  5 1.00
 92 150  0  5 1.00
 93  94  0  5 1.00
 93  95  0  5 1.00
 93 147  0  5 1.00
 93 149  0  5 1.00
 94  95  0  5 1.00
 94  96  0  5 1.00
 94 147  0  5 1.00
 94 149  0  5 1.00
 95  96  0  5 1.00
 95  97  0  5 1.00
 95 145  0  5 1.00
 95 146  0  5 1.00
 95 147  0  5 1.00
 96  97  0  5 1.00
 96  98  0  5 1.00
 96 141  0  5 1.00
 96 142  0  5 1.00
 96 143  0  5 1.00
 96 145  0  5 1.00
 96 146  0  5 1.00
 96 147  0  5 1.00
 97  98  0  5 1.00
 97  99  0  5 1.00
 97 141  0  5 1.00
 97 142  0  5 1.00
 97 143  0  5 1.00
 98  99  0  5 1.00
 98 100  0  5 1.00
 98 139  0  5 1.00
 98 140  0  5 1.00
 98 141  0  5 1.00
 98 142  0  5 1.00
 99 100  0  5 1.00
 99 101  0  5 1.00
 99 139  0  5 1.00
 99 140  0  5 1.00
100 101  0  5 1.00
100 102  0  5 1.00
100 137  0  5 1.00
100 138  0  5 1.00
100 139  0  5 1.00
100 200  0  5 1.00
101 102  0  5 1.00
101 103  0  5 1.00
101 137  0  5 1.00
101 138  0  5 1.00
101 139  0  5 1.00
101 195  0  5 1.00
101 198  0  5 1.00
101 199  0  5 1.00
101 200  0  5 1.00
101 201  0  5 1.00
102 103  0  5 1.00
102 104  0  5 1.00
102 137  0  5 1.00
102 138  0  5 1.00
102 139  0  5 1.00
102 195  0  5 1.00
102 199  0  5 1.00
103 104  0  5 1.00
103 105  0  5 1.00
103 137  0  5 1.00
103 195  0  5 1.00
103 196  0  5 1.00
104 105  0  5 1.00
104 106  0  5 1.00
104 160  0  5 1.00
104 161  0  5 1.00
104 162  0  5 1.00
105 106  0  5 1.00
105 107  0  5 1.00
105 160  0  5 1.00
106 107  0  5 1.00
106 108  0  5 1.00
106 158  0  5 1.00
106 159  0  5 1.00
106 160  0  5 1.00
107 108  0  5 1.00
107 158  0  5 1.00
107 159  0  5 1.00
108 158  0  5 1.00
108 159  0  5 1.00
114 115  0  5 1.00
114 116  0  5 1.00
114 156  0  5 1.00
114 157  0  5 1.00
115 116  0  5 1.00
115 117  0  5 1.00
115 154  0  5 1.00
115 156  0  5 1.00
116 117  0  5 1.00
116 118  0  5 1.00
116 154  0  5 1.00
117 118  0  5 1.00
117 119  0  5 1.00
117 153  0  5 1.00
117 154  0  5 1.00
118 119  0  5 1.00
118 120  0  5 1.00
118 122  0  5 1.00
118 153  0  5 1.00
118 154  0  5 1.00
119 120  0  5 1.00
119 121  0  5 1.00
119 122  0  5 1.00
119 153  0  5 1.00
120 121  0  5 1.00
120 122  0  5 1.00
121 122  0  5 1.00
121 123  0  5 1.00
122 123  0  5 1.00
122 124  0  5 1.00
123 124  0  5 1.00
123 125  0  5 1.00
124 125  0  5 1.00
124 126  0  5 1.00
125 126  0  5 1.00
125 127  0  5 1.00
125 145  0  5 1.00
126 127  0  5 1.00
126 128  0  5 1.00
126 142  0  5 1.00
126 143  0  5 1.00
126 144  0  5 1.00
126 145  0  5 1.00
127 128  0  5 1.00
127 129  0  5 1.00
127 142  0  5 1.00
127 143  0  5 1.00
127 144  0  5 1.00
128 129  0  5 1.00
128 130  0  5 1.00
128 142  0  5 1.00
128 143  0  5 1.00
128 144  0  5 1.00
129 130  0  5 1.00
129 131  0  5 1.00
129 140  0  5 1.00
129 141  0  5 1.00
129 142  0  5 1.00
130 131  0  5 1.00
130 132  0  5 1.00
130 140  0  5 1.00
130 141  0  5 1.00
130 142  0  5 1.00
131 132  0  5 1.00
131 133  0  5 1.00
131 138  0  5 1.00
131 139  0  5 1.00
131 140  0  5 1.00
132 133  0  5 1.00
132 134  0  5 1.00
132 138  0  5 1.00
132 139  0  5 1.00
132 140  0  5 1.00
133 134  0  5 1.00
133 135  0  5 1.00
133 136  0  5 1.00
133 137  0  5 1.00
133 138  0  5 1.00
134 135  0  5 1.00
134 136  0  5 1.00
134 137  0  5 1.00
135 136  0  5 1.00
135 137  0  5 1.00
136 137  0  5 1.00
136 138  0  5 1.00
137 138  0  5 1.00
137 139  0  5 1.00
138 139  0  5 1.00
138 140  0  5 1.00
139 140  0  5 1.00
139 141  0  5 1.00
140 141  0  5 1.00
140 142  0  5 1.00
141 142  0  5 1.00
141 143  0  5 1.00
142 143  0  5 1.00
142 144  0  5 1.00
143 144  0  5 1.00
143 145  0  5 1.00
144 145  0  5 1.00
144 146  0  5 1.00
145 146  0  5 1.00
145 147  0  5 1.00
146 147  0  5 1.00
146 148  0  5 1.00
147 148  0  5 1.00
147 149  0  5 1.00
148 149  0  5 1.00
148 150  0  5 1.00
148 151  0  5 1.00
149 150  0  5 1.00
149 151  0  5 1.00
150 151  0  5 1.00
151 153  0  5 1.00
153 154  0  5 1.00
154 156  0  5 1.00
156 157  0  5 1.00
156 158  0  5 1.00
157 158  0  5 1.00
157 159  0  5 1.00
158 159  0  5 1.00
158 160  0  5 1.00
159 160  0  5 1.00
159 161  0  5 1.00
160 161  0  5 1.00
160 162  0  5 1.00
161 162  0  5 1.00
161 163  0  5 1.00
162 163  0  5 1.00
162 164  0  5 1.00
162 170  0  5 1.00
163 164  0  5 1.00
163 165  0  5 1.00
163 170  0  5 1.00
163 171  0  5 1.00
163 172  0  5 1.00
164 165  0  5 1.00
164 166  0  5 1.00
164 167  0  5 1.00
164 170  0  5 1.00
164 171  0  5 1.00
164 172  0  5 1.00
165 166  0  5 1.00
165 167  0  5 1.00
165 172  0  5 1.00
166 167  0  5 1.00
166 168  0  5 1.00
167 168  0  5 1.00
167 169  0  5 1.00
167 188  0  5 1.00
167 327  0  5 1.00
168 169  0  5 1.00
168 170  0  5 1.00
168 171  0  5 1.00
168 188  0  5 1.00
169 170  0  5 1.00
169 171  0  5 1.00
169 186  0  5 1.00
169 187  0  5 1.00
169 188  0  5 1.00
169 193  0  5 1.00
169 196  0  5 1.00
170 171  0  5 1.00
170 172  0  5 1.00
170 186  0  5 1.00
170 187  0  5 1.00
170 196  0  5 1.00
170 197  0  5 1.00
171 172  0  5 1.00
171 173  0  5 1.00
171 184  0  5 1.00
171 185  0  5 1.00
171 186  0  5 1.00
172 173  0  5 1.00
172 174  0  5 1.00
172 184  0  5 1.00
172 185  0  5 1.00
173 174  0  5 1.00
173 175  0  5 1.00
173 182  0  5 1.00
173 183  0  5 1.00
173 184  0  5 1.00
174 175  0  5 1.00
174 182  0  5 1.00
174 183  0  5 1.00
175 177  0  5 1.00
175 180  0  5 1.00
175 181  0  5 1.00
175 182  0  5 1.00
177 178  0  5 1.00
177 179  0  5 1.00
177 180  0  5 1.00
178 179  0  5 1.00
178 180  0  5 1.00
179 180  0  5 1.00
179 181  0  5 1.00
180 181  0  5 1.00
180 182  0  5 1.00
181 182  0  5 1.00
181 183  0  5 1.00
182 183  0  5 1.00
182 184  0  5 1.00
183 184  0  5 1.00
183 185  0  5 1.00
184 185  0  5 1.00
184 186  0  5 1.00
184 261  0  5 1.00
184 262  0  5 1.00
185 186  0  5 1.00
185 187  0  5 1.00
185 259  0  5 1.00
185 260  0  5 1.00
185 261  0  5 1.00
186 187  0  5 1.00
186 188  0  5 1.00
186 259  0  5 1.00
186 260  0  5 1.00
187 188  0  5 1.00
187 259  0  5 1.00
188 190  0  5 1.00
188 193  0  5 1.00
190 191  0  5 1.00
190 192  0  5 1.00
190 193  0  5 1.00
190 255  0  5 1.00
191 192  0  5 1.00
191 193  0  5 1.00
191 255  0  5 1.00
192 193  0  5 1.00
192 194  0  5 1.00
192 195  0  5 1.00
193 194  0  5 1.00
193 195  0  5 1.00
193 196  0  5 1.00
193 197  0  5 1.00
194 195  0  5 1.00
194 196  0  5 1.00
194 197  0  5 1.00
194 198  0  5 1.00
195 196  0  5 1.00
195 197  0  5 1.00
195 198  0  5 1.00
195 199  0  5 1.00
196 197  0  5 1.00
196 198  0  5 1.00
197 198  0  5 1.00
197 199  0  5 1.00
198 199  0  5 1.00
198 200  0  5 1.00
199 200  0  5 1.00
199 201  0  5 1.00
200 201  0  5 1.00
200 202  0  5 1.00
201 202  0  5 1.00
201 203  0  5 1.00
202 203  0  5 1.00
202 204  0  5 1.00
203 204  0  5 1.00
203 205  0  5 1.00
204 205  0  5 1.00
204 207  0  5 1.00
204 253  0  5 1.00
204 378  0  5 1.00
205 207  0  5 1.00
205 378  0  5 1.00
205 379  0  5 1.00
207 208  0  5 1.00
207 209  0  5 1.00
207 253  0  5 1.00
208 209  0  5 1.00
208 210  0  5 1.00
208 250  0  5 1.00
208 251  0  5 1.00
208 253  0  5 1.00
209 210  0  5 1.00
209 211  0  5 1.00
209 249  0  5 1.00
209 250  0  5 1.00
209 251  0  5 1.00
210 211  0  5 1.00
210 212  0  5 1.00
210 247  0  5 1.00
210 248  0  5 1.00
210 249  0  5 1.00
211 212  0  5 1.00
211 213  0  5 1.00
211 246  0  5 1.00
211 248  0  5 1.00
212 213  0  5 1.00
212 214  0  5 1.00
212 244  0  5 1.00
212 245  0  5 1.00
212 246  0  5 1.00
213 214  0  5 1.00
213 215  0  5 1.00
213 244  0  5 1.00
213 245  0  5 1.00
213 246  0  5 1.00
214 215  0  5 1.00
214 216  0  5 1.00
214 242  0  5 1.00
214 243  0  5 1.00
214 244  0  5 1.00
215 216  0  5 1.00
215 217  0  5 1.00
215 242  0  5 1.00
215 243  0  5 1.00
216 217  0  5 1.00
216 218  0  5 1.00
216 240  0  5 1.00
216 241  0  5 1.00
216 242  0  5 1.00
217 218  0  5 1.00
217 219  0  5 1.00
217 220  0  5 1.00
217 240  0  5 1.00
217 241  0  5 1.00
217 242  0  5 1.00
218 219  0  5 1.00
218 220  0  5 1.00
218 240  0  5 1.00
218 241  0  5 1.00
218 242  0  5 1.00
219 220  0  5 1.00
219 221  0  5 1.00
220 221  0  5 1.00
220 222  0  5 1.00
220 262  0  5 1.00
221 222  0  5 1.00
221 223  0  5 1.00
221 260  0  5 1.00
221 261  0  5 1.00
221 262  0  5 1.00
221 263  0  5 1.00
222 223  0  5 1.00
222 224  0  5 1.00
222 260  0  5 1.00
222 261  0  5 1.00
223 224  0  5 1.00
223 225  0  5 1.00
223 258  0  5 1.00
223 259  0  5 1.00
223 260  0  5 1.00
224 225  0  5 1.00
224 258  0  5 1.00
224 259  0  5 1.00
224 335  0  5 1.00
224 336  0  5 1.00
225 227  0  5 1.00
225 258  0  5 1.00
225 317  0  5 1.00
225 334  0  5 1.00
225 335  0  5 1.00
225 336  0  5 1.00
227 228  0  5 1.00
227 229  0  5 1.00
227 245  0  5 1.00
227 246  0  5 1.00
227 247  0  5 1.00
228 229  0  5 1.00
228 230  0  5 1.00
228 245  0  5 1.00
228 246  0  5 1.00
228 247  0  5 1.00
229 230  0  5 1.00
229 231  0  5 1.00
229 245  0  5 1.00
229 246  0  5 1.00
229 247  0  5 1.00
230 231  0  5 1.00
230 232  0  5 1.00
231 232  0  5 1.00
231 233  0  5 1.00
231 243  0  5 1.00
232 233  0  5 1.00
232 234  0  5 1.00
232 243  0  5 1.00
232 244  0  5 1.00
233 234  0  5 1.00
233 235  0  5 1.00
233 241  0  5 1.00
233 242  0  5 1.00
233 243  0  5 1.00
234 235  0  5 1.00
234 236  0  5 1.00
234 239  0  5 1.00
234 241  0  5 1.00
234 242  0  5 1.00
234 243  0  5 1.00
235 236  0  5 1.00
235 237  0  5 1.00
235 238  0  5 1.00
235 239  0  5 1.00
235 241  0  5 1.00
235 242  0  5 1.00
235 243  0  5 1.00
236 237  0  5 1.00
236 238  0  5 1.00
236 239  0  5 1.00
237 238  0  5 1.00
237 239  0  5 1.00
238 239  0  5 1.00
238 240  0  5 1.00
238 241  0  5 1.00
239 240  0  5 1.00
239 241  0  5 1.00
240 241  0  5 1.00
240 242  0  5 1.00
241 242  0  5 1.00
241 243  0  5 1.00
242 243  0  5 1.00
242 244  0  5 1.00
243 244  0  5 1.00
243 245  0  5 1.00
244 245  0  5 1.00
244 246  0  5 1.00
245 246  0  5 1.00
245 247  0  5 1.00
246 247  0  5 1.00
246 248  0  5 1.00
247 248  0  5 1.00
247 249  0  5 1.00
248 249  0  5 1.00
248 250  0  5 1.00
249 250  0  5 1.00
249 251  0  5 1.00
250 251  0  5 1.00
251 253  0  5 1.00
251 486  0  5 1.00
253 254  0  5 1.00
253 255  0  5 1.00
253 256  0  5 1.00
253 257  0  5 1.00
254 255  0  5 1.00
254 256  0  5 1.00
254 257  0  5 1.00
255 256  0  5 1.00
255 257  0  5 1.00
256 257  0  5 1.00
256 258  0  5 1.00
256 333  0  5 1.00
256 334  0  5 1.00
257 258  0  5 1.00
257 259  0  5 1.00
258 259  0  5 1.00
258 260  0  5 1.00
259 260  0  5 1.00
259 261  0  5 1.00
260 261  0  5 1.00
260 262  0  5 1.00
261 262  0  5 1.00
261 263  0  5 1.00
262 263  0  5 1.00
262 264  0  5 1.00
263 264  0  5 1.00
263 265  0  5 1.00
264 265  0  5 1.00
264 266  0  5 1.00
264 281  0  5 1.00
264 282  0  5 1.00
264 283  0  5 1.00
265 266  0  5 1.00
265 267  0  5 1.00
265 279  0  5 1.00
265 280  0  5 1.00
265 281  0  5 1.00
265 282  0  5 1.00
265 283  0  5 1.00
266 267  0  5 1.00
266 268  0  5 1.00
266 279  0  5 1.00
266 280  0  5 1.00
267 268  0  5 1.00
267 269  0  5 1.00
267 277  0  5 1.00
267 278  0  5 1.00
267 279  0  5 1.00
268 269  0  5 1.00
268 270  0  5 1.00
268 277  0  5 1.00
268 278  0  5 1.00
269 270  0  5 1.00
269 271  0  5 1.00
269 275  0  5 1.00
269 276  0  5 1.00
269 277  0  5 1.00
270 271  0  5 1.00
270 272  0  5 1.00
270 275  0  5 1.00
270 276  0  5 1.00
270 277  0  5 1.00
271 272  0  5 1.00
271 273  0  5 1.00
271 274  0  5 1.00
271 275  0  5 1.00
271 276  0  5 1.00
271 277  0  5 1.00
271 299  0  5 1.00
272 273  0  5 1.00
272 274  0  5 1.00
273 274  0  5 1.00
273 275  0  5 1.00
274 275  0  5 1.00
274 276  0  5 1.00
274 316  0  5 1.00
275 276  0  5 1.00
275 277  0  5 1.00
275 315  0  5 1.00
275 316  0  5 1.00
275 317  0  5 1.00
276 277  0  5 1.00
276 278  0  5 1.00
276 316  0  5 1.00
276 317  0  5 1.00
276 318  0  5 1.00
277 278  0  5 1.00
277 279  0  5 1.00
277 318  0  5 1.00
278 279  0  5 1.00
278 280  0  5 1.00
278 318  0  5 1.00
278 319  0  5 1.00
278 320  0  5 1.00
279 280  0  5 1.00
279 281  0  5 1.00
279 320  0  5 1.00
280 281  0  5 1.00
280 282  0  5 1.00
280 320  0  5 1.00
280 321  0  5 1.00
280 322  0  5 1.00
281 282  0  5 1.00
281 283  0  5 1.00
281 322  0  5 1.00
282 283  0  5 1.00
282 284  0  5 1.00
282 285  0  5 1.00
282 286  0  5 1.00
282 322  0  5 1.00
283 284  0  5 1.00
283 285  0  5 1.00
283 286  0  5 1.00
283 287  0  5 1.00
283 288  0  5 1.00
284 285  0  5 1.00
284 286  0  5 1.00
284 287  0  5 1.00
284 288  0  5 1.00
285 286  0  5 1.00
285 287  0  5 1.00
285 288  0  5 1.00
285 289  0  5 1.00
285 290  0  5 1.00
285 291  0  5 1.00
286 287  0  5 1.00
286 288  0  5 1.00
286 289  0  5 1.00
286 290  0  5 1.00
287 288  0  5 1.00
287 289  0  5 1.00
288 289  0  5 1.00
288 290  0  5 1.00
289 290  0  5 1.00
289 291  0  5 1.00
289 293  0  5 1.00
289 346  0  5 1.00
290 291  0  5 1.00
290 293  0  5 1.00
290 344  0  5 1.00
290 345  0  5 1.00
290 346  0  5 1.00
291 293  0  5 1.00
291 294  0  5 1.00
291 295  0  5 1.00
291 346  0  5 1.00
293 294  0  5 1.00
293 295  0  5 1.00
293 296  0  5 1.00
293 297  0  5 1.00
294 295  0  5 1.00
294 296  0  5 1.00
294 297  0  5 1.00
294 298  0  5 1.00
294 344  0  5 1.00
295 296  0  5 1.00
295 297  0  5 1.00
295 298  0  5 1.00
295 299  0  5 1.00
296 297  0  5 1.00
296 298  0  5 1.00
296 300  0  5 1.00
297 298  0  5 1.00
297 299  0  5 1.00
297 300  0  5 1.00
297 301  0  5 1.00
297 302  0  5 1.00
298 299  0  5 1.00
298 300  0  5 1.00
298 301  0  5 1.00
298 302  0  5 1.00
298 303  0  5 1.00
299 300  0  5 1.00
299 301  0  5 1.00
299 302  0  5 1.00
299 303  0  5 1.00
299 304  0  5 1.00
300 301  0  5 1.00
300 302  0  5 1.00
300 303  0  5 1.00
300 304  0  5 1.00
301 302  0  5 1.00
301 303  0  5 1.00
301 304  0  5 1.00
301 305  0  5 1.00
302 303  0  5 1.00
302 304  0  5 1.00
302 305  0  5 1.00
302 306  0  5 1.00
303 304  0  5 1.00
303 305  0  5 1.00
303 306  0  5 1.00
303 307  0  5 1.00
303 308  0  5 1.00
304 305  0  5 1.00
304 306  0  5 1.00
304 307  0  5 1.00
304 308  0  5 1.00
304 309  0  5 1.00
305 306  0  5 1.00
305 307  0  5 1.00
305 308  0  5 1.00
305 309  0  5 1.00
305 310  0  5 1.00
305 311  0  5 1.00
306 307  0  5 1.00
306 308  0  5 1.00
306 309  0  5 1.00
306 310  0  5 1.00
306 311  0  5 1.00
306 312  0  5 1.00
307 308  0  5 1.00
307 309  0  5 1.00
307 310  0  5 1.00
308 309  0  5 1.00
308 310  0  5 1.00
308 474  0  5 1.00
309 310  0  5 1.00
309 311  0  5 1.00
309 478  0  5 1.00
310 311  0  5 1.00
310 312  0  5 1.00
311 312  0  5 1.00
311 313  0  5 1.00
312 313  0  5 1.00
312 314  0  5 1.00
313 314  0  5 1.00
313 315  0  5 1.00
314 315  0  5 1.00
314 316  0  5 1.00
315 316  0  5 1.00
315 317  0  5 1.00
316 317  0  5 1.00
316 318  0  5 1.00
317 318  0  5 1.00
317 319  0  5 1.00
317 335  0  5 1.00
318 319  0  5 1.00
318 320  0  5 1.00
318 335  0  5 1.00
319 320  0  5 1.00
319 321  0  5 1.00
319 335  0  5 1.00
319 336  0  5 1.00
319 337  0  5 1.00
320 321  0  5 1.00
320 322  0  5 1.00
320 337  0  5 1.00
321 322  0  5 1.00
321 323  0  5 1.00
321 337  0  5 1.00
321 338  0  5 1.00
321 339  0  5 1.00
322 323  0  5 1.00
322 324  0  5 1.00
322 339  0  5 1.00
322 340  0  5 1.00
322 341  0  5 1.00
323 324  0  5 1.00
323 325  0  5 1.00
323 326  0  5 1.00
323 339  0  5 1.00
323 340  0  5 1.00
323 341  0  5 1.00
324 325  0  5 1.00
324 326  0  5 1.00
325 326  0  5 1.00
325 327  0  5 1.00
326 327  0  5 1.00
326 328  0  5 1.00
326 836  0  5 1.00
327 328  0  5 1.00
327 329  0  5 1.00
328 329  0  5 1.00
328 330  0  5 1.00
328 340  0  5 1.00
329 330  0  5 1.00
329 338  0  5 1.00
329 339  0  5 1.00
329 340  0  5 1.00
329 343  0  5 1.00
330 332  0  5 1.00
330 338  0  5 1.00
330 339  0  5 1.00
330 340  0  5 1.00
332 333  0  5 1.00
332 334  0  5 1.00
332 336  0  5 1.00
332 337  0  5 1.00
332 366  0  5 1.00
333 334  0  5 1.00
333 335  0  5 1.00
333 336  0  5 1.00
333 337  0  5 1.00
334 335  0  5 1.00
334 336  0  5 1.00
335 336  0  5 1.00
335 337  0  5 1.00
336 337  0  5 1.00
336 338  0  5 1.00
337 338  0  5 1.00
337 339  0  5 1.00
338 339  0  5 1.00
338 340  0  5 1.00
339 340  0  5 1.00
339 341  0  5 1.00
340 341  0  5 1.00
340 342  0  5 1.00
340 343  0  5 1.00
340 344  0  5 1.00
341 342  0  5 1.00
341 343  0  5 1.00
341 344  0  5 1.00
341 345  0  5 1.00
342 343  0  5 1.00
342 344  0  5 1.00
342 345  0  5 1.00
342 355  0  5 1.00
343 344  0  5 1.00
343 345  0  5 1.00
343 358  0  5 1.00
343 359  0  5 1.00
343 363  0  5 1.00
344 345  0  5 1.00
344 346  0  5 1.00
345 346  0  5 1.00
345 347  0  5 1.00
346 347  0  5 1.00
346 348  0  5 1.00
347 348  0  5 1.00
347 349  0  5 1.00
347 350  0  5 1.00
347 351  0  5 1.00
348 349  0  5 1.00
348 350  0  5 1.00
348 351  0  5 1.00
349 350  0  5 1.00
349 351  0  5 1.00
350 351  0  5 1.00
350 352  0  5 1.00
350 769  0  5 1.00
351 352  0  5 1.00
351 353  0  5 1.00
351 769  0  5 1.00
352 353  0  5 1.00
352 354  0  5 1.00
352 355  0  5 1.00
352 356  0  5 1.00
352 769  0  5 1.00
352 770  0  5 1.00
353 354  0  5 1.00
353 355  0  5 1.00
353 356  0  5 1.00
353 357  0  5 1.00
354 355  0  5 1.00
354 356  0  5 1.00
354 357  0  5 1.00
354 358  0  5 1.00
355 356  0  5 1.00
355 357  0  5 1.00
355 358  0  5 1.00
355 359  0  5 1.00
356 357  0  5 1.00
356 358  0  5 1.00
356 359  0  5 1.00
356 360  0  5 1.00
357 358  0  5 1.00
357 359  0  5 1.00
357 360  0  5 1.00
357 361  0  5 1.00
357 362  0  5 1.00
358 359  0  5 1.00
358 360  0  5 1.00
358 361  0  5 1.00
358 362  0  5 1.00
358 363  0  5 1.00
359 360  0  5 1.00
359 361  0  5 1.00
359 362  0  5 1.00
359 363  0  5 1.00
359 364  0  5 1.00
360 361  0  5 1.00
360 362  0  5 1.00
360 363  0  5 1.00
360 364  0  5 1.00
360 365  0  5 1.00
360 399  0  5 1.00
361 362  0  5 1.00
361 363  0  5 1.00
361 364  0  5 1.00
361 365  0  5 1.00
361 395  0  5 1.00
362 363  0  5 1.00
362 364  0  5 1.00
362 365  0  5 1.00
362 366  0  5 1.00
363 364  0  5 1.00
363 365  0  5 1.00
363 366  0  5 1.00
363 367  0  5 1.00
363 368  0  5 1.00
364 365  0  5 1.00
364 366  0  5 1.00
364 367  0  5 1.00
364 368  0  5 1.00
364 395  0  5 1.00
365 366  0  5 1.00
365 367  0  5 1.00
365 368  0  5 1.00
365 369  0  5 1.00
365 391  0  5 1.00
365 395  0  5 1.00
366 367  0  5 1.00
366 368  0  5 1.00
366 369  0  5 1.00
366 370  0  5 1.00
367 368  0  5 1.00
367 369  0  5 1.00
367 370  0  5 1.00
367 371  0  5 1.00
368 369  0  5 1.00
368 370  0  5 1.00
368 371  0  5 1.00
368 372  0  5 1.00
369 370  0  5 1.00
369 371  0  5 1.00
369 372  0  5 1.00
369 373  0  5 1.00
369 374  0  5 1.00
369 375  0  5 1.00
370 371  0  5 1.00
370 372  0  5 1.00
370 374  0  5 1.00
370 375  0  5 1.00
371 372  0  5 1.00
371 373  0  5 1.00
371 374  0  5 1.00
371 375  0  5 1.00
371 376  0  5 1.00
372 373  0  5 1.00
372 374  0  5 1.00
372 376  0  5 1.00
372 386  0  5 1.00
372 387  0  5 1.00
373 374  0  5 1.00
373 375  0  5 1.00
373 376  0  5 1.00
373 377  0  5 1.00
373 387  0  5 1.00
374 375  0  5 1.00
374 376  0  5 1.00
374 377  0  5 1.00
375 376  0  5 1.00
375 377  0  5 1.00
375 484  0  5 1.00
375 485  0  5 1.00
375 486  0  5 1.00
375 487  0  5 1.00
376 377  0  5 1.00
376 378  0  5 1.00
376 484  0  5 1.00
376 486  0  5 1.00
376 487  0  5 1.00
377 378  0  5 1.00
377 379  0  5 1.00
377 487  0  5 1.00
377 488  0  5 1.00
377 489  0  5 1.00
378 379  0  5 1.00
378 380  0  5 1.00
378 488  0  5 1.00
378 489  0  5 1.00
379 380  0  5 1.00
379 381  0  5 1.00
379 488  0  5 1.00
379 489  0  5 1.00
380 381  0  5 1.00
380 382  0  5 1.00
380 383  0  5 1.00
380 384  0  5 1.00
381 382  0  5 1.00
381 383  0  5 1.00
381 384  0  5 1.00
382 383  0  5 1.00
382 384  0  5 1.00
382 432  0  5 1.00
382 433  0  5 1.00
382 434  0  5 1.00
383 384  0  5 1.00
383 385  0  5 1.00
383 386  0  5 1.00
383 387  0  5 1.00
384 385  0  5 1.00
384 386  0  5 1.00
384 387  0  5 1.00
384 388  0  5 1.00
384 389  0  5 1.00
385 386  0  5 1.00
385 387  0  5 1.00
385 388  0  5 1.00
385 389  0  5 1.00
385 390  0  5 1.00
385 453  0  5 1.00
386 387  0  5 1.00
386 388  0  5 1.00
386 389  0  5 1.00
386 390  0  5 1.00
387 388  0  5 1.00
387 389  0  5 1.00
387 390  0  5 1.00
387 391  0  5 1.00
387 392  0  5 1.00
388 389  0  5 1.00
388 390  0  5 1.00
388 391  0  5 1.00
388 392  0  5 1.00
388 393  0  5 1.00
388 453  0  5 1.00
388 454  0  5 1.00
389 390  0  5 1.00
389 391  0  5 1.00
389 392  0  5 1.00
389 393  0  5 1.00
389 453  0  5 1.00
389 454  0  5 1.00
389 457  0  5 1.00
389 458  0  5 1.00
390 391  0  5 1.00
390 392  0  5 1.00
390 393  0  5 1.00
390 394  0  5 1.00
390 395  0  5 1.00
391 392  0  5 1.00
391 393  0  5 1.00
391 394  0  5 1.00
391 395  0  5 1.00
392 393  0  5 1.00
392 394  0  5 1.00
392 395  0  5 1.00
392 396  0  5 1.00
392 458  0  5 1.00
393 394  0  5 1.00
393 395  0  5 1.00
393 396  0  5 1.00
393 397  0  5 1.00
393 458  0  5 1.00
394 395  0  5 1.00
394 396  0  5 1.00
394 397  0  5 1.00
394 398  0  5 1.00
394 399  0  5 1.00
395 396  0  5 1.00
395 397  0  5 1.00
395 398  0  5 1.00
395 399  0  5 1.00
395 400  0  5 1.00
396 397  0  5 1.00
396 398  0  5 1.00
396 399  0  5 1.00
396 400  0  5 1.00
396 401  0  5 1.00
397 398  0  5 1.00
397 399  0  5 1.00
397 400  0  5 1.00
397 401  0  5 1.00
398 399  0  5 1.00
398 400  0  5 1.00
398 401  0  5 1.00
398 402  0  5 1.00
399 400  0  5 1.00
399 401  0  5 1.00
399 402  0  5 1.00
399 403  0  5 1.00
399 404  0  5 1.00
400 401  0  5 1.00
400 402  0  5 1.00
400 403  0  5 1.00
400 404  0  5 1.00
401 402  0  5 1.00
401 403  0  5 1.00
401 404  0  5 1.00
402 403  0  5 1.00
402 404  0  5 1.00
403 404  0  5 1.00
403 405  0  5 1.00
403 406  0  5 1.00
403 407  0  5 1.00
404 405  0  5 1.00
404 406  0  5 1.00
404 407  0  5 1.00
405 406  0  5 1.00
405 407  0  5 1.00
406 407  0  5 1.00
406 408  0  5 1.00
407 408  0  5 1.00
407 409  0  5 1.00
407 410  0  5 1.00
407 411  0  5 1.00
408 409  0  5 1.00
408 410  0  5 1.00
408 411  0  5 1.00
408 412  0  5 1.00
409 410  0  5 1.00
409 411  0  5 1.00
409 412  0  5 1.00
409 413  0  5 1.00
410 411  0  5 1.00
410 412  0  5 1.00
410 413  0  5 1.00
410 414  0  5 1.00
411 412  0  5 1.00
411 413  0  5 1.00
411 414  0  5 1.00
411 415  0  5 1.00
411 416  0  5 1.00
412 413  0  5 1.00
412 414  0  5 1.00
412 415  0  5 1.00
412 416  0  5 1.00
412 417  0  5 1.00
413 414  0  5 1.00
413 415  0  5 1.00
413 416  0  5 1.00
413 417  0  5 1.00
413 418  0  5 1.00
413 419  0  5 1.00
414 415  0  5 1.00
414 416  0  5 1.00
414 417  0  5 1.00
414 418  0  5 1.00
414 419  0  5 1.00
415 416  0  5 1.00
415 417  0  5 1.00
416 417  0  5 1.00
416 418  0  5 1.00
416 419  0  5 1.00
416 420  0  5 1.00
416 455  0  5 1.00
417 418  0  5 1.00
417 419  0  5 1.00
417 420  0  5 1.00
417 455  0  5 1.00
418 419  0  5 1.00
418 420  0  5 1.00
418 422  0  5 1.00
419 420  0  5 1.00
419 422  0  5 1.00
419 423  0  5 1.00
420 422  0  5 1.00
420 423  0  5 1.00
420 424  0  5 1.00
420 425  0  5 1.00
422 423  0  5 1.00
422 424  0  5 1.00
422 425  0  5 1.00
422 426  0  5 1.00
423 424  0  5 1.00
423 425  0  5 1.00
423 426  0  5 1.00
423 429  0  5 1.00
424 425  0  5 1.00
424 426  0  5 1.00
424 526  0  5 1.00
424 527  0  5 1.00
424 544  0  5 1.00
425 426  0  5 1.00
425 427  0  5 1.00
425 544  0  5 1.00
425 545  0  5 1.00
425 546  0  5 1.00
426 427  0  5 1.00
426 428  0  5 1.00
426 429  0  5 1.00
427 428  0  5 1.00
427 429  0  5 1.00
428 429  0  5 1.00
428 430  0  5 1.00
429 430  0  5 1.00
429 431  0  5 1.00
430 431  0  5 1.00
430 432  0  5 1.00
431 432  0  5 1.00
431 433  0  5 1.00
431 434  0  5 1.00
431 522  0  5 1.00
431 523  0  5 1.00
431 524  0  5 1.00
432 433  0  5 1.00
432 434  0  5 1.00
432 522  0  5 1.00
433 434  0  5 1.00
433 435  0  5 1.00
433 522  0  5 1.00
433 523  0  5 1.00
434 435  0  5 1.00
434 436  0  5 1.00
435 436  0  5 1.00
435 437  0  5 1.00
435 438  0  5 1.00
435 439  0  5 1.00
436 437  0  5 1.00
436 438  0  5 1.00
436 439  0  5 1.00
437 438  0  5 1.00
437 439  0  5 1.00
438 439  0  5 1.00
438 440  0  5 1.00
439 440  0  5 1.00
439 441  0  5 1.00
440 441  0  5 1.00
440 442  0  5 1.00
441 442  0  5 1.00
441 443  0  5 1.00
441 444  0  5 1.00
441 445  0  5 1.00
442 443  0  5 1.00
442 444  0  5 1.00
442 445  0  5 1.00
442 446  0  5 1.00
443 444  0  5 1.00
443 445  0  5 1.00
443 446  0  5 1.00
443 447  0  5 1.00
443 910  0  5 1.00
443 911  0  5 1.00
444 445  0  5 1.00
444 446  0  5 1.00
444 447  0  5 1.00
445 446  0  5 1.00
445 447  0  5 1.00
445 449  0  5 1.00
446 447  0  5 1.00
446 449  0  5 1.00
446 450  0  5 1.00
446 874  0  5 1.00
447 449  0  5 1.00
447 450  0  5 1.00
447 911  0  5 1.00
449 450  0  5 1.00
449 451  0  5 1.00
450 451  0  5 1.00
450 452  0  5 1.00
450 453  0  5 1.00
450 454  0  5 1.00
451 452  0  5 1.00
451 453  0  5 1.00
451 454  0  5 1.00
451 455  0  5 1.00
451 456  0  5 1.00
452 453  0  5 1.00
452 454  0  5 1.00
452 455  0  5 1.00
452 456  0  5 1.00
452 457  0  5 1.00
453 454  0  5 1.00
453 455  0  5 1.00
453 456  0  5 1.00
453 457  0  5 1.00
453 458  0  5 1.00
454 455  0  5 1.00
454 456  0  5 1.00
454 457  0  5 1.00
454 458  0  5 1.00
455 456  0  5 1.00
455 457  0  5 1.00
455 458  0  5 1.00
455 459  0  5 1.00
456 457  0  5 1.00
456 458  0  5 1.00
456 459  0  5 1.00
456 460  0  5 1.00
456 461  0  5 1.00
457 458  0  5 1.00
457 459  0  5 1.00
457 460  0  5 1.00
457 461  0  5 1.00
457 462  0  5 1.00
458 459  0  5 1.00
458 460  0  5 1.00
458 461  0  5 1.00
458 462  0  5 1.00
459 460  0  5 1.00
459 461  0  5 1.00
459 462  0  5 1.00
459 606  0  5 1.00
460 461  0  5 1.00
460 462  0  5 1.00
460 464  0  5 1.00
461 462  0  5 1.00
461 464  0  5 1.00
461 465  0  5 1.00
461 466  0  5 1.00
462 464  0  5 1.00
462 465  0  5 1.00
462 466  0  5 1.00
462 606  0  5 1.00
464 465  0  5 1.00
464 466  0  5 1.00
464 467  0  5 1.00
464 468  0  5 1.00
464 469  0  5 1.00
465 466  0  5 1.00
465 467  0  5 1.00
465 468  0  5 1.00
465 469  0  5 1.00
465 470  0  5 1.00
466 467  0  5 1.00
466 468  0  5 1.00
466 469  0  5 1.00
467 468  0  5 1.00
467 469  0  5 1.00
468 469  0  5 1.00
468 470  0  5 1.00
468 472  0  5 1.00
468 473  0  5 1.00
469 470  0  5 1.00
469 471  0  5 1.00
469 472  0  5 1.00
469 473  0  5 1.00
469 474  0  5 1.00
470 471  0  5 1.00
470 472  0  5 1.00
470 473  0  5 1.00
470 474  0  5 1.00
470 475  0  5 1.00
471 472  0  5 1.00
471 473  0  5 1.00
471 474  0  5 1.00
471 475  0  5 1.00
472 473  0  5 1.00
472 474  0  5 1.00
472 475  0  5 1.00
472 476  0  5 1.00
473 474  0  5 1.00
473 475  0  5 1.00
473 476  0  5 1.00
473 477  0  5 1.00
474 475  0  5 1.00
474 476  0  5 1.00
474 477  0  5 1.00
474 478  0  5 1.00
475 476  0  5 1.00
475 477  0  5 1.00
475 478  0  5 1.00
475 479  0  5 1.00
476 477  0  5 1.00
476 478  0  5 1.00
476 479  0  5 1.00
476 480  0  5 1.00
476 497  0  5 1.00
476 498  0  5 1.00
477 478  0  5 1.00
477 479  0  5 1.00
477 480  0  5 1.00
477 481  0  5 1.00
477 482  0  5 1.00
478 479  0  5 1.00
478 480  0  5 1.00
478 481  0  5 1.00
478 482  0  5 1.00
478 483  0  5 1.00
479 480  0  5 1.00
479 481  0  5 1.00
479 482  0  5 1.00
479 483  0  5 1.00
479 484  0  5 1.00
480 481  0  5 1.00
480 482  0  5 1.00
480 483  0  5 1.00
480 484  0  5 1.00
480 485  0  5 1.00
481 482  0  5 1.00
481 483  0  5 1.00
481 484  0  5 1.00
481 485  0  5 1.00
482 483  0  5 1.00
482 484  0  5 1.00
482 485  0  5 1.00
483 484  0  5 1.00
483 485  0  5 1.00
484 485  0  5 1.00
484 486  0  5 1.00
484 487  0  5 1.00
484 488  0  5 1.00
485 486  0  5 1.00
485 487  0  5 1.00
486 487  0  5 1.00
486 488  0  5 1.00
487 488  0  5 1.00
487 489  0  5 1.00
488 489  0  5 1.00
488 490  0  5 1.00
489 490  0  5 1.00
489 491  0  5 1.00
490 491  0  5 1.00
490 492  0  5 1.00
490 493  0  5 1.00
490 494  0  5 1.00
491 492  0  5 1.00
491 493  0  5 1.00
491 494  0  5 1.00
491 495  0  5 1.00
492 493  0  5 1.00
492 494  0  5 1.00
492 495  0  5 1.00
492 496  0  5 1.00
493 494  0  5 1.00
493 495  0  5 1.00
493 496  0  5 1.00
493 497  0  5 1.00
494 495  0  5 1.00
494 496  0  5 1.00
494 497  0  5 1.00
494 498  0  5 1.00
495 496  0  5 1.00
495 497  0  5 1.00
495 498  0  5 1.00
495 499  0  5 1.00
495 500  0  5 1.00
496 497  0  5 1.00
496 498  0  5 1.00
496 499  0  5 1.00
496 500  0  5 1.00
497 498  0  5 1.00
497 499  0  5 1.00
497 500  0  5 1.00
497 501  0  5 1.00
498 499  0  5 1.00
498 500  0  5 1.00
498 501  0  5 1.00
498 502  0  5 1.00
499 500  0  5 1.00
499 501  0  5 1.00
499 502  0  5 1.00
499 503  0  5 1.00
500 501  0  5 1.00
500 502  0  5 1.00
500 503  0  5 1.00
500 504  0  5 1.00
501 502  0  5 1.00
501 503  0  5 1.00
501 504  0  5 1.00
501 505  0  5 1.00
502 503  0  5 1.00
502 504  0  5 1.00
502 505  0  5 1.00
502 506  0  5 1.00
503 504  0  5 1.00
503 505  0  5 1.00
504 505  0  5 1.00
504 506  0  5 1.00
505 506  0  5 1.00
505 507  0  5 1.00
506 507  0  5 1.00
506 508  0  5 1.00
506 509  0  5 1.00
507 508  0  5 1.00
507 509  0  5 1.00
508 509  0  5 1.00
508 510  0  5 1.00
509 510  0  5 1.00
509 511  0  5 1.00
510 511  0  5 1.00
510 512  0  5 1.00
511 512  0  5 1.00
511 513  0  5 1.00
512 513  0  5 1.00
512 514  0  5 1.00
513 514  0  5 1.00
513 515  0  5 1.00
513 516  0  5 1.00
513 517  0  5 1.00
514 515  0  5 1.00
514 516  0  5 1.00
514 517  0  5 1.00
514 519  0  5 1.00
515 516  0  5 1.00
515 517  0  5 1.00
515 519  0  5 1.00
515 520  0  5 1.00
516 517  0  5 1.00
516 519  0  5 1.00
516 520  0  5 1.00
517 519  0  5 1.00
517 520  0  5 1.00
517 521  0  5 1.00
519 520  0  5 1.00
519 521  0  5 1.00
519 522  0  5 1.00
519 523  0  5 1.00
519 524  0  5 1.00
520 521  0  5 1.00
520 522  0  5 1.00
520 523  0  5 1.00
520 524  0  5 1.00
521 522  0  5 1.00
521 523  0  5 1.00
521 524  0  5 1.00
522 523  0  5 1.00
522 524  0  5 1.00
523 524  0  5 1.00
524 526  0  5 1.00
526 527  0  5 1.00
526 528  0  5 1.00
527 528  0  5 1.00
527 529  0  5 1.00
527 542  0  5 1.00
527 543  0  5 1.00
527 544  0  5 1.00
527 608  0  5 1.00
528 529  0  5 1.00
528 530  0  5 1.00
528 542  0  5 1.00
528 543  0  5 1.00
528 544  0  5 1.00
528 608  0  5 1.00
528 609  0  5 1.00
528 610  0  5 1.00
529 530  0  5 1.00
529 531  0  5 1.00
529 540  0  5 1.00
529 541  0  5 1.00
529 542  0  5 1.00
529 543  0  5 1.00
529 544  0  5 1.00
529 610  0  5 1.00
530 531  0  5 1.00
530 532  0  5 1.00
530 540  0  5 1.00
530 541  0  5 1.00
530 610  0  5 1.00
530 611  0  5 1.00
530 612  0  5 1.00
531 532  0  5 1.00
531 533  0  5 1.00
531 538  0  5 1.00
531 539  0  5 1.00
531 540  0  5 1.00
531 541  0  5 1.00
531 612  0  5 1.00
532 533  0  5 1.00
532 534  0  5 1.00
532 538  0  5 1.00
532 539  0  5 1.00
532 612  0  5 1.00
532 613  0  5 1.00
532 614  0  5 1.00
533 534  0  5 1.00
533 535  0  5 1.00
533 536  0  5 1.00
533 537  0  5 1.00
533 538  0  5 1.00
533 591  0  5 1.00
534 535  0  5 1.00
534 536  0  5 1.00
534 537  0  5 1.00
534 591  0  5 1.00
534 592  0  5 1.00
534 593  0  5 1.00
535 536  0  5 1.00
535 537  0  5 1.00
535 593  0  5 1.00
536 537  0  5 1.00
536 538  0  5 1.00
536 592  0  5 1.00
537 538  0  5 1.00
537 539  0  5 1.00
537 586  0  5 1.00
537 587  0  5 1.00
537 588  0  5 1.00
537 591  0  5 1.00
537 592  0  5 1.00
538 539  0  5 1.00
538 540  0  5 1.00
538 586  0  5 1.00
538 587  0  5 1.00
539 540  0  5 1.00
539 541  0  5 1.00
539 584  0  5 1.00
539 585  0  5 1.00
539 586  0  5 1.00
539 587  0  5 1.00
540 541  0  5 1.00
540 542  0  5 1.00
540 584  0  5 1.00
540 585  0  5 1.00
541 542  0  5 1.00
541 543  0  5 1.00
541 583  0  5 1.00
541 584  0  5 1.00
542 543  0  5 1.00
542 544  0  5 1.00
543 544  0  5 1.00
543 545  0  5 1.00
543 560  0  5 1.00
544 545  0  5 1.00
544 546  0  5 1.00
545 546  0  5 1.00
545 650  0  5 1.00
546 650  0  5 1.00
557 558  0  5 1.00
557 559  0  5 1.00
558 559  0  5 1.00
558 560  0  5 1.00
558 561  0  5 1.00
559 560  0  5 1.00
559 561  0  5 1.00
560 561  0  5 1.00
560 562  0  5 1.00
561 562  0  5 1.00
561 563  0  5 1.00
561 582  0  5 1.00
562 563  0  5 1.00
562 564  0  5 1.00
562 580  0  5 1.00
562 581  0  5 1.00
562 582  0  5 1.00
562 583  0  5 1.00
563 564  0  5 1.00
563 565  0  5 1.00
563 580  0  5 1.00
563 581  0  5 1.00
563 582  0  5 1.00
564 565  0  5 1.00
564 566  0  5 1.00
564 578  0  5 1.00
564 579  0  5 1.00
564 580  0  5 1.00
565 566  0  5 1.00
565 567  0  5 1.00
565 578  0  5 1.00
565 579  0  5 1.00
565 580  0  5 1.00
566 567  0  5 1.00
566 568  0  5 1.00
566 576  0  5 1.00
566 577  0  5 1.00
566 578  0  5 1.00
566 579  0  5 1.00
567 568  0  5 1.00
567 569  0  5 1.00
567 578  0  5 1.00
567 600  0  5 1.00
567 601  0  5 1.00
567 602  0  5 1.00
567 603  0  5 1.00
568 569  0  5 1.00
568 570  0  5 1.00
568 573  0  5 1.00
568 575  0  5 1.00
568 600  0  5 1.00
568 601  0  5 1.00
568 602  0  5 1.00
569 570  0  5 1.00
569 571  0  5 1.00
569 572  0  5 1.00
569 573  0  5 1.00
569 575  0  5 1.00
569 598  0  5 1.00
569 599  0  5 1.00
569 600  0  5 1.00
570 571  0  5 1.00
570 572  0  5 1.00
570 573  0  5 1.00
570 598  0  5 1.00
570 599  0  5 1.00
571 572  0  5 1.00
571 573  0  5 1.00
571 598  0  5 1.00
572 573  0  5 1.00
572 631  0  5 1.00
573 575  0  5 1.00
575 576  0  5 1.00
575 577  0  5 1.00
576 577  0  5 1.00
576 578  0  5 1.00
577 578  0  5 1.00
577 579  0  5 1.00
578 579  0  5 1.00
578 580  0  5 1.00
579 580  0  5 1.00
579 581  0  5 1.00
580 581  0  5 1.00
580 582  0  5 1.00
581 582  0  5 1.00
581 583  0  5 1.00
582 583  0  5 1.00
582 584  0  5 1.00
583 584  0  5 1.00
583 585  0  5 1.00
584 585  0  5 1.00
584 586  0  5 1.00
585 586  0  5 1.00
585 587  0  5 1.00
586 587  0  5 1.00
586 588  0  5 1.00
587 588  0  5 1.00
587 589  0  5 1.00
588 589  0  5 1.00
588 590  0  5 1.00
588 591  0  5 1.00
588 592  0  5 1.00
589 590  0  5 1.00
589 591  0  5 1.00
589 592  0  5 1.00
590 591  0  5 1.00
590 592  0  5 1.00
591 592  0  5 1.00
591 593  0  5 1.00
592 593  0  5 1.00
592 594  0  5 1.00
593 594  0  5 1.00
593 595  0  5 1.00
594 595  0  5 1.00
594 596  0  5 1.00
594 597  0  5 1.00
595 596  0  5 1.00
595 597  0  5 1.00
596 597  0  5 1.00
596 598  0  5 1.00
597 598  0  5 1.00
597 599  0  5 1.00
598 599  0  5 1.00
598 600  0  5 1.00
599 600  0  5 1.00
599 601  0  5 1.00
600 601  0  5 1.00
600 602  0  5 1.00
601 602  0  5 1.00
601 603  0  5 1.00
602 603  0  5 1.00
602 604  0  5 1.00
602 605  0  5 1.00
602 606  0  5 1.00
603 604  0  5 1.00
603 605  0  5 1.00
603 606  0  5 1.00
604 605  0  5 1.00
604 606  0  5 1.00
605 606  0  5 1.00
605 607  0  5 1.00
606 607  0  5 1.00
606 608  0  5 1.00
607 608  0  5 1.00
607 609  0  5 1.00
608 609  0  5 1.00
608 610  0  5 1.00
609 610  0  5 1.00
609 611  0  5 1.00
610 611  0  5 1.00
610 612  0  5 1.00
611 612  0  5 1.00
611 613  0  5 1.00
612 613  0  5 1.00
612 614  0  5 1.00
613 614  0  5 1.00
613 615  0  5 1.00
614 615  0  5 1.00
614 616  0  5 1.00
614 617  0  5 1.00
614 618  0  5 1.00
615 616  0  5 1.00
615 617  0  5 1.00
615 618  0  5 1.00
615 619  0  5 1.00
616 617  0  5 1.00
616 618  0  5 1.00
616 619  0  5 1.00
617 618  0  5 1.00
617 619  0  5 1.00
617 621  0  5 1.00
617 622  0  5 1.00
618 619  0  5 1.00
618 621  0  5 1.00
618 622  0  5 1.00
619 621  0  5 1.00
619 622  0  5 1.00
619 623  0  5 1.00
619 624  0  5 1.00
621 622  0  5 1.00
621 623  0  5 1.00
621 624  0  5 1.00
621 625  0  5 1.00
622 623  0  5 1.00
622 624  0  5 1.00
622 625  0  5 1.00
622 626  0  5 1.00
623 624  0  5 1.00
623 625  0  5 1.00
623 626  0  5 1.00
623 627  0  5 1.00
624 625  0  5 1.00
624 626  0  5 1.00
624 627  0  5 1.00
624 628  0  5 1.00
624 629  0  5 1.00
625 626  0  5 1.00
625 627  0  5 1.00
625 628  0  5 1.00
625 629  0  5 1.00
626 627  0  5 1.00
626 628  0  5 1.00
627 628  0  5 1.00
627 629  0  5 1.00
628 629  0  5 1.00
628 630  0  5 1.00
628 631  0  5 1.00
628 632  0  5 1.00
629 630  0  5 1.00
629 631  0  5 1.00
629 632  0  5 1.00
630 631  0  5 1.00
630 632  0  5 1.00
630 633  0  5 1.00
631 632  0  5 1.00
631 633  0  5 1.00
632 633  0  5 1.00
632 634  0  5 1.00
633 634  0  5 1.00
633 635  0  5 1.00
633 636  0  5 1.00
633 637  0  5 1.00
634 635  0  5 1.00
634 636  0  5 1.00
634 637  0  5 1.00
634 638  0  5 1.00
634 673  0  5 1.00
635 636  0  5 1.00
635 637  0  5 1.00
635 638  0  5 1.00
635 639  0  5 1.00
636 637  0  5 1.00
636 638  0  5 1.00
636 639  0  5 1.00
636 640  0  5 1.00
637 638  0  5 1.00
637 639  0  5 1.00
637 640  0  5 1.00
637 641  0  5 1.00
637 673  0  5 1.00
638 639  0  5 1.00
638 640  0  5 1.00
638 641  0  5 1.00
638 642  0  5 1.00
638 673  0  5 1.00
638 676  0  5 1.00
639 640  0  5 1.00
639 641  0  5 1.00
639 642  0  5 1.00
639 643  0  5 1.00
639 644  0  5 1.00
640 641  0  5 1.00
640 642  0  5 1.00
640 643  0  5 1.00
640 644  0  5 1.00
641 642  0  5 1.00
641 643  0  5 1.00
641 644  0  5 1.00
641 645  0  5 1.00
641 646  0  5 1.00
642 643  0  5 1.00
642 644  0  5 1.00
642 645  0  5 1.00
642 646  0  5 1.00
642 647  0  5 1.00
643 644  0  5 1.00
643 645  0  5 1.00
643 646  0  5 1.00
643 647  0  5 1.00
643 648  0  5 1.00
644 645  0  5 1.00
644 646  0  5 1.00
644 647  0  5 1.00
644 648  0  5 1.00
644 649  0  5 1.00
644 658  0  5 1.00
645 646  0  5 1.00
645 647  0  5 1.00
645 648  0  5 1.00
645 649  0  5 1.00
645 650  0  5 1.00
645 658  0  5 1.00
646 647  0  5 1.00
646 648  0  5 1.00
646 649  0  5 1.00
646 650  0  5 1.00
647 648  0  5 1.00
647 649  0  5 1.00
647 650  0  5 1.00
647 651  0  5 1.00
647 653  0  5 1.00
648 649  0  5 1.00
648 650  0  5 1.00
648 651  0  5 1.00
648 653  0  5 1.00
648 654  0  5 1.00
648 655  0  5 1.00
649 650  0  5 1.00
649 651  0  5 1.00
650 651  0  5 1.00
651 653  0  5 1.00
653 654  0  5 1.00
653 655  0  5 1.00
654 655  0  5 1.00
654 656  0  5 1.00
654 657  0  5 1.00
654 658  0  5 1.00
655 656  0  5 1.00
655 657  0  5 1.00
655 658  0  5 1.00
655 659  0  5 1.00
656 657  0  5 1.00
656 658  0  5 1.00
656 659  0  5 1.00
656 660  0  5 1.00
656 661  0  5 1.00
657 658  0  5 1.00
657 659  0  5 1.00
657 660  0  5 1.00
657 661  0  5 1.00
658 659  0  5 1.00
658 660  0  5 1.00
658 661  0  5 1.00
658 662  0  5 1.00
659 660  0  5 1.00
659 661  0  5 1.00
659 662  0  5 1.00
659 663  0  5 1.00
660 661  0  5 1.00
660 662  0  5 1.00
660 663  0  5 1.00
660 664  0  5 1.00
661 662  0  5 1.00
661 663  0  5 1.00
661 664  0  5 1.00
662 663  0  5 1.00
662 664  0  5 1.00
662 665  0  5 1.00
662 666  0  5 1.00
663 664  0  5 1.00
663 665  0  5 1.00
663 666  0  5 1.00
664 665  0  5 1.00
664 666  0  5 1.00
664 667  0  5 1.00
664 668  0  5 1.00
665 666  0  5 1.00
665 667  0  5 1.00
665 668  0  5 1.00
665 704  0  5 1.00
666 667  0  5 1.00
666 668  0  5 1.00
666 704  0  5 1.00
667 668  0  5 1.00
667 669  0  5 1.00
668 669  0  5 1.00
668 670  0  5 1.00
669 670  0  5 1.00
669 671  0  5 1.00
670 671  0  5 1.00
670 673  0  5 1.00
670 674  0  5 1.00
671 673  0  5 1.00
671 674  0  5 1.00
671 675  0  5 1.00
671 731  0  5 1.00
673 674  0  5 1.00
673 675  0  5 1.00
673 676  0  5 1.00
673 677  0  5 1.00
674 675  0  5 1.00
674 676  0  5 1.00
674 677  0  5 1.00
674 678  0  5 1.00
675 676  0  5 1.00
675 677  0  5 1.00
675 678  0  5 1.00
675 679  0  5 1.00
675 680  0  5 1.00
676 677  0  5 1.00
676 678  0  5 1.00
676 679  0  5 1.00
676 680  0  5 1.00
676 681  0  5 1.00
677 678  0  5 1.00
677 679  0  5 1.00
677 680  0  5 1.00
677 681  0  5 1.00
677 682  0  5 1.00
678 679  0  5 1.00
678 680  0  5 1.00
678 681  0  5 1.00
678 682  0  5 1.00
679 680  0  5 1.00
679 681  0  5 1.00
679 682  0  5 1.00
679 683  0  5 1.00
680 681  0  5 1.00
680 682  0  5 1.00
680 683  0  5 1.00
680 684  0  5 1.00
681 682  0  5 1.00
681 683  0  5 1.00
681 684  0  5 1.00
681 685  0  5 1.00
681 686  0  5 1.00
682 683  0  5 1.00
682 684  0  5 1.00
682 685  0  5 1.00
682 686  0  5 1.00
683 684  0  5 1.00
683 685  0  5 1.00
683 686  0  5 1.00
683 688  0  5 1.00
684 685  0  5 1.00
684 686  0  5 1.00
684 688  0  5 1.00
684 689  0  5 1.00
685 686  0  5 1.00
685 688  0  5 1.00
685 689  0  5 1.00
686 688  0  5 1.00
686 689  0  5 1.00
686 887  0  5 1.00
688 689  0  5 1.00
688 690  0  5 1.00
688 691  0  5 1.00
688 692  0  5 1.00
688 693  0  5 1.00
688 694  0  5 1.00
689 690  0  5 1.00
689 691  0  5 1.00
690 691  0  5 1.00
690 692  0  5 1.00
691 692  0  5 1.00
691 693  0  5 1.00
691 694  0  5 1.00
691 695  0  5 1.00
692 693  0  5 1.00
692 694  0  5 1.00
692 695  0  5 1.00
692 696  0  5 1.00
693 694  0  5 1.00
693 695  0  5 1.00
693 696  0  5 1.00
694 695  0  5 1.00
694 696  0  5 1.00
694 698  0  5 1.00
694 699  0  5 1.00
695 696  0  5 1.00
695 698  0  5 1.00
695 699  0  5 1.00
696 698  0  5 1.00
696 699  0  5 1.00
696 700  0  5 1.00
696 941  0  5 1.00
698 699  0  5 1.00
698 700  0  5 1.00
698 701  0  5 1.00
698 702  0  5 1.00
698 742  0  5 1.00
699 700  0  5 1.00
699 701  0  5 1.00
699 702  0  5 1.00
699 703  0  5 1.00
700 701  0  5 1.00
700 702  0  5 1.00
700 703  0  5 1.00
700 704  0  5 1.00
700 705  0  5 1.00
700 945  0  5 1.00
701 702  0  5 1.00
701 703  0  5 1.00
701 704  0  5 1.00
701 705  0  5 1.00
701 706  0  5 1.00
702 703  0  5 1.00
702 704  0  5 1.00
702 705  0  5 1.00
702 706  0  5 1.00
703 704  0  5 1.00
703 705  0  5 1.00
703 706  0  5 1.00
703 707  0  5 1.00
704 705  0  5 1.00
704 706  0  5 1.00
704 707  0  5 1.00
704 708  0  5 1.00
705 706  0  5 1.00
705 707  0  5 1.00
705 708  0  5 1.00
705 709  0  5 1.00
706 707  0  5 1.00
706 708  0  5 1.00
706 709  0  5 1.00
706 710  0  5 1.00
706 711  0  5 1.00
707 708  0  5 1.00
707 709  0  5 1.00
707 710  0  5 1.00
707 711  0  5 1.00
708 709  0  5 1.00
708 710  0  5 1.00
708 711  0  5 1.00
708 712  0  5 1.00
709 710  0  5 1.00
709 711  0  5 1.00
709 712  0  5 1.00
709 713  0  5 1.00
710 711  0  5 1.00
710 712  0  5 1.00
710 713  0  5 1.00
710 714  0  5 1.00
711 712  0  5 1.00
711 713  0  5 1.00
711 714  0  5 1.00
711 715  0  5 1.00
711 716  0  5 1.00
712 713  0  5 1.00
712 714  0  5 1.00
712 715  0  5 1.00
712 716  0  5 1.00
712 717  0  5 1.00
713 714  0  5 1.00
713 715  0  5 1.00
713 716  0  5 1.00
713 717  0  5 1.00
713 718  0  5 1.00
713 719  0  5 1.00
714 715  0  5 1.00
714 716  0  5 1.00
714 717  0  5 1.00
714 718  0  5 1.00
715 716  0  5 1.00
715 717  0  5 1.00
716 717  0  5 1.00
716 718  0  5 1.00
716 719  0  5 1.00
716 720  0  5 1.00
716 721  0  5 1.00
717 718  0  5 1.00
717 719  0  5 1.00
717 720  0  5 1.00
717 721  0  5 1.00
718 719  0  5 1.00
718 720  0  5 1.00
719 720  0  5 1.00
719 721  0  5 1.00
720 721  0  5 1.00
720 722  0  5 1.00
721 722  0  5 1.00
721 723  0  5 1.00
722 723  0  5 1.00
722 724  0  5 1.00
723 724  0  5 1.00
723 725  0  5 1.00
724 725  0  5 1.00
724 726  0  5 1.00
725 726  0  5 1.00
725 728  0  5 1.00
725 729  0  5 1.00
726 728  0  5 1.00
726 729  0  5 1.00
726 730  0  5 1.00
726 731  0  5 1.00
728 729  0  5 1.00
728 730  0  5 1.00
728 731  0  5 1.00
728 732  0  5 1.00
729 730  0  5 1.00
729 731  0  5 1.00
729 732  0  5 1.00
729 733  0  5 1.00
730 731  0  5 1.00
730 732  0  5 1.00
730 733  0  5 1.00
730 734  0  5 1.00
730 735  0  5 1.00
731 732  0  5 1.00
731 733  0  5 1.00
731 734  0  5 1.00
731 735  0  5 1.00
732 733  0  5 1.00
732 734  0  5 1.00
732 735  0  5 1.00
732 736  0  5 1.00
732 737  0  5 1.00
733 734  0  5 1.00
733 735  0  5 1.00
733 736  0  5 1.00
733 737  0  5 1.00
733 738  0  5 1.00
734 735  0  5 1.00
734 736  0  5 1.00
734 737  0  5 1.00
734 738  0  5 1.00
734 739  0  5 1.00
735 736  0  5 1.00
735 737  0  5 1.00
735 738  0  5 1.00
735 739  0  5 1.00
736 737  0  5 1.00
736 738  0  5 1.00
736 739  0  5 1.00
736 740  0  5 1.00
736 741  0  5 1.00
737 738  0  5 1.00
737 739  0  5 1.00
737 740  0  5 1.00
737 741  0  5 1.00
737 742  0  5 1.00
738 739  0  5 1.00
738 740  0  5 1.00
738 741  0  5 1.00
738 742  0  5 1.00
739 740  0  5 1.00
739 741  0  5 1.00
739 742  0  5 1.00
739 743  0  5 1.00
739 744  0  5 1.00
740 741  0  5 1.00
740 742  0  5 1.00
740 743  0  5 1.00
740 744  0  5 1.00
741 742  0  5 1.00
741 743  0  5 1.00
742 743  0  5 1.00
742 744  0  5 1.00
743 744  0  5 1.00
743 745  0  5 1.00
744 745  0  5 1.00
744 746  0  5 1.00
744 747  0  5 1.00
744 748  0  5 1.00
745 746  0  5 1.00
745 747  0  5 1.00
745 748  0  5 1.00
745 749  0  5 1.00
745 750  0  5 1.00
746 747  0  5 1.00
746 748  0  5 1.00
746 749  0  5 1.00
746 750  0  5 1.00
747 748  0  5 1.00
747 749  0  5 1.00
747 750  0  5 1.00
747 751  0  5 1.00
748 749  0  5 1.00
748 750  0  5 1.00
748 751  0  5 1.00
748 752  0  5 1.00
749 750  0  5 1.00
749 751  0  5 1.00
749 752  0  5 1.00
749 753  0  5 1.00
749 754  0  5 1.00
750 751  0  5 1.00
750 752  0  5 1.00
750 753  0  5 1.00
750 754  0  5 1.00
750 755  0  5 1.00
751 752  0  5 1.00
751 753  0  5 1.00
751 754  0  5 1.00
751 755  0  5 1.00
751 756  0  5 1.00
751 775  0  5 1.00
751 779  0  5 1.00
752 753  0  5 1.00
752 754  0  5 1.00
752 755  0  5 1.00
752 756  0  5 1.00
752 757  0  5 1.00
753 754  0  5 1.00
753 755  0  5 1.00
753 756  0  5 1.00
753 757  0  5 1.00
754 755  0  5 1.00
754 756  0  5 1.00
754 757  0  5 1.00
754 758  0  5 1.00
755 756  0  5 1.00
755 757  0  5 1.00
755 758  0  5 1.00
756 757  0  5 1.00
756 758  0  5 1.00
756 760  0  5 1.00
757 758  0  5 1.00
757 760  0  5 1.00
757 761  0  5 1.00
758 760  0  5 1.00
758 761  0  5 1.00
758 762  0  5 1.00
758 764  0  5 1.00
760 761  0  5 1.00
760 762  0  5 1.00
761 762  0  5 1.00
761 763  0  5 1.00
761 764  0  5 1.00
761 765  0  5 1.00
762 763  0  5 1.00
762 764  0  5 1.00
762 765  0  5 1.00
763 764  0  5 1.00
763 765  0  5 1.00
764 765  0  5 1.00
764 766  0  5 1.00
765 766  0  5 1.00
765 767  0  5 1.00
766 767  0  5 1.00
766 768  0  5 1.00
767 768  0  5 1.00
767 769  0  5 1.00
768 769  0  5 1.00
768 770  0  5 1.00
768 771  0  5 1.00
768 772  0  5 1.00
769 770  0  5 1.00
769 771  0  5 1.00
769 772  0  5 1.00
769 773  0  5 1.00
770 771  0  5 1.00
770 772  0  5 1.00
770 773  0  5 1.00
771 772  0  5 1.00
771 773  0  5 1.00
771 774  0  5 1.00
771 775  0  5 1.00
771 776  0  5 1.00
772 773  0  5 1.00
772 774  0  5 1.00
772 775  0  5 1.00
772 776  0  5 1.00
772 777  0  5 1.00
773 774  0  5 1.00
773 775  0  5 1.00
773 776  0  5 1.00
773 777  0  5 1.00
774 775  0  5 1.00
774 776  0  5 1.00
774 777  0  5 1.00
774 778  0  5 1.00
774 779  0  5 1.00
775 776  0  5 1.00
775 777  0  5 1.00
775 778  0  5 1.00
775 779  0  5 1.00
775 780  0  5 1.00
776 777  0  5 1.00
776 778  0  5 1.00
776 779  0  5 1.00
776 780  0  5 1.00
776 781  0  5 1.00
776 810  0  5 1.00
777 778  0  5 1.00
777 779  0  5 1.00
777 780  0  5 1.00
777 781  0  5 1.00
777 810  0  5 1.00
777 813  0  5 1.00
778 779  0  5 1.00
778 780  0  5 1.00
778 781  0  5 1.00
778 782  0  5 1.00
778 783  0  5 1.00
779 780  0  5 1.00
779 781  0  5 1.00
779 782  0  5 1.00
779 783  0  5 1.00
780 781  0  5 1.00
780 782  0  5 1.00
780 783  0  5 1.00
780 784  0  5 1.00
780 813  0  5 1.00
780 814  0  5 1.00
780 815  0  5 1.00
781 782  0  5 1.00
781 783  0  5 1.00
781 813  0  5 1.00
781 814  0  5 1.00
781 815  0  5 1.00
782 783  0  5 1.00
782 784  0  5 1.00
783 784  0  5 1.00
783 785  0  5 1.00
784 785  0  5 1.00
784 786  0  5 1.00
784 787  0  5 1.00
784 788  0  5 1.00
785 786  0  5 1.00
785 787  0  5 1.00
785 788  0  5 1.00
785 789  0  5 1.00
785 790  0  5 1.00
786 787  0  5 1.00
786 788  0  5 1.00
786 789  0  5 1.00
786 790  0  5 1.00
787 788  0  5 1.00
787 789  0  5 1.00
787 790  0  5 1.00
787 791  0  5 1.00
787 792  0  5 1.00
788 789  0  5 1.00
788 790  0  5 1.00
788 791  0  5 1.00
788 792  0  5 1.00
788 793  0  5 1.00
789 790  0  5 1.00
789 791  0  5 1.00
789 792  0  5 1.00
789 793  0  5 1.00
790 791  0  5 1.00
790 792  0  5 1.00
790 793  0  5 1.00
790 794  0  5 1.00
791 792  0  5 1.00
791 793  0  5 1.00
791 794  0  5 1.00
791 795  0  5 1.00
792 793  0  5 1.00
792 794  0  5 1.00
792 795  0  5 1.00
792 796  0  5 1.00
793 794  0  5 1.00
793 795  0  5 1.00
793 796  0  5 1.00
793 797  0  5 1.00
794 795  0  5 1.00
794 796  0  5 1.00
794 797  0  5 1.00
794 798  0  5 1.00
795 796  0  5 1.00
795 797  0  5 1.00
795 798  0  5 1.00
796 797  0  5 1.00
796 798  0  5 1.00
797 798  0  5 1.00
797 799  0  5 1.00
798 799  0  5 1.00
798 800  0  5 1.00
799 800  0  5 1.00
799 801  0  5 1.00
800 801  0  5 1.00
800 802  0  5 1.00
800 803  0  5 1.00
800 804  0  5 1.00
801 802  0  5 1.00
801 803  0  5 1.00
801 804  0  5 1.00
801 805  0  5 1.00
802 803  0  5 1.00
802 804  0  5 1.00
802 805  0  5 1.00
802 806  0  5 1.00
803 804  0  5 1.00
803 805  0  5 1.00
803 806  0  5 1.00
803 807  0  5 1.00
804 805  0  5 1.00
804 806  0  5 1.00
804 807  0  5 1.00
804 808  0  5 1.00
805 806  0  5 1.00
805 807  0  5 1.00
805 808  0  5 1.00
805 809  0  5 1.00
806 807  0  5 1.00
806 808  0  5 1.00
806 809  0  5 1.00
806 810  0  5 1.00
807 808  0  5 1.00
807 809  0  5 1.00
807 810  0  5 1.00
807 811  0  5 1.00
807 812  0  5 1.00
808 809  0  5 1.00
808 810  0  5 1.00
808 811  0  5 1.00
808 812  0  5 1.00
809 810  0  5 1.00
809 811  0  5 1.00
809 812  0  5 1.00
809 813  0  5 1.00
810 811  0  5 1.00
810 812  0  5 1.00
810 813  0  5 1.00
810 814  0  5 1.00
811 812  0  5 1.00
811 813  0  5 1.00
811 814  0  5 1.00
812 813  0  5 1.00
812 814  0  5 1.00
812 844  0  5 1.00
812 845  0  5 1.00
812 848  0  5 1.00
813 814  0  5 1.00
813 815  0  5 1.00
814 815  0  5 1.00
814 816  0  5 1.00
815 816  0  5 1.00
815 817  0  5 1.00
816 817  0  5 1.00
816 818  0  5 1.00
816 819  0  5 1.00
816 820  0  5 1.00
817 818  0  5 1.00
817 819  0  5 1.00
817 820  0  5 1.00
817 821  0  5 1.00
817 822  0  5 1.00
818 819  0  5 1.00
818 820  0  5 1.00
818 821  0  5 1.00
818 822  0  5 1.00
818 823  0  5 1.00
819 820  0  5 1.00
819 821  0  5 1.00
819 822  0  5 1.00
819 823  0  5 1.00
820 821  0  5 1.00
820 822  0  5 1.00
820 823  0  5 1.00
820 824  0  5 1.00
821 822  0  5 1.00
821 823  0  5 1.00
821 824  0  5 1.00
821 825  0  5 1.00
822 823  0  5 1.00
822 824  0  5 1.00
822 825  0  5 1.00
822 826  0  5 1.00
823 824  0  5 1.00
823 825  0  5 1.00
823 826  0  5 1.00
823 827  0  5 1.00
824 825  0  5 1.00
824 826  0  5 1.00
824 827  0  5 1.00
824 828  0  5 1.00
825 826  0  5 1.00
825 827  0  5 1.00
825 828  0  5 1.00
825 829  0  5 1.00
826 827  0  5 1.00
826 828  0  5 1.00
826 829  0  5 1.00
826 832  0  5 1.00
826 833  0  5 1.00
827 828  0  5 1.00
827 829  0  5 1.00
827 833  0  5 1.00
827 838  0  5 1.00
828 829  0  5 1.00
828 830  0  5 1.00
829 830  0  5 1.00
829 831  0  5 1.00
829 832  0  5 1.00
829 833  0  5 1.00
830 831  0  5 1.00
830 832  0  5 1.00
830 833  0  5 1.00
830 834  0  5 1.00
831 832  0  5 1.00
831 833  0  5 1.00
832 833  0  5 1.00
832 834  0  5 1.00
833 834  0  5 1.00
833 835  0  5 1.00
834 835  0  5 1.00
834 836  0  5 1.00
834 837  0  5 1.00
834 838  0  5 1.00
835 836  0  5 1.00
835 837  0  5 1.00
835 838  0  5 1.00
835 839  0  5 1.00
836 837  0  5 1.00
836 838  0  5 1.00
837 838  0  5 1.00
837 839  0  5 1.00
837 840  0  5 1.00
837 841  0  5 1.00
838 839  0  5 1.00
838 840  0  5 1.00
838 841  0  5 1.00
838 842  0  5 1.00
839 840  0  5 1.00
839 841  0  5 1.00
839 842  0  5 1.00
839 843  0  5 1.00
840 841  0  5 1.00
840 842  0  5 1.00
840 843  0  5 1.00
840 844  0  5 1.00
841 842  0  5 1.00
841 843  0  5 1.00
841 844  0  5 1.00
841 845  0  5 1.00
842 843  0  5 1.00
842 844  0  5 1.00
842 845  0  5 1.00
842 846  0  5 1.00
843 844  0  5 1.00
843 845  0  5 1.00
843 846  0  5 1.00
843 847  0  5 1.00
844 845  0  5 1.00
844 846  0  5 1.00
844 847  0  5 1.00
844 848  0  5 1.00
845 846  0  5 1.00
845 847  0  5 1.00
845 848  0  5 1.00
845 851  0  5 1.00
845 852  0  5 1.00
846 847  0  5 1.00
846 848  0  5 1.00
846 849  0  5 1.00
846 851  0  5 1.00
846 852  0  5 1.00
847 848  0  5 1.00
847 849  0  5 1.00
848 849  0  5 1.00
848 850  0  5 1.00
848 851  0  5 1.00
848 852  0  5 1.00
849 850  0  5 1.00
849 851  0  5 1.00
849 852  0  5 1.00
849 853  0  5 1.00
850 851  0  5 1.00
850 852  0  5 1.00
850 853  0  5 1.00
850 854  0  5 1.00
851 852  0  5 1.00
851 853  0  5 1.00
851 854  0  5 1.00
851 855  0  5 1.00
851 856  0  5 1.00
852 853  0  5 1.00
852 854  0  5 1.00
852 855  0  5 1.00
852 856  0  5 1.00
852 857  0  5 1.00
853 854  0  5 1.00
853 855  0  5 1.00
853 856  0  5 1.00
853 857  0  5 1.00
853 858  0  5 1.00
854 855  0  5 1.00
854 856  0  5 1.00
854 857  0  5 1.00
854 858  0  5 1.00
854 859  0  5 1.00
855 856  0  5 1.00
855 857  0  5 1.00
855 858  0  5 1.00
855 859  0  5 1.00
855 860  0  5 1.00
856 857  0  5 1.00
856 858  0  5 1.00
856 859  0  5 1.00
856 860  0  5 1.00
857 858  0  5 1.00
857 859  0  5 1.00
857 860  0  5 1.00
857 861  0  5 1.00
857 862  0  5 1.00
858 859  0  5 1.00
858 860  0  5 1.00
858 861  0  5 1.00
858 862  0  5 1.00
858 863  0  5 1.00
859 860  0  5 1.00
859 861  0  5 1.00
859 862  0  5 1.00
859 863  0  5 1.00
860 861  0  5 1.00
860 862  0  5 1.00
860 863  0  5 1.00
861 862  0  5 1.00
861 863  0  5 1.00
862 863  0  5 1.00
862 864  0  5 1.00
862 865  0  5 1.00
862 866  0  5 1.00
862 867  0  5 1.00
863 864  0  5 1.00
863 865  0  5 1.00
863 866  0  5 1.00
863 867  0  5 1.00
864 865  0  5 1.00
864 866  0  5 1.00
864 867  0  5 1.00
864 868  0  5 1.00
865 866  0  5 1.00
865 867  0  5 1.00
865 868  0  5 1.00
865 869  0  5 1.00
866 867  0  5 1.00
866 868  0  5 1.00
866 869  0  5 1.00
866 870  0  5 1.00
867 868  0  5 1.00
867 869  0  5 1.00
867 870  0  5 1.00
868 869  0  5 1.00
868 870  0  5 1.00
869 870  0  5 1.00
870 876  0  5 1.00
870 877  0  5 1.00
873 874  0  5 1.00
873 875  0  5 1.00
874 875  0  5 1.00
874 876  0  5 1.00
875 876  0  5 1.00
875 877  0  5 1.00
875 878  0  5 1.00
875 879  0  5 1.00
876 877  0  5 1.00
876 878  0  5 1.00
876 879  0  5 1.00
876 880  0  5 1.00
877 878  0  5 1.00
877 879  0  5 1.00
877 880  0  5 1.00
877 881  0  5 1.00
877 912  0  5 1.00
878 879  0  5 1.00
878 880  0  5 1.00
878 881  0  5 1.00
878 882  0  5 1.00
878 883  0  5 1.00
878 911  0  5 1.00
878 912  0  5 1.00
879 880  0  5 1.00
879 881  0  5 1.00
879 882  0  5 1.00
879 883  0  5 1.00
879 884  0  5 1.00
880 881  0  5 1.00
880 882  0  5 1.00
880 883  0  5 1.00
880 884  0  5 1.00
881 882  0  5 1.00
881 883  0  5 1.00
881 884  0  5 1.00
881 885  0  5 1.00
882 883  0  5 1.00
882 884  0  5 1.00
882 885  0  5 1.00
882 886  0  5 1.00
883 884  0  5 1.00
883 885  0  5 1.00
883 886  0  5 1.00
884 885  0  5 1.00
884 886  0  5 1.00
884 887  0  5 1.00
885 886  0  5 1.00
885 887  0  5 1.00
885 888  0  5 1.00
886 887  0  5 1.00
886 888  0  5 1.00
887 888  0  5 1.00
887 889  0  5 1.00
888 889  0  5 1.00
888 890  0  5 1.00
888 923  0  5 1.00
888 926  0  5 1.00
889 890  0  5 1.00
889 891  0  5 1.00
889 923  0  5 1.00
889 926  0  5 1.00
889 927  0  5 1.00
890 891  0  5 1.00
890 892  0  5 1.00
890 893  0  5 1.00
890 894  0  5 1.00
890 927  0  5 1.00
891 892  0  5 1.00
891 893  0  5 1.00
891 894  0  5 1.00
891 895  0  5 1.00
891 896  0  5 1.00
892 893  0  5 1.00
892 894  0  5 1.00
892 895  0  5 1.00
892 896  0  5 1.00
893 894  0  5 1.00
893 895  0  5 1.00
893 896  0  5 1.00
893 897  0  5 1.00
894 895  0  5 1.00
894 896  0  5 1.00
894 897  0  5 1.00
894 898  0  5 1.00
895 896  0  5 1.00
895 897  0  5 1.00
895 898  0  5 1.00
895 899  0  5 1.00
895 900  0  5 1.00
896 897  0  5 1.00
896 898  0  5 1.00
896 899  0  5 1.00
896 900  0  5 1.00
897 898  0  5 1.00
897 899  0  5 1.00
897 900  0  5 1.00
897 901  0  5 1.00
898 899  0  5 1.00
898 900  0  5 1.00
898 901  0  5 1.00
898 902  0  5 1.00
899 900  0  5 1.00
899 901  0  5 1.00
899 902  0  5 1.00
899 903  0  5 1.00
899 904  0  5 1.00
900 901  0  5 1.00
900 902  0  5 1.00
900 903  0  5 1.00
900 904  0  5 1.00
901 902  0  5 1.00
901 903  0  5 1.00
901 904  0  5 1.00
902 903  0  5 1.00
902 904  0  5 1.00
903 904  0  5 1.00
903 906  0  5 1.00
904 906  0  5 1.00
904 907  0  5 1.00
904 908  0  5 1.00
906 907  0  5 1.00
906 908  0  5 1.00
907 908  0  5 1.00
907 909  0  5 1.00
908 909  0  5 1.00
908 910  0  5 1.00
909 910  0  5 1.00
909 911  0  5 1.00
909 912  0  5 1.00
909 913  0  5 1.00
910 911  0  5 1.00
910 912  0  5 1.00
910 913  0  5 1.00
911 912  0  5 1.00
911 913  0  5 1.00
911 914  0  5 1.00
912 913  0  5 1.00
912 914  0  5 1.00
912 915  0  5 1.00
912 916  0  5 1.00
913 914  0  5 1.00
913 915  0  5 1.00
913 916  0  5 1.00
913 917  0  5 1.00
914 915  0  5 1.00
914 916  0  5 1.00
914 917  0  5 1.00
914 918  0  5 1.00
914 919  0  5 1.00
915 916  0  5 1.00
915 917  0  5 1.00
915 918  0  5 1.00
915 919  0  5 1.00
916 917  0  5 1.00
916 918  0  5 1.00
916 919  0  5 1.00
916 920  0  5 1.00
917 918  0  5 1.00
917 919  0  5 1.00
917 920  0  5 1.00
917 921  0  5 1.00
918 919  0  5 1.00
918 920  0  5 1.00
918 921  0  5 1.00
918 922  0  5 1.00
918 923  0  5 1.00
919 920  0  5 1.00
919 921  0  5 1.00
919 922  0  5 1.00
919 923  0  5 1.00
920 921  0  5 1.00
920 922  0  5 1.00
920 923  0  5 1.00
920 924  0  5 1.00
921 922  0  5 1.00
921 923  0  5 1.00
921 924  0  5 1.00
921 925  0  5 1.00
922 923  0  5 1.00
922 924  0  5 1.00
922 925  0  5 1.00
922 926  0  5 1.00
923 924  0  5 1.00
923 925  0  5 1.00
923 926  0  5 1.00
923 927  0  5 1.00
924 925  0  5 1.00
924 926  0  5 1.00
924 927  0  5 1.00
924 928  0  5 1.00
925 926  0  5 1.00
925 927  0  5 1.00
925 928  0  5 1.00
925 929  0  5 1.00
925 930  0  5 1.00
926 927  0  5 1.00
926 928  0  5 1.00
926 929  0  5 1.00
926 930  0  5 1.00
926 931  0  5 1.00
927 928  0  5 1.00
927 929  0  5 1.00
927 930  0  5 1.00
927 931  0  5 1.00
928 929  0  5 1.00
928 930  0  5 1.00
928 931  0  5 1.00
928 932  0  5 1.00
929 930  0  5 1.00
929 931  0  5 1.00
929 932  0  5 1.00
929 933  0  5 1.00
929 934  0  5 1.00
930 931  0  5 1.00
930 932  0  5 1.00
930 933  0  5 1.00
930 934  0  5 1.00
931 932  0  5 1.00
931 933  0  5 1.00
931 934  0  5 1.00
932 933  0  5 1.00
932 934  0  5 1.00
933 934  0  5 1.00
933 935  0  5 1.00
933 936  0  5 1.00
933 937  0  5 1.00
933 938  0  5 1.00
934 935  0  5 1.00
934 936  0  5 1.00
934 937  0  5 1.00
934 938  0  5 1.00
934 939  0  5 1.00
935 936  0  5 1.00
935 937  0  5 1.00
935 938  0  5 1.00
935 939  0  5 1.00
935 940  0  5 1.00
936 937  0  5 1.00
936 938  0  5 1.00
936 939  0  5 1.00
936 940  0  5 1.00
936 941  0  5 1.00
937 938  0  5 1.00
937 939  0  5 1.00
937 940  0  5 1.00
937 941  0  5 1.00
937 942  0  5 1.00
938 939  0  5 1.00
938 940  0  5 1.00
938 941  0  5 1.00
938 942  0  5 1.00
939 940  0  5 1.00
939 941  0  5 1.00
939 942  0  5 1.00
939 943  0  5 1.00
939 944  0  5 1.00
940 941  0  5 1.00
940 942  0  5 1.00
940 943  0  5 1.00
940 944  0  5 1.00
940 945  0  5 1.00
941 942  0  5 1.00
941 943  0  5 1.00
941 944  0  5 1.00
941 945  0  5 1.00
942 943  0  5 1.00
942 944  0  5 1.00
942 945  0  5 1.00
943 944  0  5 1.00
943 945  0  5 1.00
944 945  0  5 1.00
END
HELX_P HELX_P1  AA1 LYS A 47  ? ARG A 51  ? LYS A 65  ARG A 69  5 ? 5  
HELX_P HELX_P2  AA2 ASP A 193 ? SER A 197 ? ASP A 211 SER A 215 5 ? 5  
HELX_P HELX_P3  AA3 SER A 253 ? LEU A 257 ? SER A 271 LEU A 275 5 ? 5  
HELX_P HELX_P4  AA4 ARG A 282 ? GLU A 288 ? ARG A 300 GLU A 306 1 ? 7  
HELX_P HELX_P5  AA5 GLY A 291 ? TYR A 309 ? GLY A 309 TYR A 327 1 ? 19 
HELX_P HELX_P6  AA6 GLU A 341 ? LEU A 345 ? GLU A 359 LEU A 363 1 ? 5  
HELX_P HELX_P7  AA7 SER A 352 ? PHE A 372 ? SER A 370 PHE A 390 1 ? 21 
HELX_P HELX_P8  AA8 TRP A 380 ? ASP A 383 ? TRP A 398 ASP A 401 5 ? 4  
HELX_P HELX_P9  AA9 LEU A 384 ? GLU A 403 ? LEU A 402 GLU A 421 1 ? 20 
HELX_P HELX_P10 AB1 ASN A 407 ? ASP A 410 ? ASN A 425 ASP A 428 5 ? 4  
HELX_P HELX_P11 AB2 LEU A 411 ? ASP A 416 ? LEU A 429 ASP A 434 1 ? 6  
HELX_P HELX_P12 AB3 ASP A 416 ? ALA A 425 ? ASP A 434 ALA A 443 1 ? 10 
HELX_P HELX_P13 AB4 PRO A 435 ? VAL A 439 ? PRO A 453 VAL A 457 5 ? 5  
HELX_P HELX_P14 AB5 THR A 441 ? MSE A 448 ? THR A 459 MSE A 466 1 ? 8  
HELX_P HELX_P15 AB6 ASP A 450 ? THR A 469 ? ASP A 468 THR A 487 1 ? 20 
HELX_P HELX_P16 AB7 THR A 469 ? ALA A 485 ? THR A 487 ALA A 503 1 ? 17 
HELX_P HELX_P17 AB8 THR A 490 ? ALA A 504 ? THR A 508 ALA A 522 1 ? 15 
HELX_P HELX_P18 AB9 THR A 513 ? GLN A 524 ? THR A 531 GLN A 542 1 ? 12 
HELX_P HELX_P19 AC1 ASP A 589 ? LYS A 592 ? ASP A 607 LYS A 610 5 ? 4  
HELX_P HELX_P20 AC2 VAL A 603 ? THR A 606 ? VAL A 621 THR A 624 5 ? 4  
HELX_P HELX_P21 AC3 ASP A 614 ? ASN A 628 ? ASP A 632 ASN A 646 1 ? 15 
HELX_P HELX_P22 AC4 LEU A 629 ? ILE A 632 ? LEU A 647 ILE A 650 5 ? 4  
HELX_P HELX_P23 AC5 PRO A 633 ? ALA A 650 ? PRO A 651 ALA A 668 1 ? 18 
HELX_P HELX_P24 AC6 PRO A 654 ? ASN A 661 ? PRO A 672 ASN A 679 1 ? 8  
HELX_P HELX_P25 AC7 THR A 662 ? GLU A 668 ? THR A 680 GLU A 686 5 ? 7  
HELX_P HELX_P26 AC8 GLU A 670 ? ASP A 689 ? GLU A 688 ASP A 707 1 ? 20 
HELX_P HELX_P27 AC9 VAL A 693 ? THR A 716 ? VAL A 711 THR A 734 1 ? 24 
HELX_P HELX_P28 AD1 ASN A 725 ? ASN A 742 ? ASN A 743 ASN A 760 1 ? 18 
HELX_P HELX_P29 AD2 LEU A 744 ? ASP A 761 ? LEU A 762 ASP A 779 1 ? 18 
HELX_P HELX_P30 AD3 HIS A 768 ? GLY A 783 ? HIS A 786 GLY A 801 1 ? 16 
HELX_P HELX_P31 AD4 GLY A 784 ? ALA A 798 ? GLY A 802 ALA A 816 1 ? 15 
HELX_P HELX_P32 AD5 LEU A 800 ? LEU A 811 ? LEU A 818 LEU A 829 1 ? 12 
HELX_P HELX_P33 AD6 ALA A 812 ? SER A 814 ? ALA A 830 SER A 832 5 ? 3  
HELX_P HELX_P34 AD7 GLU A 816 ? THR A 827 ? GLU A 834 THR A 845 1 ? 12 
HELX_P HELX_P35 AD8 ARG A 834 ? ASN A 848 ? ARG A 852 ASN A 866 1 ? 15 
HELX_P HELX_P36 AD9 ILE A 850 ? ASP A 869 ? ILE A 868 ASP A 887 1 ? 20 
HELX_P HELX_P37 AE1 PHE A 875 ? ARG A 886 ? PHE A 893 ARG A 904 1 ? 12 
HELX_P HELX_P38 AE2 SER A 890 ? ASN A 904 ? SER A 908 ASN A 922 1 ? 15 
HELX_P HELX_P39 AE3 PHE A 909 ? SER A 911 ? PHE A 927 SER A 929 5 ? 3  
HELX_P HELX_P40 AE4 GLY A 912 ? SER A 945 ? GLY A 930 SER A 963 1 ? 34 