5t4a 783
 21  22  0  5 1.00
 21  23  0  5 1.00
 22  23  0  5 1.00
 22  24  0  5 1.00
 22  31  0  5 1.00
 22  32  0  5 1.00
 22  33  0  5 1.00
 22  34  0  5 1.00
 23  24  0  5 1.00
 23  25  0  5 1.00
 23  31  0  5 1.00
 23  32  0  5 1.00
 23  33  0  5 1.00
 24  25  0  5 1.00
 24  26  0  5 1.00
 24  29  0  5 1.00
 24  30  0  5 1.00
 24  31  0  5 1.00
 25  26  0  5 1.00
 25  27  0  5 1.00
 25  29  0  5 1.00
 25  30  0  5 1.00
 26  27  0  5 1.00
 26  28  0  5 1.00
 26  29  0  5 1.00
 26  30  0  5 1.00
 26 485  0  5 1.00
 26 487  0  5 1.00
 26 491  0  5 1.00
 27  28  0  5 1.00
 27  29  0  5 1.00
 27 485  0  5 1.00
 27 486  0  5 1.00
 27 487  0  5 1.00
 28  29  0  5 1.00
 28  30  0  5 1.00
 28 486  0  5 1.00
 28 487  0  5 1.00
 29  30  0  5 1.00
 29  31  0  5 1.00
 29 421  0  5 1.00
 29 422  0  5 1.00
 29 487  0  5 1.00
 30  31  0  5 1.00
 30  32  0  5 1.00
 30 421  0  5 1.00
 30 422  0  5 1.00
 30 423  0  5 1.00
 30 436  0  5 1.00
 31  32  0  5 1.00
 31  33  0  5 1.00
 31 423  0  5 1.00
 31 436  0  5 1.00
 32  33  0  5 1.00
 32  34  0  5 1.00
 32 436  0  5 1.00
 32 437  0  5 1.00
 32 438  0  5 1.00
 33  34  0  5 1.00
 33  35  0  5 1.00
 33 438  0  5 1.00
 34  35  0  5 1.00
 34  36  0  5 1.00
 35  36  0  5 1.00
 35  37  0  5 1.00
 36  37  0  5 1.00
 36  38  0  5 1.00
 36 431  0  5 1.00
 37  38  0  5 1.00
 37  39  0  5 1.00
 37 431  0  5 1.00
 37 432  0  5 1.00
 38  39  0  5 1.00
 38  40  0  5 1.00
 38 432  0  5 1.00
 39  40  0  5 1.00
 39  41  0  5 1.00
 39 432  0  5 1.00
 39 433  0  5 1.00
 40  41  0  5 1.00
 40  42  0  5 1.00
 40  43  0  5 1.00
 41  42  0  5 1.00
 41  43  0  5 1.00
 42  43  0  5 1.00
 42  44  0  5 1.00
 43  44  0  5 1.00
 43  45  0  5 1.00
 44  45  0  5 1.00
 44  46  0  5 1.00
 45  46  0  5 1.00
 45  47  0  5 1.00
 45  48  0  5 1.00
 45  49  0  5 1.00
 46  47  0  5 1.00
 46  48  0  5 1.00
 46  49  0  5 1.00
 46  50  0  5 1.00
 47  48  0  5 1.00
 47  49  0  5 1.00
 47  50  0  5 1.00
 47  51  0  5 1.00
 48  49  0  5 1.00
 48  50  0  5 1.00
 48  51  0  5 1.00
 48  52  0  5 1.00
 49  50  0  5 1.00
 49  51  0  5 1.00
 49  52  0  5 1.00
 49  53  0  5 1.00
 50  51  0  5 1.00
 50  52  0  5 1.00
 50  53  0  5 1.00
 51  52  0  5 1.00
 51  53  0  5 1.00
 51 450  0  5 1.00
 51 455  0  5 1.00
 51 456  0  5 1.00
 52  53  0  5 1.00
 52  54  0  5 1.00
 53  54  0  5 1.00
 53  55  0  5 1.00
 53 455  0  5 1.00
 53 456  0  5 1.00
 54  55  0  5 1.00
 54  56  0  5 1.00
 54 455  0  5 1.00
 54 456  0  5 1.00
 55  56  0  5 1.00
 55  57  0  5 1.00
 55 455  0  5 1.00
 55 456  0  5 1.00
 56  57  0  5 1.00
 56  58  0  5 1.00
 56 456  0  5 1.00
 57  58  0  5 1.00
 57  59  0  5 1.00
 58  59  0  5 1.00
 58  60  0  5 1.00
 58  79  0  5 1.00
 58  80  0  5 1.00
 59  60  0  5 1.00
 59  61  0  5 1.00
 59  79  0  5 1.00
 60  61  0  5 1.00
 60  62  0  5 1.00
 60  78  0  5 1.00
 60  79  0  5 1.00
 60  80  0  5 1.00
 60 145  0  5 1.00
 60 146  0  5 1.00
 60 147  0  5 1.00
 61  62  0  5 1.00
 61  63  0  5 1.00
 61 146  0  5 1.00
 61 147  0  5 1.00
 62  63  0  5 1.00
 62  64  0  5 1.00
 62  65  0  5 1.00
 62 147  0  5 1.00
 62 148  0  5 1.00
 63  64  0  5 1.00
 63  65  0  5 1.00
 64  65  0  5 1.00
 64  66  0  5 1.00
 64 148  0  5 1.00
 65  66  0  5 1.00
 65  67  0  5 1.00
 65 148  0  5 1.00
 66  67  0  5 1.00
 66  68  0  5 1.00
 67  68  0  5 1.00
 67  69  0  5 1.00
 67 442  0  5 1.00
 68  69  0  5 1.00
 68  70  0  5 1.00
 68 442  0  5 1.00
 68 443  0  5 1.00
 68 507  0  5 1.00
 68 509  0  5 1.00
 69  70  0  5 1.00
 69  71  0  5 1.00
 69 442  0  5 1.00
 69 443  0  5 1.00
 69 509  0  5 1.00
 70  71  0  5 1.00
 70  72  0  5 1.00
 71  72  0  5 1.00
 71  73  0  5 1.00
 71 512  0  5 1.00
 71 525  0  5 1.00
 72  73  0  5 1.00
 72  74  0  5 1.00
 72 512  0  5 1.00
 72 513  0  5 1.00
 72 522  0  5 1.00
 72 524  0  5 1.00
 72 525  0  5 1.00
 72 526  0  5 1.00
 73  74  0  5 1.00
 73  75  0  5 1.00
 73  76  0  5 1.00
 73 524  0  5 1.00
 73 525  0  5 1.00
 73 527  0  5 1.00
 74  75  0  5 1.00
 74  76  0  5 1.00
 74  87  0  5 1.00
 74  88  0  5 1.00
 74 532  0  5 1.00
 74 533  0  5 1.00
 75  76  0  5 1.00
 75  77  0  5 1.00
 75  78  0  5 1.00
 75  79  0  5 1.00
 76  77  0  5 1.00
 76  78  0  5 1.00
 76  79  0  5 1.00
 76  80  0  5 1.00
 76 526  0  5 1.00
 76 527  0  5 1.00
 77  78  0  5 1.00
 77  79  0  5 1.00
 77  80  0  5 1.00
 77  81  0  5 1.00
 77  83  0  5 1.00
 77  84  0  5 1.00
 77  85  0  5 1.00
 77 526  0  5 1.00
 77 527  0  5 1.00
 77 528  0  5 1.00
 78  79  0  5 1.00
 78  80  0  5 1.00
 78  81  0  5 1.00
 78  83  0  5 1.00
 78  84  0  5 1.00
 78  85  0  5 1.00
 78 145  0  5 1.00
 78 146  0  5 1.00
 78 147  0  5 1.00
 79  80  0  5 1.00
 79  81  0  5 1.00
 80  81  0  5 1.00
 80  82  0  5 1.00
 81  82  0  5 1.00
 81  83  0  5 1.00
 81  84  0  5 1.00
 81 145  0  5 1.00
 82  83  0  5 1.00
 82  84  0  5 1.00
 82 144  0  5 1.00
 82 145  0  5 1.00
 83  84  0  5 1.00
 83  85  0  5 1.00
 83  96  0  5 1.00
 83 145  0  5 1.00
 84  85  0  5 1.00
 84  86  0  5 1.00
 84  96  0  5 1.00
 85  86  0  5 1.00
 85  87  0  5 1.00
 85  94  0  5 1.00
 85  95  0  5 1.00
 85  96  0  5 1.00
 85 529  0  5 1.00
 86  87  0  5 1.00
 86  88  0  5 1.00
 86  94  0  5 1.00
 86  95  0  5 1.00
 86 529  0  5 1.00
 86 530  0  5 1.00
 86 531  0  5 1.00
 86 532  0  5 1.00
 87  88  0  5 1.00
 87  89  0  5 1.00
 87  92  0  5 1.00
 87  93  0  5 1.00
 87  94  0  5 1.00
 87  95  0  5 1.00
 88  89  0  5 1.00
 88  90  0  5 1.00
 88  92  0  5 1.00
 88  93  0  5 1.00
 88  94  0  5 1.00
 88 172  0  5 1.00
 89  90  0  5 1.00
 89  91  0  5 1.00
 89  92  0  5 1.00
 89  93  0  5 1.00
 89 171  0  5 1.00
 89 172  0  5 1.00
 89 173  0  5 1.00
 89 174  0  5 1.00
 90  91  0  5 1.00
 90  92  0  5 1.00
 90 171  0  5 1.00
 90 172  0  5 1.00
 90 173  0  5 1.00
 90 174  0  5 1.00
 91  92  0  5 1.00
 91  93  0  5 1.00
 91 104  0  5 1.00
 91 105  0  5 1.00
 91 174  0  5 1.00
 92  93  0  5 1.00
 92  94  0  5 1.00
 92 104  0  5 1.00
 93  94  0  5 1.00
 93  95  0  5 1.00
 93 102  0  5 1.00
 93 103  0  5 1.00
 93 104  0  5 1.00
 93 105  0  5 1.00
 94  95  0  5 1.00
 94  96  0  5 1.00
 94 102  0  5 1.00
 94 103  0  5 1.00
 95  96  0  5 1.00
 95  97  0  5 1.00
 95 100  0  5 1.00
 95 101  0  5 1.00
 95 102  0  5 1.00
 96  97  0  5 1.00
 96  98  0  5 1.00
 96 100  0  5 1.00
 96 101  0  5 1.00
 97  98  0  5 1.00
 97  99  0  5 1.00
 97 100  0  5 1.00
 97 101  0  5 1.00
 98  99  0  5 1.00
 98 100  0  5 1.00
 98 140  0  5 1.00
 98 141  0  5 1.00
 98 142  0  5 1.00
 99 100  0  5 1.00
 99 101  0  5 1.00
 99 134  0  5 1.00
 99 135  0  5 1.00
 99 139  0  5 1.00
 99 140  0  5 1.00
 99 141  0  5 1.00
 99 142  0  5 1.00
100 101  0  5 1.00
100 102  0  5 1.00
100 134  0  5 1.00
100 135  0  5 1.00
101 102  0  5 1.00
101 103  0  5 1.00
101 132  0  5 1.00
101 133  0  5 1.00
101 134  0  5 1.00
102 103  0  5 1.00
102 104  0  5 1.00
102 132  0  5 1.00
102 133  0  5 1.00
102 134  0  5 1.00
103 104  0  5 1.00
103 105  0  5 1.00
103 129  0  5 1.00
103 130  0  5 1.00
103 131  0  5 1.00
103 132  0  5 1.00
103 133  0  5 1.00
104 105  0  5 1.00
104 106  0  5 1.00
104 129  0  5 1.00
104 130  0  5 1.00
104 131  0  5 1.00
105 106  0  5 1.00
105 107  0  5 1.00
106 107  0  5 1.00
106 108  0  5 1.00
106 325  0  5 1.00
107 108  0  5 1.00
107 109  0  5 1.00
107 110  0  5 1.00
107 111  0  5 1.00
108 109  0  5 1.00
108 110  0  5 1.00
108 111  0  5 1.00
109 110  0  5 1.00
109 111  0  5 1.00
110 111  0  5 1.00
110 112  0  5 1.00
110 125  0  5 1.00
110 126  0  5 1.00
110 127  0  5 1.00
111 112  0  5 1.00
111 113  0  5 1.00
111 125  0  5 1.00
111 126  0  5 1.00
112 113  0  5 1.00
112 114  0  5 1.00
112 123  0  5 1.00
112 124  0  5 1.00
112 125  0  5 1.00
113 114  0  5 1.00
113 115  0  5 1.00
113 123  0  5 1.00
113 124  0  5 1.00
114 115  0  5 1.00
114 116  0  5 1.00
114 121  0  5 1.00
114 122  0  5 1.00
114 123  0  5 1.00
115 116  0  5 1.00
115 117  0  5 1.00
115 121  0  5 1.00
115 122  0  5 1.00
115 123  0  5 1.00
116 117  0  5 1.00
116 118  0  5 1.00
116 119  0  5 1.00
116 120  0  5 1.00
116 121  0  5 1.00
116 122  0  5 1.00
117 118  0  5 1.00
117 119  0  5 1.00
117 120  0  5 1.00
117 121  0  5 1.00
118 119  0  5 1.00
118 120  0  5 1.00
119 120  0  5 1.00
119 121  0  5 1.00
120 121  0  5 1.00
120 122  0  5 1.00
120 606  0  5 1.00
121 122  0  5 1.00
121 123  0  5 1.00
121 606  0  5 1.00
122 123  0  5 1.00
122 124  0  5 1.00
122 604  0  5 1.00
122 605  0  5 1.00
122 606  0  5 1.00
122 607  0  5 1.00
123 124  0  5 1.00
123 125  0  5 1.00
123 604  0  5 1.00
123 605  0  5 1.00
123 606  0  5 1.00
124 125  0  5 1.00
124 126  0  5 1.00
124 602  0  5 1.00
124 603  0  5 1.00
124 604  0  5 1.00
124 605  0  5 1.00
125 126  0  5 1.00
125 127  0  5 1.00
125 602  0  5 1.00
125 603  0  5 1.00
126 127  0  5 1.00
126 128  0  5 1.00
126 602  0  5 1.00
127 128  0  5 1.00
127 129  0  5 1.00
128 129  0  5 1.00
128 130  0  5 1.00
129 130  0  5 1.00
129 131  0  5 1.00
130 131  0  5 1.00
130 132  0  5 1.00
131 132  0  5 1.00
131 133  0  5 1.00
131 189  0  5 1.00
131 190  0  5 1.00
132 133  0  5 1.00
132 134  0  5 1.00
132 189  0  5 1.00
132 190  0  5 1.00
133 134  0  5 1.00
133 135  0  5 1.00
133 187  0  5 1.00
133 188  0  5 1.00
133 189  0  5 1.00
134 135  0  5 1.00
134 136  0  5 1.00
134 187  0  5 1.00
134 188  0  5 1.00
135 136  0  5 1.00
135 137  0  5 1.00
135 185  0  5 1.00
135 186  0  5 1.00
135 187  0  5 1.00
135 188  0  5 1.00
136 137  0  5 1.00
136 138  0  5 1.00
136 139  0  5 1.00
136 185  0  5 1.00
137 138  0  5 1.00
137 139  0  5 1.00
137 185  0  5 1.00
138 139  0  5 1.00
138 140  0  5 1.00
139 140  0  5 1.00
139 141  0  5 1.00
140 141  0  5 1.00
140 142  0  5 1.00
141 142  0  5 1.00
141 143  0  5 1.00
142 143  0  5 1.00
142 144  0  5 1.00
142 160  0  5 1.00
143 144  0  5 1.00
143 145  0  5 1.00
143 160  0  5 1.00
144 145  0  5 1.00
144 146  0  5 1.00
144 158  0  5 1.00
144 159  0  5 1.00
144 160  0  5 1.00
145 146  0  5 1.00
145 147  0  5 1.00
145 158  0  5 1.00
145 159  0  5 1.00
146 147  0  5 1.00
146 148  0  5 1.00
146 156  0  5 1.00
146 157  0  5 1.00
146 158  0  5 1.00
146 159  0  5 1.00
147 148  0  5 1.00
147 149  0  5 1.00
147 156  0  5 1.00
147 157  0  5 1.00
147 158  0  5 1.00
148 149  0  5 1.00
148 150  0  5 1.00
148 156  0  5 1.00
148 157  0  5 1.00
148 158  0  5 1.00
149 150  0  5 1.00
149 151  0  5 1.00
149 154  0  5 1.00
149 155  0  5 1.00
149 156  0  5 1.00
150 151  0  5 1.00
150 152  0  5 1.00
150 154  0  5 1.00
150 155  0  5 1.00
150 156  0  5 1.00
151 152  0  5 1.00
151 153  0  5 1.00
151 154  0  5 1.00
151 266  0  5 1.00
152 153  0  5 1.00
152 154  0  5 1.00
152 266  0  5 1.00
152 516  0  5 1.00
153 154  0  5 1.00
153 155  0  5 1.00
153 170  0  5 1.00
153 171  0  5 1.00
153 172  0  5 1.00
153 266  0  5 1.00
154 155  0  5 1.00
154 156  0  5 1.00
154 170  0  5 1.00
154 171  0  5 1.00
155 156  0  5 1.00
155 157  0  5 1.00
155 168  0  5 1.00
155 169  0  5 1.00
155 170  0  5 1.00
155 171  0  5 1.00
156 157  0  5 1.00
156 158  0  5 1.00
156 168  0  5 1.00
156 169  0  5 1.00
157 158  0  5 1.00
157 159  0  5 1.00
157 166  0  5 1.00
157 167  0  5 1.00
157 168  0  5 1.00
158 159  0  5 1.00
158 160  0  5 1.00
158 166  0  5 1.00
158 167  0  5 1.00
159 160  0  5 1.00
159 161  0  5 1.00
159 164  0  5 1.00
159 165  0  5 1.00
159 166  0  5 1.00
159 167  0  5 1.00
160 161  0  5 1.00
160 162  0  5 1.00
160 164  0  5 1.00
160 165  0  5 1.00
161 162  0  5 1.00
161 163  0  5 1.00
161 164  0  5 1.00
162 163  0  5 1.00
162 164  0  5 1.00
163 164  0  5 1.00
163 165  0  5 1.00
163 182  0  5 1.00
163 183  0  5 1.00
164 165  0  5 1.00
164 166  0  5 1.00
164 182  0  5 1.00
164 183  0  5 1.00
165 166  0  5 1.00
165 167  0  5 1.00
165 180  0  5 1.00
165 181  0  5 1.00
165 182  0  5 1.00
166 167  0  5 1.00
166 168  0  5 1.00
166 180  0  5 1.00
166 181  0  5 1.00
166 182  0  5 1.00
167 168  0  5 1.00
167 169  0  5 1.00
167 178  0  5 1.00
167 179  0  5 1.00
167 180  0  5 1.00
168 169  0  5 1.00
168 170  0  5 1.00
168 178  0  5 1.00
168 179  0  5 1.00
169 170  0  5 1.00
169 171  0  5 1.00
169 176  0  5 1.00
169 177  0  5 1.00
169 178  0  5 1.00
170 171  0  5 1.00
170 172  0  5 1.00
170 176  0  5 1.00
170 177  0  5 1.00
171 172  0  5 1.00
171 173  0  5 1.00
171 174  0  5 1.00
171 176  0  5 1.00
172 173  0  5 1.00
172 174  0  5 1.00
173 174  0  5 1.00
173 175  0  5 1.00
173 299  0  5 1.00
173 300  0  5 1.00
173 301  0  5 1.00
174 175  0  5 1.00
174 176  0  5 1.00
174 299  0  5 1.00
174 301  0  5 1.00
175 176  0  5 1.00
175 177  0  5 1.00
175 241  0  5 1.00
175 242  0  5 1.00
175 243  0  5 1.00
175 299  0  5 1.00
176 177  0  5 1.00
176 178  0  5 1.00
176 241  0  5 1.00
176 242  0  5 1.00
177 178  0  5 1.00
177 179  0  5 1.00
177 239  0  5 1.00
177 240  0  5 1.00
177 241  0  5 1.00
178 179  0  5 1.00
178 180  0  5 1.00
178 239  0  5 1.00
178 240  0  5 1.00
179 180  0  5 1.00
179 181  0  5 1.00
179 237  0  5 1.00
179 238  0  5 1.00
179 239  0  5 1.00
179 240  0  5 1.00
180 181  0  5 1.00
180 182  0  5 1.00
180 237  0  5 1.00
180 238  0  5 1.00
181 182  0  5 1.00
181 183  0  5 1.00
181 184  0  5 1.00
181 237  0  5 1.00
181 238  0  5 1.00
182 183  0  5 1.00
182 184  0  5 1.00
183 184  0  5 1.00
183 185  0  5 1.00
184 185  0  5 1.00
184 186  0  5 1.00
184 235  0  5 1.00
184 236  0  5 1.00
184 237  0  5 1.00
185 186  0  5 1.00
185 187  0  5 1.00
185 234  0  5 1.00
185 235  0  5 1.00
185 236  0  5 1.00
186 187  0  5 1.00
186 188  0  5 1.00
186 232  0  5 1.00
186 233  0  5 1.00
186 234  0  5 1.00
186 236  0  5 1.00
187 188  0  5 1.00
187 189  0  5 1.00
187 232  0  5 1.00
187 233  0  5 1.00
188 189  0  5 1.00
188 190  0  5 1.00
188 230  0  5 1.00
188 231  0  5 1.00
188 232  0  5 1.00
188 233  0  5 1.00
189 190  0  5 1.00
189 191  0  5 1.00
189 230  0  5 1.00
189 231  0  5 1.00
190 191  0  5 1.00
190 192  0  5 1.00
190 230  0  5 1.00
190 231  0  5 1.00
191 192  0  5 1.00
191 193  0  5 1.00
192 193  0  5 1.00
192 194  0  5 1.00
193 194  0  5 1.00
193 195  0  5 1.00
193 209  0  5 1.00
193 229  0  5 1.00
193 230  0  5 1.00
194 195  0  5 1.00
194 196  0  5 1.00
194 207  0  5 1.00
194 208  0  5 1.00
194 209  0  5 1.00
194 228  0  5 1.00
194 229  0  5 1.00
195 196  0  5 1.00
195 197  0  5 1.00
195 205  0  5 1.00
195 206  0  5 1.00
195 207  0  5 1.00
196 197  0  5 1.00
196 198  0  5 1.00
196 205  0  5 1.00
196 206  0  5 1.00
197 198  0  5 1.00
197 199  0  5 1.00
197 205  0  5 1.00
197 206  0  5 1.00
198 199  0  5 1.00
198 200  0  5 1.00
198 203  0  5 1.00
198 204  0  5 1.00
198 205  0  5 1.00
199 200  0  5 1.00
199 201  0  5 1.00
199 203  0  5 1.00
199 204  0  5 1.00
200 201  0  5 1.00
200 202  0  5 1.00
200 203  0  5 1.00
200 204  0  5 1.00
201 202  0  5 1.00
201 203  0  5 1.00
201 222  0  5 1.00
201 223  0  5 1.00
201 224  0  5 1.00
202 203  0  5 1.00
202 204  0  5 1.00
202 216  0  5 1.00
202 217  0  5 1.00
202 218  0  5 1.00
202 219  0  5 1.00
202 222  0  5 1.00
202 223  0  5 1.00
202 224  0  5 1.00
203 204  0  5 1.00
203 205  0  5 1.00
203 216  0  5 1.00
203 217  0  5 1.00
203 218  0  5 1.00
204 205  0  5 1.00
204 206  0  5 1.00
204 214  0  5 1.00
204 215  0  5 1.00
204 216  0  5 1.00
205 206  0  5 1.00
205 207  0  5 1.00
205 214  0  5 1.00
205 215  0  5 1.00
206 207  0  5 1.00
206 208  0  5 1.00
206 212  0  5 1.00
206 213  0  5 1.00
206 214  0  5 1.00
206 215  0  5 1.00
207 208  0  5 1.00
207 209  0  5 1.00
207 212  0  5 1.00
207 213  0  5 1.00
208 209  0  5 1.00
208 210  0  5 1.00
208 211  0  5 1.00
208 212  0  5 1.00
209 210  0  5 1.00
209 211  0  5 1.00
210 211  0  5 1.00
210 212  0  5 1.00
211 212  0  5 1.00
211 213  0  5 1.00
212 213  0  5 1.00
212 214  0  5 1.00
213 214  0  5 1.00
213 215  0  5 1.00
213 242  0  5 1.00
213 243  0  5 1.00
213 244  0  5 1.00
214 215  0  5 1.00
214 216  0  5 1.00
214 242  0  5 1.00
214 243  0  5 1.00
214 244  0  5 1.00
215 216  0  5 1.00
215 217  0  5 1.00
215 240  0  5 1.00
215 241  0  5 1.00
215 242  0  5 1.00
216 217  0  5 1.00
216 218  0  5 1.00
216 240  0  5 1.00
216 241  0  5 1.00
217 218  0  5 1.00
217 219  0  5 1.00
217 238  0  5 1.00
217 239  0  5 1.00
217 240  0  5 1.00
218 219  0  5 1.00
218 220  0  5 1.00
218 222  0  5 1.00
218 238  0  5 1.00
218 239  0  5 1.00
219 220  0  5 1.00
219 221  0  5 1.00
219 222  0  5 1.00
219 238  0  5 1.00
220 221  0  5 1.00
220 222  0  5 1.00
221 222  0  5 1.00
221 223  0  5 1.00
222 223  0  5 1.00
222 224  0  5 1.00
223 224  0  5 1.00
223 225  0  5 1.00
223 233  0  5 1.00
223 234  0  5 1.00
223 235  0  5 1.00
224 225  0  5 1.00
224 226  0  5 1.00
224 233  0  5 1.00
224 234  0  5 1.00
225 226  0  5 1.00
225 227  0  5 1.00
225 231  0  5 1.00
225 232  0  5 1.00
225 233  0  5 1.00
226 227  0  5 1.00
226 228  0  5 1.00
226 229  0  5 1.00
226 230  0  5 1.00
226 231  0  5 1.00
226 232  0  5 1.00
226 233  0  5 1.00
227 228  0  5 1.00
227 229  0  5 1.00
228 229  0  5 1.00
228 230  0  5 1.00
229 230  0  5 1.00
229 231  0  5 1.00
230 231  0  5 1.00
230 232  0  5 1.00
231 232  0  5 1.00
231 233  0  5 1.00
232 233  0  5 1.00
232 234  0  5 1.00
233 234  0  5 1.00
233 235  0  5 1.00
234 235  0  5 1.00
234 236  0  5 1.00
235 236  0  5 1.00
235 237  0  5 1.00
236 237  0  5 1.00
236 238  0  5 1.00
237 238  0  5 1.00
237 239  0  5 1.00
238 239  0  5 1.00
238 240  0  5 1.00
239 240  0  5 1.00
239 241  0  5 1.00
240 241  0  5 1.00
240 242  0  5 1.00
240 259  0  5 1.00
241 242  0  5 1.00
241 243  0  5 1.00
242 243  0  5 1.00
242 244  0  5 1.00
243 244  0  5 1.00
243 245  0  5 1.00
244 245  0  5 1.00
244 246  0  5 1.00
245 246  0  5 1.00
245 247  0  5 1.00
245 323  0  5 1.00
246 247  0  5 1.00
246 248  0  5 1.00
247 248  0  5 1.00
247 249  0  5 1.00
248 249  0  5 1.00
248 250  0  5 1.00
248 251  0  5 1.00
248 252  0  5 1.00
249 250  0  5 1.00
249 251  0  5 1.00
249 252  0  5 1.00
249 253  0  5 1.00
250 251  0  5 1.00
250 252  0  5 1.00
250 253  0  5 1.00
250 254  0  5 1.00
251 252  0  5 1.00
251 253  0  5 1.00
251 254  0  5 1.00
251 255  0  5 1.00
251 256  0  5 1.00
252 253  0  5 1.00
252 254  0  5 1.00
252 255  0  5 1.00
252 256  0  5 1.00
253 254  0  5 1.00
253 255  0  5 1.00
253 256  0  5 1.00
253 257  0  5 1.00
254 255  0  5 1.00
254 256  0  5 1.00
254 257  0  5 1.00
254 258  0  5 1.00
255 256  0  5 1.00
255 257  0  5 1.00
255 258  0  5 1.00
255 259  0  5 1.00
256 257  0  5 1.00
256 258  0  5 1.00
256 259  0  5 1.00
256 260  0  5 1.00
257 258  0  5 1.00
257 259  0  5 1.00
257 295  0  5 1.00
258 259  0  5 1.00
258 260  0  5 1.00
258 261  0  5 1.00
258 297  0  5 1.00
259 260  0  5 1.00
259 261  0  5 1.00
260 261  0  5 1.00
260 262  0  5 1.00
260 288  0  5 1.00
260 289  0  5 1.00
260 290  0  5 1.00
260 291  0  5 1.00
261 262  0  5 1.00
261 263  0  5 1.00
261 287  0  5 1.00
261 288  0  5 1.00
261 289  0  5 1.00
261 290  0  5 1.00
261 295  0  5 1.00
261 297  0  5 1.00
262 263  0  5 1.00
262 264  0  5 1.00
262 286  0  5 1.00
262 287  0  5 1.00
262 288  0  5 1.00
263 264  0  5 1.00
263 265  0  5 1.00
263 286  0  5 1.00
263 287  0  5 1.00
264 265  0  5 1.00
264 266  0  5 1.00
264 286  0  5 1.00
264 287  0  5 1.00
264 288  0  5 1.00
265 266  0  5 1.00
265 267  0  5 1.00
265 284  0  5 1.00
265 285  0  5 1.00
265 286  0  5 1.00
266 267  0  5 1.00
266 268  0  5 1.00
266 284  0  5 1.00
266 285  0  5 1.00
266 286  0  5 1.00
267 268  0  5 1.00
267 269  0  5 1.00
267 282  0  5 1.00
267 283  0  5 1.00
267 284  0  5 1.00
268 269  0  5 1.00
268 270  0  5 1.00
268 282  0  5 1.00
268 283  0  5 1.00
269 270  0  5 1.00
269 271  0  5 1.00
269 280  0  5 1.00
269 281  0  5 1.00
269 282  0  5 1.00
270 271  0  5 1.00
270 272  0  5 1.00
270 280  0  5 1.00
270 281  0  5 1.00
270 282  0  5 1.00
271 272  0  5 1.00
271 273  0  5 1.00
271 278  0  5 1.00
271 279  0  5 1.00
271 280  0  5 1.00
272 273  0  5 1.00
272 274  0  5 1.00
272 278  0  5 1.00
272 279  0  5 1.00
273 274  0  5 1.00
273 275  0  5 1.00
273 276  0  5 1.00
273 277  0  5 1.00
273 278  0  5 1.00
274 275  0  5 1.00
274 276  0  5 1.00
274 277  0  5 1.00
274 724  0  5 1.00
274 725  0  5 1.00
274 726  0  5 1.00
275 276  0  5 1.00
275 277  0  5 1.00
275 724  0  5 1.00
275 725  0  5 1.00
276 277  0  5 1.00
276 278  0  5 1.00
276 724  0  5 1.00
277 278  0  5 1.00
277 279  0  5 1.00
277 343  0  5 1.00
277 344  0  5 1.00
277 345  0  5 1.00
277 724  0  5 1.00
278 279  0  5 1.00
278 280  0  5 1.00
278 343  0  5 1.00
278 344  0  5 1.00
279 280  0  5 1.00
279 281  0  5 1.00
279 341  0  5 1.00
279 342  0  5 1.00
279 343  0  5 1.00
279 344  0  5 1.00
279 345  0  5 1.00
280 281  0  5 1.00
280 282  0  5 1.00
280 341  0  5 1.00
280 342  0  5 1.00
281 282  0  5 1.00
281 283  0  5 1.00
281 339  0  5 1.00
281 340  0  5 1.00
281 341  0  5 1.00
282 283  0  5 1.00
282 284  0  5 1.00
282 339  0  5 1.00
282 340  0  5 1.00
283 284  0  5 1.00
283 285  0  5 1.00
283 337  0  5 1.00
283 338  0  5 1.00
283 339  0  5 1.00
283 340  0  5 1.00
284 285  0  5 1.00
284 286  0  5 1.00
284 337  0  5 1.00
284 338  0  5 1.00
285 286  0  5 1.00
285 287  0  5 1.00
285 337  0  5 1.00
286 287  0  5 1.00
286 288  0  5 1.00
287 288  0  5 1.00
287 289  0  5 1.00
288 289  0  5 1.00
288 290  0  5 1.00
289 290  0  5 1.00
289 291  0  5 1.00
290 291  0  5 1.00
290 292  0  5 1.00
291 292  0  5 1.00
291 293  0  5 1.00
291 294  0  5 1.00
292 293  0  5 1.00
292 294  0  5 1.00
293 294  0  5 1.00
293 295  0  5 1.00
294 295  0  5 1.00
294 296  0  5 1.00
295 296  0  5 1.00
295 297  0  5 1.00
296 297  0  5 1.00
296 298  0  5 1.00
296 336  0  5 1.00
296 337  0  5 1.00
297 298  0  5 1.00
297 299  0  5 1.00
297 336  0  5 1.00
297 337  0  5 1.00
298 299  0  5 1.00
298 300  0  5 1.00
298 334  0  5 1.00
298 335  0  5 1.00
298 336  0  5 1.00
298 337  0  5 1.00
299 300  0  5 1.00
299 301  0  5 1.00
299 334  0  5 1.00
299 335  0  5 1.00
300 301  0  5 1.00
300 302  0  5 1.00
300 332  0  5 1.00
300 333  0  5 1.00
300 334  0  5 1.00
300 335  0  5 1.00
301 302  0  5 1.00
301 303  0  5 1.00
301 332  0  5 1.00
301 333  0  5 1.00
302 303  0  5 1.00
302 304  0  5 1.00
302 330  0  5 1.00
302 331  0  5 1.00
302 332  0  5 1.00
302 333  0  5 1.00
303 304  0  5 1.00
303 305  0  5 1.00
303 306  0  5 1.00
303 307  0  5 1.00
303 308  0  5 1.00
303 330  0  5 1.00
303 331  0  5 1.00
304 305  0  5 1.00
304 306  0  5 1.00
304 307  0  5 1.00
304 308  0  5 1.00
304 309  0  5 1.00
304 330  0  5 1.00
305 306  0  5 1.00
305 307  0  5 1.00
305 308  0  5 1.00
305 309  0  5 1.00
305 573  0  5 1.00
306 307  0  5 1.00
306 308  0  5 1.00
306 309  0  5 1.00
306 310  0  5 1.00
307 308  0  5 1.00
307 309  0  5 1.00
307 310  0  5 1.00
308 309  0  5 1.00
308 310  0  5 1.00
309 310  0  5 1.00
309 311  0  5 1.00
309 340  0  5 1.00
309 341  0  5 1.00
309 342  0  5 1.00
310 311  0  5 1.00
310 312  0  5 1.00
310 340  0  5 1.00
310 341  0  5 1.00
311 312  0  5 1.00
311 313  0  5 1.00
311 314  0  5 1.00
311 315  0  5 1.00
311 340  0  5 1.00
311 341  0  5 1.00
311 342  0  5 1.00
312 313  0  5 1.00
312 314  0  5 1.00
312 315  0  5 1.00
312 316  0  5 1.00
313 314  0  5 1.00
313 315  0  5 1.00
313 316  0  5 1.00
314 315  0  5 1.00
314 316  0  5 1.00
314 317  0  5 1.00
314 318  0  5 1.00
315 316  0  5 1.00
315 317  0  5 1.00
315 318  0  5 1.00
316 317  0  5 1.00
316 318  0  5 1.00
317 318  0  5 1.00
317 319  0  5 1.00
317 333  0  5 1.00
317 334  0  5 1.00
317 335  0  5 1.00
318 319  0  5 1.00
318 320  0  5 1.00
318 333  0  5 1.00
318 334  0  5 1.00
319 320  0  5 1.00
319 321  0  5 1.00
319 322  0  5 1.00
319 332  0  5 1.00
319 333  0  5 1.00
319 334  0  5 1.00
320 321  0  5 1.00
320 322  0  5 1.00
320 323  0  5 1.00
320 333  0  5 1.00
321 322  0  5 1.00
321 323  0  5 1.00
322 323  0  5 1.00
322 324  0  5 1.00
322 331  0  5 1.00
322 332  0  5 1.00
322 333  0  5 1.00
323 324  0  5 1.00
323 325  0  5 1.00
323 331  0  5 1.00
323 332  0  5 1.00
324 325  0  5 1.00
324 326  0  5 1.00
324 329  0  5 1.00
324 330  0  5 1.00
324 331  0  5 1.00
325 326  0  5 1.00
325 327  0  5 1.00
325 329  0  5 1.00
325 330  0  5 1.00
325 331  0  5 1.00
326 327  0  5 1.00
326 328  0  5 1.00
326 329  0  5 1.00
327 328  0  5 1.00
327 329  0  5 1.00
327 586  0  5 1.00
328 329  0  5 1.00
328 330  0  5 1.00
328 586  0  5 1.00
329 330  0  5 1.00
329 331  0  5 1.00
329 585  0  5 1.00
329 586  0  5 1.00
330 331  0  5 1.00
330 332  0  5 1.00
331 332  0  5 1.00
331 333  0  5 1.00
332 333  0  5 1.00
332 334  0  5 1.00
333 334  0  5 1.00
333 335  0  5 1.00
334 335  0  5 1.00
334 336  0  5 1.00
335 336  0  5 1.00
335 337  0  5 1.00
336 337  0  5 1.00
336 338  0  5 1.00
337 338  0  5 1.00
337 339  0  5 1.00
338 339  0  5 1.00
338 340  0  5 1.00
339 340  0  5 1.00
339 341  0  5 1.00
340 341  0  5 1.00
340 342  0  5 1.00
341 342  0  5 1.00
341 343  0  5 1.00
342 343  0  5 1.00
342 344  0  5 1.00
343 344  0  5 1.00
343 345  0  5 1.00
344 345  0  5 1.00
344 346  0  5 1.00
345 346  0  5 1.00
345 347  0  5 1.00
346 347  0  5 1.00
346 348  0  5 1.00
346 729  0  5 1.00
347 348  0  5 1.00
347 349  0  5 1.00
347 727  0  5 1.00
347 729  0  5 1.00
348 349  0  5 1.00
348 350  0  5 1.00
348 627  0  5 1.00
348 628  0  5 1.00
348 727  0  5 1.00
348 728  0  5 1.00
348 729  0  5 1.00
349 350  0  5 1.00
349 351  0  5 1.00
349 627  0  5 1.00
349 628  0  5 1.00
349 729  0  5 1.00
350 351  0  5 1.00
350 352  0  5 1.00
350 627  0  5 1.00
351 352  0  5 1.00
351 353  0  5 1.00
351 627  0  5 1.00
352 353  0  5 1.00
352 354  0  5 1.00
352 627  0  5 1.00
353 354  0  5 1.00
353 355  0  5 1.00
354 355  0  5 1.00
354 356  0  5 1.00
355 356  0  5 1.00
355 357  0  5 1.00
355 710  0  5 1.00
355 711  0  5 1.00
355 714  0  5 1.00
356 357  0  5 1.00
356 358  0  5 1.00
356 710  0  5 1.00
356 711  0  5 1.00
357 358  0  5 1.00
357 359  0  5 1.00
357 710  0  5 1.00
358 359  0  5 1.00
358 360  0  5 1.00
359 360  0  5 1.00
359 361  0  5 1.00
359 362  0  5 1.00
359 363  0  5 1.00
360 361  0  5 1.00
360 362  0  5 1.00
360 363  0  5 1.00
360 364  0  5 1.00
361 362  0  5 1.00
361 363  0  5 1.00
361 364  0  5 1.00
361 365  0  5 1.00
362 363  0  5 1.00
362 364  0  5 1.00
362 365  0  5 1.00
362 366  0  5 1.00
363 364  0  5 1.00
363 365  0  5 1.00
363 366  0  5 1.00
363 367  0  5 1.00
364 365  0  5 1.00
364 366  0  5 1.00
364 367  0  5 1.00
364 368  0  5 1.00
365 366  0  5 1.00
365 367  0  5 1.00
365 368  0  5 1.00
365 369  0  5 1.00
366 367  0  5 1.00
366 368  0  5 1.00
366 369  0  5 1.00
366 370  0  5 1.00
366 703  0  5 1.00
367 368  0  5 1.00
367 369  0  5 1.00
367 370  0  5 1.00
367 371  0  5 1.00
368 369  0  5 1.00
368 370  0  5 1.00
368 371  0  5 1.00
368 372  0  5 1.00
369 370  0  5 1.00
369 371  0  5 1.00
369 372  0  5 1.00
369 373  0  5 1.00
370 371  0  5 1.00
370 372  0  5 1.00
370 373  0  5 1.00
371 372  0  5 1.00
371 373  0  5 1.00
372 373  0  5 1.00
372 374  0  5 1.00
373 374  0  5 1.00
373 375  0  5 1.00
374 375  0  5 1.00
374 376  0  5 1.00
375 376  0  5 1.00
375 377  0  5 1.00
375 382  0  5 1.00
376 377  0  5 1.00
376 378  0  5 1.00
376 382  0  5 1.00
377 378  0  5 1.00
377 379  0  5 1.00
377 382  0  5 1.00
377 383  0  5 1.00
378 379  0  5 1.00
378 380  0  5 1.00
378 449  0  5 1.00
379 380  0  5 1.00
379 381  0  5 1.00
379 382  0  5 1.00
379 383  0  5 1.00
379 384  0  5 1.00
379 449  0  5 1.00
379 450  0  5 1.00
380 381  0  5 1.00
380 382  0  5 1.00
380 383  0  5 1.00
380 384  0  5 1.00
380 449  0  5 1.00
380 450  0  5 1.00
380 464  0  5 1.00
381 382  0  5 1.00
381 383  0  5 1.00
381 384  0  5 1.00
381 385  0  5 1.00
382 383  0  5 1.00
382 384  0  5 1.00
382 385  0  5 1.00
382 386  0  5 1.00
383 384  0  5 1.00
383 385  0  5 1.00
383 386  0  5 1.00
383 387  0  5 1.00
383 388  0  5 1.00
384 385  0  5 1.00
384 386  0  5 1.00
384 387  0  5 1.00
384 388  0  5 1.00
384 389  0  5 1.00
384 464  0  5 1.00
384 467  0  5 1.00
385 386  0  5 1.00
385 387  0  5 1.00
385 388  0  5 1.00
385 389  0  5 1.00
385 699  0  5 1.00
386 387  0  5 1.00
386 388  0  5 1.00
386 389  0  5 1.00
386 390  0  5 1.00
387 388  0  5 1.00
387 389  0  5 1.00
387 390  0  5 1.00
387 391  0  5 1.00
387 392  0  5 1.00
388 389  0  5 1.00
388 390  0  5 1.00
388 391  0  5 1.00
388 392  0  5 1.00
388 467  0  5 1.00
389 390  0  5 1.00
389 391  0  5 1.00
389 392  0  5 1.00
389 393  0  5 1.00
389 699  0  5 1.00
390 391  0  5 1.00
390 392  0  5 1.00
390 393  0  5 1.00
390 394  0  5 1.00
391 392  0  5 1.00
391 393  0  5 1.00
391 394  0  5 1.00
391 395  0  5 1.00
392 393  0  5 1.00
392 394  0  5 1.00
392 395  0  5 1.00
392 396  0  5 1.00
393 394  0  5 1.00
393 395  0  5 1.00
393 396  0  5 1.00
393 397  0  5 1.00
394 395  0  5 1.00
394 396  0  5 1.00
394 397  0  5 1.00
394 398  0  5 1.00
394 406  0  5 1.00
395 396  0  5 1.00
395 397  0  5 1.00
395 398  0  5 1.00
395 399  0  5 1.00
396 397  0  5 1.00
396 398  0  5 1.00
396 399  0  5 1.00
396 400  0  5 1.00
397 398  0  5 1.00
397 399  0  5 1.00
397 400  0  5 1.00
397 401  0  5 1.00
397 402  0  5 1.00
397 403  0  5 1.00
398 399  0  5 1.00
398 400  0  5 1.00
398 401  0  5 1.00
398 402  0  5 1.00
399 400  0  5 1.00
399 401  0  5 1.00
400 401  0  5 1.00
400 402  0  5 1.00
401 402  0  5 1.00
401 403  0  5 1.00
402 403  0  5 1.00
402 404  0  5 1.00
402 405  0  5 1.00
402 406  0  5 1.00
403 404  0  5 1.00
403 405  0  5 1.00
403 406  0  5 1.00
403 407  0  5 1.00
404 405  0  5 1.00
404 406  0  5 1.00
404 407  0  5 1.00
404 408  0  5 1.00
405 406  0  5 1.00
405 407  0  5 1.00
405 408  0  5 1.00
405 409  0  5 1.00
406 407  0  5 1.00
406 408  0  5 1.00
406 409  0  5 1.00
406 410  0  5 1.00
406 411  0  5 1.00
407 408  0  5 1.00
407 409  0  5 1.00
407 410  0  5 1.00
407 411  0  5 1.00
407 412  0  5 1.00
408 409  0  5 1.00
408 410  0  5 1.00
408 411  0  5 1.00
408 412  0  5 1.00
409 410  0  5 1.00
409 411  0  5 1.00
409 412  0  5 1.00
409 413  0  5 1.00
410 411  0  5 1.00
410 412  0  5 1.00
410 413  0  5 1.00
410 414  0  5 1.00
411 412  0  5 1.00
411 413  0  5 1.00
411 414  0  5 1.00
411 415  0  5 1.00
412 413  0  5 1.00
412 414  0  5 1.00
412 415  0  5 1.00
412 416  0  5 1.00
412 417  0  5 1.00
413 414  0  5 1.00
413 415  0  5 1.00
413 416  0  5 1.00
413 417  0  5 1.00
413 418  0  5 1.00
414 415  0  5 1.00
414 416  0  5 1.00
414 417  0  5 1.00
414 418  0  5 1.00
414 419  0  5 1.00
415 416  0  5 1.00
415 417  0  5 1.00
415 418  0  5 1.00
415 419  0  5 1.00
416 417  0  5 1.00
416 418  0  5 1.00
416 419  0  5 1.00
416 420  0  5 1.00
417 418  0  5 1.00
417 419  0  5 1.00
417 420  0  5 1.00
417 421  0  5 1.00
417 422  0  5 1.00
418 419  0  5 1.00
418 420  0  5 1.00
418 421  0  5 1.00
418 422  0  5 1.00
419 420  0  5 1.00
419 421  0  5 1.00
419 422  0  5 1.00
419 434  0  5 1.00
420 421  0  5 1.00
420 422  0  5 1.00
420 434  0  5 1.00
420 435  0  5 1.00
420 436  0  5 1.00
421 422  0  5 1.00
421 423  0  5 1.00
422 423  0  5 1.00
422 424  0  5 1.00
422 434  0  5 1.00
422 435  0  5 1.00
423 424  0  5 1.00
423 425  0  5 1.00
423 429  0  5 1.00
423 430  0  5 1.00
423 431  0  5 1.00
424 425  0  5 1.00
424 426  0  5 1.00
424 428  0  5 1.00
424 429  0  5 1.00
424 430  0  5 1.00
424 431  0  5 1.00
425 426  0  5 1.00
425 427  0  5 1.00
425 428  0  5 1.00
425 429  0  5 1.00
425 430  0  5 1.00
425 431  0  5 1.00
426 427  0  5 1.00
426 428  0  5 1.00
427 428  0  5 1.00
427 429  0  5 1.00
428 429  0  5 1.00
428 430  0  5 1.00
429 430  0  5 1.00
429 431  0  5 1.00
430 431  0  5 1.00
430 432  0  5 1.00
431 432  0  5 1.00
431 433  0  5 1.00
432 433  0  5 1.00
432 434  0  5 1.00
433 434  0  5 1.00
433 435  0  5 1.00
433 448  0  5 1.00
433 449  0  5 1.00
434 435  0  5 1.00
434 436  0  5 1.00
434 448  0  5 1.00
434 449  0  5 1.00
435 436  0  5 1.00
435 437  0  5 1.00
435 446  0  5 1.00
435 447  0  5 1.00
435 448  0  5 1.00
436 437  0  5 1.00
436 438  0  5 1.00
436 446  0  5 1.00
436 447  0  5 1.00
437 438  0  5 1.00
437 439  0  5 1.00
437 444  0  5 1.00
437 445  0  5 1.00
437 446  0  5 1.00
438 439  0  5 1.00
438 440  0  5 1.00
438 444  0  5 1.00
438 445  0  5 1.00
438 446  0  5 1.00
439 440  0  5 1.00
439 441  0  5 1.00
439 442  0  5 1.00
439 443  0  5 1.00
439 444  0  5 1.00
439 445  0  5 1.00
440 441  0  5 1.00
440 442  0  5 1.00
440 443  0  5 1.00
441 442  0  5 1.00
441 443  0  5 1.00
442 443  0  5 1.00
442 444  0  5 1.00
443 444  0  5 1.00
443 445  0  5 1.00
443 507  0  5 1.00
443 508  0  5 1.00
443 509  0  5 1.00
444 445  0  5 1.00
444 446  0  5 1.00
444 507  0  5 1.00
445 446  0  5 1.00
445 447  0  5 1.00
446 447  0  5 1.00
446 448  0  5 1.00
447 448  0  5 1.00
447 449  0  5 1.00
447 450  0  5 1.00
448 449  0  5 1.00
448 450  0  5 1.00
449 450  0  5 1.00
449 451  0  5 1.00
450 451  0  5 1.00
450 452  0  5 1.00
451 452  0  5 1.00
451 453  0  5 1.00
451 454  0  5 1.00
452 453  0  5 1.00
452 454  0  5 1.00
452 459  0  5 1.00
453 454  0  5 1.00
453 455  0  5 1.00
453 456  0  5 1.00
453 457  0  5 1.00
453 458  0  5 1.00
453 459  0  5 1.00
454 455  0  5 1.00
454 456  0  5 1.00
454 457  0  5 1.00
454 458  0  5 1.00
454 459  0  5 1.00
455 456  0  5 1.00
455 457  0  5 1.00
455 458  0  5 1.00
456 457  0  5 1.00
456 458  0  5 1.00
457 458  0  5 1.00
457 459  0  5 1.00
457 524  0  5 1.00
457 525  0  5 1.00
457 526  0  5 1.00
458 459  0  5 1.00
458 460  0  5 1.00
458 523  0  5 1.00
458 524  0  5 1.00
458 525  0  5 1.00
459 460  0  5 1.00
459 461  0  5 1.00
459 523  0  5 1.00
459 524  0  5 1.00
459 525  0  5 1.00
460 461  0  5 1.00
460 462  0  5 1.00
460 463  0  5 1.00
460 464  0  5 1.00
460 465  0  5 1.00
460 523  0  5 1.00
461 462  0  5 1.00
461 463  0  5 1.00
461 464  0  5 1.00
461 465  0  5 1.00
461 466  0  5 1.00
462 463  0  5 1.00
462 464  0  5 1.00
462 465  0  5 1.00
462 466  0  5 1.00
462 467  0  5 1.00
462 540  0  5 1.00
462 544  0  5 1.00
463 464  0  5 1.00
463 465  0  5 1.00
463 466  0  5 1.00
463 467  0  5 1.00
463 540  0  5 1.00
464 465  0  5 1.00
464 466  0  5 1.00
464 467  0  5 1.00
464 468  0  5 1.00
465 466  0  5 1.00
465 467  0  5 1.00
465 468  0  5 1.00
465 469  0  5 1.00
466 467  0  5 1.00
466 468  0  5 1.00
466 469  0  5 1.00
466 470  0  5 1.00
466 543  0  5 1.00
466 544  0  5 1.00
467 468  0  5 1.00
467 469  0  5 1.00
467 470  0  5 1.00
467 471  0  5 1.00
468 469  0  5 1.00
468 470  0  5 1.00
468 471  0  5 1.00
468 472  0  5 1.00
469 470  0  5 1.00
469 471  0  5 1.00
469 472  0  5 1.00
469 473  0  5 1.00
469 474  0  5 1.00
469 547  0  5 1.00
470 471  0  5 1.00
470 472  0  5 1.00
470 473  0  5 1.00
470 474  0  5 1.00
471 472  0  5 1.00
471 473  0  5 1.00
471 474  0  5 1.00
471 475  0  5 1.00
472 473  0  5 1.00
472 474  0  5 1.00
472 475  0  5 1.00
472 476  0  5 1.00
472 477  0  5 1.00
473 474  0  5 1.00
473 475  0  5 1.00
473 476  0  5 1.00
473 477  0  5 1.00
473 551  0  5 1.00
474 475  0  5 1.00
474 476  0  5 1.00
474 477  0  5 1.00
474 478  0  5 1.00
475 476  0  5 1.00
475 477  0  5 1.00
475 478  0  5 1.00
475 479  0  5 1.00
475 480  0  5 1.00
476 477  0  5 1.00
476 478  0  5 1.00
476 479  0  5 1.00
476 480  0  5 1.00
476 554  0  5 1.00
477 478  0  5 1.00
477 479  0  5 1.00
478 479  0  5 1.00
478 480  0  5 1.00
479 480  0  5 1.00
479 481  0  5 1.00
479 482  0  5 1.00
479 483  0  5 1.00
480 481  0  5 1.00
480 482  0  5 1.00
480 483  0  5 1.00
480 484  0  5 1.00
481 482  0  5 1.00
481 483  0  5 1.00
481 484  0  5 1.00
482 483  0  5 1.00
482 484  0  5 1.00
482 487  0  5 1.00
482 488  0  5 1.00
482 489  0  5 1.00
483 484  0  5 1.00
483 485  0  5 1.00
483 488  0  5 1.00
483 489  0  5 1.00
484 485  0  5 1.00
484 486  0  5 1.00
484 487  0  5 1.00
484 488  0  5 1.00
484 489  0  5 1.00
484 490  0  5 1.00
485 486  0  5 1.00
485 487  0  5 1.00
485 488  0  5 1.00
485 489  0  5 1.00
485 490  0  5 1.00
486 487  0  5 1.00
486 488  0  5 1.00
487 488  0  5 1.00
487 489  0  5 1.00
487 490  0  5 1.00
488 489  0  5 1.00
488 490  0  5 1.00
488 491  0  5 1.00
488 492  0  5 1.00
489 490  0  5 1.00
489 491  0  5 1.00
489 492  0  5 1.00
489 493  0  5 1.00
489 494  0  5 1.00
490 491  0  5 1.00
490 492  0  5 1.00
490 493  0  5 1.00
490 494  0  5 1.00
491 492  0  5 1.00
491 493  0  5 1.00
491 494  0  5 1.00
491 495  0  5 1.00
492 493  0  5 1.00
492 494  0  5 1.00
492 495  0  5 1.00
492 496  0  5 1.00
493 494  0  5 1.00
493 495  0  5 1.00
493 496  0  5 1.00
493 497  0  5 1.00
494 495  0  5 1.00
494 496  0  5 1.00
494 497  0  5 1.00
494 498  0  5 1.00
495 496  0  5 1.00
495 497  0  5 1.00
495 498  0  5 1.00
495 499  0  5 1.00
496 497  0  5 1.00
496 498  0  5 1.00
496 499  0  5 1.00
496 500  0  5 1.00
496 501  0  5 1.00
497 498  0  5 1.00
497 499  0  5 1.00
497 500  0  5 1.00
497 501  0  5 1.00
497 509  0  5 1.00
498 499  0  5 1.00
498 500  0  5 1.00
498 501  0  5 1.00
498 512  0  5 1.00
499 500  0  5 1.00
499 501  0  5 1.00
499 511  0  5 1.00
499 512  0  5 1.00
499 513  0  5 1.00
500 501  0  5 1.00
500 502  0  5 1.00
500 511  0  5 1.00
500 512  0  5 1.00
501 502  0  5 1.00
501 503  0  5 1.00
501 509  0  5 1.00
501 510  0  5 1.00
501 511  0  5 1.00
501 512  0  5 1.00
502 503  0  5 1.00
502 504  0  5 1.00
502 505  0  5 1.00
502 509  0  5 1.00
502 510  0  5 1.00
503 504  0  5 1.00
503 505  0  5 1.00
504 505  0  5 1.00
504 506  0  5 1.00
505 506  0  5 1.00
505 507  0  5 1.00
505 508  0  5 1.00
506 507  0  5 1.00
506 508  0  5 1.00
507 508  0  5 1.00
507 509  0  5 1.00
508 509  0  5 1.00
508 510  0  5 1.00
509 510  0  5 1.00
509 511  0  5 1.00
509 512  0  5 1.00
510 511  0  5 1.00
510 512  0  5 1.00
511 512  0  5 1.00
511 513  0  5 1.00
511 514  0  5 1.00
512 513  0  5 1.00
512 514  0  5 1.00
513 514  0  5 1.00
513 515  0  5 1.00
513 520  0  5 1.00
513 521  0  5 1.00
513 522  0  5 1.00
514 515  0  5 1.00
514 516  0  5 1.00
514 520  0  5 1.00
514 521  0  5 1.00
515 516  0  5 1.00
515 517  0  5 1.00
515 518  0  5 1.00
515 519  0  5 1.00
515 520  0  5 1.00
515 521  0  5 1.00
516 517  0  5 1.00
516 518  0  5 1.00
516 519  0  5 1.00
517 518  0  5 1.00
517 519  0  5 1.00
518 519  0  5 1.00
518 520  0  5 1.00
519 520  0  5 1.00
519 521  0  5 1.00
519 570  0  5 1.00
519 571  0  5 1.00
519 574  0  5 1.00
520 521  0  5 1.00
520 522  0  5 1.00
521 522  0  5 1.00
521 523  0  5 1.00
521 534  0  5 1.00
521 535  0  5 1.00
522 523  0  5 1.00
522 524  0  5 1.00
522 534  0  5 1.00
523 524  0  5 1.00
523 525  0  5 1.00
523 534  0  5 1.00
523 535  0  5 1.00
524 525  0  5 1.00
524 526  0  5 1.00
524 527  0  5 1.00
524 534  0  5 1.00
525 526  0  5 1.00
525 527  0  5 1.00
526 527  0  5 1.00
526 528  0  5 1.00
527 528  0  5 1.00
527 529  0  5 1.00
527 532  0  5 1.00
527 533  0  5 1.00
528 529  0  5 1.00
528 530  0  5 1.00
529 530  0  5 1.00
529 531  0  5 1.00
529 532  0  5 1.00
530 531  0  5 1.00
530 532  0  5 1.00
531 532  0  5 1.00
531 533  0  5 1.00
531 600  0  5 1.00
531 601  0  5 1.00
531 602  0  5 1.00
531 603  0  5 1.00
532 533  0  5 1.00
532 534  0  5 1.00
532 601  0  5 1.00
533 534  0  5 1.00
533 535  0  5 1.00
533 599  0  5 1.00
533 600  0  5 1.00
533 601  0  5 1.00
534 535  0  5 1.00
534 536  0  5 1.00
534 599  0  5 1.00
534 600  0  5 1.00
535 536  0  5 1.00
535 537  0  5 1.00
535 597  0  5 1.00
535 598  0  5 1.00
535 599  0  5 1.00
535 600  0  5 1.00
536 537  0  5 1.00
536 538  0  5 1.00
536 597  0  5 1.00
536 598  0  5 1.00
536 620  0  5 1.00
537 538  0  5 1.00
537 539  0  5 1.00
537 540  0  5 1.00
537 541  0  5 1.00
537 597  0  5 1.00
537 620  0  5 1.00
537 621  0  5 1.00
538 539  0  5 1.00
538 540  0  5 1.00
538 541  0  5 1.00
538 542  0  5 1.00
538 620  0  5 1.00
538 621  0  5 1.00
539 540  0  5 1.00
539 541  0  5 1.00
539 542  0  5 1.00
539 543  0  5 1.00
539 620  0  5 1.00
539 621  0  5 1.00
539 622  0  5 1.00
539 623  0  5 1.00
540 541  0  5 1.00
540 542  0  5 1.00
540 543  0  5 1.00
540 544  0  5 1.00
540 623  0  5 1.00
541 542  0  5 1.00
541 543  0  5 1.00
541 544  0  5 1.00
541 545  0  5 1.00
542 543  0  5 1.00
542 544  0  5 1.00
542 545  0  5 1.00
542 546  0  5 1.00
542 547  0  5 1.00
543 544  0  5 1.00
543 545  0  5 1.00
543 546  0  5 1.00
543 547  0  5 1.00
544 545  0  5 1.00
544 546  0  5 1.00
544 547  0  5 1.00
544 548  0  5 1.00
545 546  0  5 1.00
545 547  0  5 1.00
545 548  0  5 1.00
545 549  0  5 1.00
545 564  0  5 1.00
546 547  0  5 1.00
546 548  0  5 1.00
546 549  0  5 1.00
546 550  0  5 1.00
547 548  0  5 1.00
547 549  0  5 1.00
547 550  0  5 1.00
547 551  0  5 1.00
547 552  0  5 1.00
548 549  0  5 1.00
548 550  0  5 1.00
548 551  0  5 1.00
548 552  0  5 1.00
548 553  0  5 1.00
548 561  0  5 1.00
549 550  0  5 1.00
549 551  0  5 1.00
549 552  0  5 1.00
549 553  0  5 1.00
549 554  0  5 1.00
549 561  0  5 1.00
550 551  0  5 1.00
550 552  0  5 1.00
550 553  0  5 1.00
550 554  0  5 1.00
551 552  0  5 1.00
551 553  0  5 1.00
551 554  0  5 1.00
551 555  0  5 1.00
551 556  0  5 1.00
552 553  0  5 1.00
552 554  0  5 1.00
552 555  0  5 1.00
552 556  0  5 1.00
552 557  0  5 1.00
552 561  0  5 1.00
553 554  0  5 1.00
553 555  0  5 1.00
553 556  0  5 1.00
554 555  0  5 1.00
554 556  0  5 1.00
555 556  0  5 1.00
555 557  0  5 1.00
556 557  0  5 1.00
556 558  0  5 1.00
557 558  0  5 1.00
557 559  0  5 1.00
557 560  0  5 1.00
557 561  0  5 1.00
558 559  0  5 1.00
558 560  0  5 1.00
558 561  0  5 1.00
558 562  0  5 1.00
558 563  0  5 1.00
559 560  0  5 1.00
559 561  0  5 1.00
559 562  0  5 1.00
559 563  0  5 1.00
560 561  0  5 1.00
560 562  0  5 1.00
560 563  0  5 1.00
560 564  0  5 1.00
561 562  0  5 1.00
561 563  0  5 1.00
561 564  0  5 1.00
561 565  0  5 1.00
562 563  0  5 1.00
562 564  0  5 1.00
562 565  0  5 1.00
562 566  0  5 1.00
563 564  0  5 1.00
563 565  0  5 1.00
563 566  0  5 1.00
563 567  0  5 1.00
564 565  0  5 1.00
564 566  0  5 1.00
564 567  0  5 1.00
564 568  0  5 1.00
564 569  0  5 1.00
565 566  0  5 1.00
565 567  0  5 1.00
565 568  0  5 1.00
565 569  0  5 1.00
565 570  0  5 1.00
566 567  0  5 1.00
566 568  0  5 1.00
566 569  0  5 1.00
566 570  0  5 1.00
566 571  0  5 1.00
567 568  0  5 1.00
567 569  0  5 1.00
567 570  0  5 1.00
567 571  0  5 1.00
567 572  0  5 1.00
568 569  0  5 1.00
568 570  0  5 1.00
568 571  0  5 1.00
568 572  0  5 1.00
569 570  0  5 1.00
569 571  0  5 1.00
569 572  0  5 1.00
569 573  0  5 1.00
570 571  0  5 1.00
570 572  0  5 1.00
570 573  0  5 1.00
570 574  0  5 1.00
571 572  0  5 1.00
571 573  0  5 1.00
571 574  0  5 1.00
571 575  0  5 1.00
571 576  0  5 1.00
572 573  0  5 1.00
572 574  0  5 1.00
572 575  0  5 1.00
572 576  0  5 1.00
573 574  0  5 1.00
573 575  0  5 1.00
573 576  0  5 1.00
573 577  0  5 1.00
574 575  0  5 1.00
574 576  0  5 1.00
574 577  0  5 1.00
574 578  0  5 1.00
574 579  0  5 1.00
575 576  0  5 1.00
575 577  0  5 1.00
575 578  0  5 1.00
575 579  0  5 1.00
575 580  0  5 1.00
575 581  0  5 1.00
576 577  0  5 1.00
576 578  0  5 1.00
576 580  0  5 1.00
576 581  0  5 1.00
576 582  0  5 1.00
576 583  0  5 1.00
577 578  0  5 1.00
577 579  0  5 1.00
577 580  0  5 1.00
577 581  0  5 1.00
577 582  0  5 1.00
578 579  0  5 1.00
578 580  0  5 1.00
578 581  0  5 1.00
578 596  0  5 1.00
579 580  0  5 1.00
579 581  0  5 1.00
579 594  0  5 1.00
579 595  0  5 1.00
579 596  0  5 1.00
580 581  0  5 1.00
580 582  0  5 1.00
580 594  0  5 1.00
581 582  0  5 1.00
581 583  0  5 1.00
581 584  0  5 1.00
581 585  0  5 1.00
582 583  0  5 1.00
582 584  0  5 1.00
583 584  0  5 1.00
583 585  0  5 1.00
584 585  0  5 1.00
584 586  0  5 1.00
585 586  0  5 1.00
585 587  0  5 1.00
586 587  0  5 1.00
586 588  0  5 1.00
587 588  0  5 1.00
587 589  0  5 1.00
588 589  0  5 1.00
588 590  0  5 1.00
588 591  0  5 1.00
589 590  0  5 1.00
589 591  0  5 1.00
590 591  0  5 1.00
590 592  0  5 1.00
591 592  0  5 1.00
591 593  0  5 1.00
592 593  0  5 1.00
592 594  0  5 1.00
593 594  0  5 1.00
593 595  0  5 1.00
594 595  0  5 1.00
594 596  0  5 1.00
595 596  0  5 1.00
595 597  0  5 1.00
595 606  0  5 1.00
596 597  0  5 1.00
596 598  0  5 1.00
596 605  0  5 1.00
597 598  0  5 1.00
597 599  0  5 1.00
597 605  0  5 1.00
597 606  0  5 1.00
597 607  0  5 1.00
597 617  0  5 1.00
598 599  0  5 1.00
598 600  0  5 1.00
598 603  0  5 1.00
598 604  0  5 1.00
598 605  0  5 1.00
598 607  0  5 1.00
599 600  0  5 1.00
599 601  0  5 1.00
599 603  0  5 1.00
599 604  0  5 1.00
600 601  0  5 1.00
600 602  0  5 1.00
600 603  0  5 1.00
600 604  0  5 1.00
601 602  0  5 1.00
601 603  0  5 1.00
602 603  0  5 1.00
602 604  0  5 1.00
603 604  0  5 1.00
603 605  0  5 1.00
604 605  0  5 1.00
604 606  0  5 1.00
605 606  0  5 1.00
605 607  0  5 1.00
606 607  0  5 1.00
606 608  0  5 1.00
607 608  0  5 1.00
607 609  0  5 1.00
608 609  0  5 1.00
608 610  0  5 1.00
609 610  0  5 1.00
609 611  0  5 1.00
610 611  0  5 1.00
610 612  0  5 1.00
611 612  0  5 1.00
611 613  0  5 1.00
612 613  0  5 1.00
612 614  0  5 1.00
613 614  0  5 1.00
613 615  0  5 1.00
613 616  0  5 1.00
613 617  0  5 1.00
614 615  0  5 1.00
614 616  0  5 1.00
614 617  0  5 1.00
614 618  0  5 1.00
615 616  0  5 1.00
615 617  0  5 1.00
615 618  0  5 1.00
615 619  0  5 1.00
615 620  0  5 1.00
615 657  0  5 1.00
616 617  0  5 1.00
616 618  0  5 1.00
616 619  0  5 1.00
616 620  0  5 1.00
617 618  0  5 1.00
617 619  0  5 1.00
618 619  0  5 1.00
618 620  0  5 1.00
618 621  0  5 1.00
618 622  0  5 1.00
619 620  0  5 1.00
619 621  0  5 1.00
619 622  0  5 1.00
619 623  0  5 1.00
620 621  0  5 1.00
620 622  0  5 1.00
620 623  0  5 1.00
621 622  0  5 1.00
621 623  0  5 1.00
622 623  0  5 1.00
622 624  0  5 1.00
622 625  0  5 1.00
623 624  0  5 1.00
623 625  0  5 1.00
624 625  0  5 1.00
624 626  0  5 1.00
625 626  0  5 1.00
625 627  0  5 1.00
626 627  0  5 1.00
626 628  0  5 1.00
626 629  0  5 1.00
626 630  0  5 1.00
627 628  0  5 1.00
627 629  0  5 1.00
628 629  0  5 1.00
628 630  0  5 1.00
628 631  0  5 1.00
629 630  0  5 1.00
629 631  0  5 1.00
629 632  0  5 1.00
629 633  0  5 1.00
630 631  0  5 1.00
630 632  0  5 1.00
630 633  0  5 1.00
630 634  0  5 1.00
631 632  0  5 1.00
631 633  0  5 1.00
631 634  0  5 1.00
632 633  0  5 1.00
632 634  0  5 1.00
632 635  0  5 1.00
633 634  0  5 1.00
633 635  0  5 1.00
633 636  0  5 1.00
633 718  0  5 1.00
634 635  0  5 1.00
634 636  0  5 1.00
635 636  0  5 1.00
635 637  0  5 1.00
635 638  0  5 1.00
635 639  0  5 1.00
636 637  0  5 1.00
636 638  0  5 1.00
636 639  0  5 1.00
636 640  0  5 1.00
636 641  0  5 1.00
637 638  0  5 1.00
637 639  0  5 1.00
637 640  0  5 1.00
637 641  0  5 1.00
638 639  0  5 1.00
638 640  0  5 1.00
638 641  0  5 1.00
638 642  0  5 1.00
638 643  0  5 1.00
639 640  0  5 1.00
639 641  0  5 1.00
639 642  0  5 1.00
639 643  0  5 1.00
639 644  0  5 1.00
640 641  0  5 1.00
640 642  0  5 1.00
640 643  0  5 1.00
640 644  0  5 1.00
640 645  0  5 1.00
641 642  0  5 1.00
641 643  0  5 1.00
641 644  0  5 1.00
641 645  0  5 1.00
642 643  0  5 1.00
642 644  0  5 1.00
642 645  0  5 1.00
642 646  0  5 1.00
643 644  0  5 1.00
643 645  0  5 1.00
643 646  0  5 1.00
643 647  0  5 1.00
643 648  0  5 1.00
644 645  0  5 1.00
644 646  0  5 1.00
644 647  0  5 1.00
644 648  0  5 1.00
644 649  0  5 1.00
645 646  0  5 1.00
645 647  0  5 1.00
645 648  0  5 1.00
645 649  0  5 1.00
645 650  0  5 1.00
646 647  0  5 1.00
646 648  0  5 1.00
646 649  0  5 1.00
646 650  0  5 1.00
646 651  0  5 1.00
647 648  0  5 1.00
647 649  0  5 1.00
647 650  0  5 1.00
647 651  0  5 1.00
647 652  0  5 1.00
648 649  0  5 1.00
648 650  0  5 1.00
648 651  0  5 1.00
649 650  0  5 1.00
649 651  0  5 1.00
650 651  0  5 1.00
650 652  0  5 1.00
651 652  0  5 1.00
651 653  0  5 1.00
652 653  0  5 1.00
652 654  0  5 1.00
653 654  0  5 1.00
653 655  0  5 1.00
654 655  0  5 1.00
654 656  0  5 1.00
655 656  0  5 1.00
655 657  0  5 1.00
655 694  0  5 1.00
656 657  0  5 1.00
656 658  0  5 1.00
656 694  0  5 1.00
657 658  0  5 1.00
657 659  0  5 1.00
657 693  0  5 1.00
657 694  0  5 1.00
658 659  0  5 1.00
658 660  0  5 1.00
658 661  0  5 1.00
658 662  0  5 1.00
658 693  0  5 1.00
658 694  0  5 1.00
658 695  0  5 1.00
658 697  0  5 1.00
659 660  0  5 1.00
659 661  0  5 1.00
659 662  0  5 1.00
659 663  0  5 1.00
659 693  0  5 1.00
659 694  0  5 1.00
659 695  0  5 1.00
660 661  0  5 1.00
660 662  0  5 1.00
660 663  0  5 1.00
660 664  0  5 1.00
660 665  0  5 1.00
660 695  0  5 1.00
661 662  0  5 1.00
661 663  0  5 1.00
661 664  0  5 1.00
661 665  0  5 1.00
662 663  0  5 1.00
662 664  0  5 1.00
662 665  0  5 1.00
662 666  0  5 1.00
662 667  0  5 1.00
663 664  0  5 1.00
663 665  0  5 1.00
663 666  0  5 1.00
663 667  0  5 1.00
663 674  0  5 1.00
664 665  0  5 1.00
664 666  0  5 1.00
664 667  0  5 1.00
664 668  0  5 1.00
665 666  0  5 1.00
665 667  0  5 1.00
665 668  0  5 1.00
665 669  0  5 1.00
666 667  0  5 1.00
666 668  0  5 1.00
666 669  0  5 1.00
666 670  0  5 1.00
666 671  0  5 1.00
667 668  0  5 1.00
667 669  0  5 1.00
667 670  0  5 1.00
667 671  0  5 1.00
667 674  0  5 1.00
668 669  0  5 1.00
668 670  0  5 1.00
668 716  0  5 1.00
668 717  0  5 1.00
669 670  0  5 1.00
669 671  0  5 1.00
670 671  0  5 1.00
670 672  0  5 1.00
670 673  0  5 1.00
670 674  0  5 1.00
671 672  0  5 1.00
671 673  0  5 1.00
671 674  0  5 1.00
671 675  0  5 1.00
671 676  0  5 1.00
672 673  0  5 1.00
672 674  0  5 1.00
672 675  0  5 1.00
672 676  0  5 1.00
673 674  0  5 1.00
673 675  0  5 1.00
673 676  0  5 1.00
673 677  0  5 1.00
673 678  0  5 1.00
674 675  0  5 1.00
674 676  0  5 1.00
674 677  0  5 1.00
674 678  0  5 1.00
674 679  0  5 1.00
675 676  0  5 1.00
675 677  0  5 1.00
675 678  0  5 1.00
675 679  0  5 1.00
675 680  0  5 1.00
676 677  0  5 1.00
676 678  0  5 1.00
676 679  0  5 1.00
676 680  0  5 1.00
677 678  0  5 1.00
677 679  0  5 1.00
677 680  0  5 1.00
677 681  0  5 1.00
677 682  0  5 1.00
678 679  0  5 1.00
678 680  0  5 1.00
678 681  0  5 1.00
678 682  0  5 1.00
678 683  0  5 1.00
679 680  0  5 1.00
679 681  0  5 1.00
679 682  0  5 1.00
680 681  0  5 1.00
680 682  0  5 1.00
681 682  0  5 1.00
681 683  0  5 1.00
681 684  0  5 1.00
681 685  0  5 1.00
682 683  0  5 1.00
682 684  0  5 1.00
682 685  0  5 1.00
683 684  0  5 1.00
683 685  0  5 1.00
684 685  0  5 1.00
684 686  0  5 1.00
685 686  0  5 1.00
685 687  0  5 1.00
686 687  0  5 1.00
686 688  0  5 1.00
687 688  0  5 1.00
687 689  0  5 1.00
688 689  0  5 1.00
688 690  0  5 1.00
689 690  0  5 1.00
689 691  0  5 1.00
689 692  0  5 1.00
689 693  0  5 1.00
690 691  0  5 1.00
690 692  0  5 1.00
691 692  0  5 1.00
691 693  0  5 1.00
692 693  0  5 1.00
692 694  0  5 1.00
692 696  0  5 1.00
693 694  0  5 1.00
693 695  0  5 1.00
693 696  0  5 1.00
693 697  0  5 1.00
694 695  0  5 1.00
694 696  0  5 1.00
695 696  0  5 1.00
695 697  0  5 1.00
696 697  0  5 1.00
696 698  0  5 1.00
697 698  0  5 1.00
697 699  0  5 1.00
697 700  0  5 1.00
697 701  0  5 1.00
698 699  0  5 1.00
698 700  0  5 1.00
699 700  0  5 1.00
699 701  0  5 1.00
700 701  0  5 1.00
700 702  0  5 1.00
701 702  0  5 1.00
701 703  0  5 1.00
701 704  0  5 1.00
701 705  0  5 1.00
702 703  0  5 1.00
702 704  0  5 1.00
702 705  0  5 1.00
702 706  0  5 1.00
702 707  0  5 1.00
703 704  0  5 1.00
703 705  0  5 1.00
703 706  0  5 1.00
703 707  0  5 1.00
703 708  0  5 1.00
704 705  0  5 1.00
704 706  0  5 1.00
704 707  0  5 1.00
704 708  0  5 1.00
704 709  0  5 1.00
705 706  0  5 1.00
705 707  0  5 1.00
705 708  0  5 1.00
705 709  0  5 1.00
705 710  0  5 1.00
706 707  0  5 1.00
706 708  0  5 1.00
706 709  0  5 1.00
706 710  0  5 1.00
706 711  0  5 1.00
707 708  0  5 1.00
707 709  0  5 1.00
707 710  0  5 1.00
707 711  0  5 1.00
708 709  0  5 1.00
708 710  0  5 1.00
708 711  0  5 1.00
708 712  0  5 1.00
709 710  0  5 1.00
709 711  0  5 1.00
709 712  0  5 1.00
709 713  0  5 1.00
710 711  0  5 1.00
710 712  0  5 1.00
710 713  0  5 1.00
710 714  0  5 1.00
711 712  0  5 1.00
711 713  0  5 1.00
711 714  0  5 1.00
711 715  0  5 1.00
711 716  0  5 1.00
712 713  0  5 1.00
712 714  0  5 1.00
712 715  0  5 1.00
712 716  0  5 1.00
713 714  0  5 1.00
713 715  0  5 1.00
713 716  0  5 1.00
714 715  0  5 1.00
714 716  0  5 1.00
715 716  0  5 1.00
715 717  0  5 1.00
715 732  0  5 1.00
715 733  0  5 1.00
715 734  0  5 1.00
715 737  0  5 1.00
716 717  0  5 1.00
716 718  0  5 1.00
716 733  0  5 1.00
716 734  0  5 1.00
717 718  0  5 1.00
717 719  0  5 1.00
717 731  0  5 1.00
717 732  0  5 1.00
717 733  0  5 1.00
717 734  0  5 1.00
718 719  0  5 1.00
718 720  0  5 1.00
718 731  0  5 1.00
718 732  0  5 1.00
718 733  0  5 1.00
719 720  0  5 1.00
719 721  0  5 1.00
719 722  0  5 1.00
719 731  0  5 1.00
719 732  0  5 1.00
719 733  0  5 1.00
720 721  0  5 1.00
720 722  0  5 1.00
721 722  0  5 1.00
721 723  0  5 1.00
722 723  0  5 1.00
722 724  0  5 1.00
723 724  0  5 1.00
723 725  0  5 1.00
723 753  0  5 1.00
723 754  0  5 1.00
723 755  0  5 1.00
724 725  0  5 1.00
724 726  0  5 1.00
724 753  0  5 1.00
724 754  0  5 1.00
724 755  0  5 1.00
725 726  0  5 1.00
725 727  0  5 1.00
725 753  0  5 1.00
726 727  0  5 1.00
726 728  0  5 1.00
726 729  0  5 1.00
727 728  0  5 1.00
727 729  0  5 1.00
728 729  0  5 1.00
728 730  0  5 1.00
728 741  0  5 1.00
728 742  0  5 1.00
728 743  0  5 1.00
729 730  0  5 1.00
729 731  0  5 1.00
729 741  0  5 1.00
729 742  0  5 1.00
730 731  0  5 1.00
730 732  0  5 1.00
730 739  0  5 1.00
730 740  0  5 1.00
730 741  0  5 1.00
731 732  0  5 1.00
731 733  0  5 1.00
731 739  0  5 1.00
731 740  0  5 1.00
732 733  0  5 1.00
732 734  0  5 1.00
732 737  0  5 1.00
732 738  0  5 1.00
732 739  0  5 1.00
733 734  0  5 1.00
733 735  0  5 1.00
733 737  0  5 1.00
733 738  0  5 1.00
733 739  0  5 1.00
734 735  0  5 1.00
734 736  0  5 1.00
734 737  0  5 1.00
734 738  0  5 1.00
735 736  0  5 1.00
735 737  0  5 1.00
736 737  0  5 1.00
736 738  0  5 1.00
736 772  0  5 1.00
737 738  0  5 1.00
737 739  0  5 1.00
737 772  0  5 1.00
738 739  0  5 1.00
738 740  0  5 1.00
738 770  0  5 1.00
738 771  0  5 1.00
738 772  0  5 1.00
739 740  0  5 1.00
739 741  0  5 1.00
739 770  0  5 1.00
739 771  0  5 1.00
740 741  0  5 1.00
740 742  0  5 1.00
740 768  0  5 1.00
740 769  0  5 1.00
740 770  0  5 1.00
740 771  0  5 1.00
741 742  0  5 1.00
741 743  0  5 1.00
741 768  0  5 1.00
741 769  0  5 1.00
742 743  0  5 1.00
742 744  0  5 1.00
742 766  0  5 1.00
742 767  0  5 1.00
742 768  0  5 1.00
743 744  0  5 1.00
743 745  0  5 1.00
743 766  0  5 1.00
743 767  0  5 1.00
744 745  0  5 1.00
744 746  0  5 1.00
744 763  0  5 1.00
744 764  0  5 1.00
744 765  0  5 1.00
744 766  0  5 1.00
744 767  0  5 1.00
745 746  0  5 1.00
745 747  0  5 1.00
745 765  0  5 1.00
746 747  0  5 1.00
746 748  0  5 1.00
746 764  0  5 1.00
746 765  0  5 1.00
747 748  0  5 1.00
747 749  0  5 1.00
747 764  0  5 1.00
748 749  0  5 1.00
748 750  0  5 1.00
748 762  0  5 1.00
748 763  0  5 1.00
748 764  0  5 1.00
749 750  0  5 1.00
749 751  0  5 1.00
749 762  0  5 1.00
749 763  0  5 1.00
749 764  0  5 1.00
750 751  0  5 1.00
750 752  0  5 1.00
750 760  0  5 1.00
750 761  0  5 1.00
750 762  0  5 1.00
751 752  0  5 1.00
751 753  0  5 1.00
751 760  0  5 1.00
751 761  0  5 1.00
752 753  0  5 1.00
752 754  0  5 1.00
752 758  0  5 1.00
752 759  0  5 1.00
752 760  0  5 1.00
753 754  0  5 1.00
753 755  0  5 1.00
753 758  0  5 1.00
753 759  0  5 1.00
754 755  0  5 1.00
754 756  0  5 1.00
754 757  0  5 1.00
754 758  0  5 1.00
754 759  0  5 1.00
755 756  0  5 1.00
755 757  0  5 1.00
756 757  0  5 1.00
756 758  0  5 1.00
757 758  0  5 1.00
757 759  0  5 1.00
758 759  0  5 1.00
758 760  0  5 1.00
759 760  0  5 1.00
759 761  0  5 1.00
760 761  0  5 1.00
760 762  0  5 1.00
761 762  0  5 1.00
761 763  0  5 1.00
762 763  0  5 1.00
762 764  0  5 1.00
763 764  0  5 1.00
763 765  0  5 1.00
763 766  0  5 1.00
764 765  0  5 1.00
764 766  0  5 1.00
765 766  0  5 1.00
765 767  0  5 1.00
766 767  0  5 1.00
766 768  0  5 1.00
767 768  0  5 1.00
767 769  0  5 1.00
768 769  0  5 1.00
768 770  0  5 1.00
769 770  0  5 1.00
769 771  0  5 1.00
770 771  0  5 1.00
770 772  0  5 1.00
771 772  0  5 1.00
END
HELX_P HELX_P1  AA1 ASP A 45  ? GLN A 52  ? ASP A 51  GLN A 58  1 ? 8  
HELX_P HELX_P2  AA2 GLY A 76  ? ASP A 81  ? GLY A 82  ASP A 87  1 ? 6  
HELX_P HELX_P3  AA3 ALA A 107 ? MET A 111 ? ALA A 113 MET A 117 5 ? 5  
HELX_P HELX_P4  AA4 ASP A 248 ? TYR A 258 ? ASP A 254 TYR A 264 1 ? 11 
HELX_P HELX_P5  AA5 TYR A 303 ? ARG A 308 ? TYR A 309 ARG A 314 1 ? 6  
HELX_P HELX_P6  AA6 ALA A 311 ? ASN A 316 ? ALA A 317 ASN A 322 1 ? 6  
HELX_P HELX_P7  AA7 ASP A 359 ? ALA A 370 ? ASP A 365 ALA A 376 1 ? 12 
HELX_P HELX_P8  AA8 THR A 371 ? ASP A 373 ? THR A 377 ASP A 379 5 ? 3  
HELX_P HELX_P9  AA9 ASP A 379 ? MET A 400 ? ASP A 385 MET A 406 1 ? 22 
HELX_P HELX_P10 AB1 GLU A 402 ? LEU A 421 ? GLU A 408 LEU A 427 1 ? 20 
HELX_P HELX_P11 AB2 ASP A 460 ? ASP A 479 ? ASP A 466 ASP A 485 1 ? 20 
HELX_P HELX_P12 AB3 ASP A 479 ? LYS A 484 ? ASP A 485 LYS A 490 1 ? 6  
HELX_P HELX_P13 AB4 TRP A 488 ? ALA A 501 ? TRP A 494 ALA A 507 1 ? 14 
HELX_P HELX_P14 AB5 SER A 537 ? GLY A 556 ? SER A 543 GLY A 562 1 ? 20 
HELX_P HELX_P15 AB6 ASN A 557 ? PHE A 579 ? ASN A 563 PHE A 585 1 ? 23 
HELX_P HELX_P16 AB7 VAL A 615 ? ILE A 620 ? VAL A 621 ILE A 626 1 ? 6  
HELX_P HELX_P17 AB8 GLY A 628 ? HIS A 634 ? GLY A 634 HIS A 640 5 ? 7  
HELX_P HELX_P18 AB9 HIS A 635 ? GLY A 651 ? HIS A 641 GLY A 657 1 ? 17 
HELX_P HELX_P19 AC1 TRP A 658 ? ALA A 667 ? TRP A 664 ALA A 673 1 ? 10 
HELX_P HELX_P20 AC2 ASN A 670 ? ILE A 682 ? ASN A 676 ILE A 688 1 ? 13 
HELX_P HELX_P21 AC3 ASP A 683 ? TYR A 685 ? ASP A 689 TYR A 691 5 ? 3  
HELX_P HELX_P22 AC4 THR A 701 ? GLY A 716 ? THR A 707 GLY A 722 1 ? 16 