5xc2 796
 30  31  0  5 1.00
 30  32  0  5 1.00
 30 301  0  5 1.00
 30 302  0  5 1.00
 31  32  0  5 1.00
 31  33  0  5 1.00
 31 299  0  5 1.00
 31 300  0  5 1.00
 31 301  0  5 1.00
 32  33  0  5 1.00
 32  34  0  5 1.00
 32  35  0  5 1.00
 32 299  0  5 1.00
 32 300  0  5 1.00
 32 301  0  5 1.00
 32 601  0  5 1.00
 33  34  0  5 1.00
 33  35  0  5 1.00
 33 299  0  5 1.00
 33 300  0  5 1.00
 33 601  0  5 1.00
 34  35  0  5 1.00
 34  36  0  5 1.00
 34 299  0  5 1.00
 34 541  0  5 1.00
 34 542  0  5 1.00
 35  36  0  5 1.00
 35  37  0  5 1.00
 35 541  0  5 1.00
 35 542  0  5 1.00
 36  37  0  5 1.00
 36  38  0  5 1.00
 37  38  0  5 1.00
 37  39  0  5 1.00
 38  39  0  5 1.00
 38  40  0  5 1.00
 39  40  0  5 1.00
 39  41  0  5 1.00
 40  41  0  5 1.00
 40  42  0  5 1.00
 41  42  0  5 1.00
 41  43  0  5 1.00
 41  44  0  5 1.00
 41  45  0  5 1.00
 42  43  0  5 1.00
 42  44  0  5 1.00
 42  45  0  5 1.00
 42  46  0  5 1.00
 43  44  0  5 1.00
 43  45  0  5 1.00
 43  46  0  5 1.00
 44  45  0  5 1.00
 44  46  0  5 1.00
 45  46  0  5 1.00
 45  47  0  5 1.00
 46  47  0  5 1.00
 46  48  0  5 1.00
 46 464  0  5 1.00
 46 465  0  5 1.00
 46 466  0  5 1.00
 47  48  0  5 1.00
 47  49  0  5 1.00
 47 464  0  5 1.00
 47 465  0  5 1.00
 47 466  0  5 1.00
 48  49  0  5 1.00
 48  50  0  5 1.00
 48 466  0  5 1.00
 49  50  0  5 1.00
 49  51  0  5 1.00
 49 466  0  5 1.00
 49 467  0  5 1.00
 49 468  0  5 1.00
 49 469  0  5 1.00
 50  51  0  5 1.00
 50  52  0  5 1.00
 50 468  0  5 1.00
 50 469  0  5 1.00
 51  52  0  5 1.00
 51  53  0  5 1.00
 51  54  0  5 1.00
 51 469  0  5 1.00
 52  53  0  5 1.00
 52  54  0  5 1.00
 53  54  0  5 1.00
 53  55  0  5 1.00
 54  55  0  5 1.00
 54  56  0  5 1.00
 55  56  0  5 1.00
 55  57  0  5 1.00
 55  58  0  5 1.00
 55  76  0  5 1.00
 56  57  0  5 1.00
 56  58  0  5 1.00
 56  76  0  5 1.00
 56  77  0  5 1.00
 57  58  0  5 1.00
 57  59  0  5 1.00
 57  76  0  5 1.00
 57  77  0  5 1.00
 57 154  0  5 1.00
 57 155  0  5 1.00
 57 156  0  5 1.00
 58  59  0  5 1.00
 58  60  0  5 1.00
 58  76  0  5 1.00
 58 156  0  5 1.00
 59  60  0  5 1.00
 59  61  0  5 1.00
 59  62  0  5 1.00
 59 156  0  5 1.00
 60  61  0  5 1.00
 60  62  0  5 1.00
 60  63  0  5 1.00
 61  62  0  5 1.00
 61  63  0  5 1.00
 62  63  0  5 1.00
 62  64  0  5 1.00
 63  64  0  5 1.00
 63  65  0  5 1.00
 64  65  0  5 1.00
 64  66  0  5 1.00
 65  66  0  5 1.00
 65  67  0  5 1.00
 66  67  0  5 1.00
 66  68  0  5 1.00
 66 470  0  5 1.00
 67  68  0  5 1.00
 67  69  0  5 1.00
 67  70  0  5 1.00
 67  73  0  5 1.00
 68  69  0  5 1.00
 68  70  0  5 1.00
 68 564  0  5 1.00
 68 565  0  5 1.00
 68 566  0  5 1.00
 69  70  0  5 1.00
 69  71  0  5 1.00
 69 552  0  5 1.00
 69 562  0  5 1.00
 69 564  0  5 1.00
 69 565  0  5 1.00
 70  71  0  5 1.00
 70  72  0  5 1.00
 70  73  0  5 1.00
 70  74  0  5 1.00
 71  72  0  5 1.00
 71  73  0  5 1.00
 71  74  0  5 1.00
 71  86  0  5 1.00
 71  87  0  5 1.00
 72  73  0  5 1.00
 72  74  0  5 1.00
 72  75  0  5 1.00
 72  76  0  5 1.00
 73  74  0  5 1.00
 73  75  0  5 1.00
 73  76  0  5 1.00
 73  77  0  5 1.00
 74  75  0  5 1.00
 74  76  0  5 1.00
 74  77  0  5 1.00
 75  76  0  5 1.00
 75  77  0  5 1.00
 76  77  0  5 1.00
 76  78  0  5 1.00
 77  78  0  5 1.00
 77  79  0  5 1.00
 78  79  0  5 1.00
 78  80  0  5 1.00
 78 569  0  5 1.00
 78 570  0  5 1.00
 79  80  0  5 1.00
 79  81  0  5 1.00
 79  82  0  5 1.00
 79  83  0  5 1.00
 79 569  0  5 1.00
 79 570  0  5 1.00
 80  81  0  5 1.00
 80  82  0  5 1.00
 80  83  0  5 1.00
 80  84  0  5 1.00
 80 569  0  5 1.00
 80 570  0  5 1.00
 81  82  0  5 1.00
 81  83  0  5 1.00
 81  97  0  5 1.00
 81  98  0  5 1.00
 82  83  0  5 1.00
 82  84  0  5 1.00
 82  94  0  5 1.00
 82  95  0  5 1.00
 82  96  0  5 1.00
 82  97  0  5 1.00
 83  84  0  5 1.00
 83  85  0  5 1.00
 83 572  0  5 1.00
 84  85  0  5 1.00
 84  86  0  5 1.00
 84  93  0  5 1.00
 84  94  0  5 1.00
 84  95  0  5 1.00
 84 571  0  5 1.00
 84 572  0  5 1.00
 85  86  0  5 1.00
 85  87  0  5 1.00
 85  93  0  5 1.00
 85  94  0  5 1.00
 85 571  0  5 1.00
 85 572  0  5 1.00
 85 574  0  5 1.00
 86  87  0  5 1.00
 86  88  0  5 1.00
 86  91  0  5 1.00
 86  92  0  5 1.00
 86  93  0  5 1.00
 86  94  0  5 1.00
 87  88  0  5 1.00
 87  89  0  5 1.00
 87  91  0  5 1.00
 87  92  0  5 1.00
 87  93  0  5 1.00
 88  89  0  5 1.00
 88  90  0  5 1.00
 88  91  0  5 1.00
 88 183  0  5 1.00
 88 184  0  5 1.00
 88 185  0  5 1.00
 89  90  0  5 1.00
 89  91  0  5 1.00
 89 184  0  5 1.00
 89 185  0  5 1.00
 89 186  0  5 1.00
 90  91  0  5 1.00
 90  92  0  5 1.00
 90 108  0  5 1.00
 90 109  0  5 1.00
 90 110  0  5 1.00
 90 185  0  5 1.00
 90 186  0  5 1.00
 90 347  0  5 1.00
 90 348  0  5 1.00
 91  92  0  5 1.00
 91  93  0  5 1.00
 91 108  0  5 1.00
 92  93  0  5 1.00
 92  94  0  5 1.00
 92 106  0  5 1.00
 92 107  0  5 1.00
 92 108  0  5 1.00
 93  94  0  5 1.00
 93  95  0  5 1.00
 93 106  0  5 1.00
 93 107  0  5 1.00
 94  95  0  5 1.00
 94  96  0  5 1.00
 94 104  0  5 1.00
 94 105  0  5 1.00
 94 106  0  5 1.00
 95  96  0  5 1.00
 95  97  0  5 1.00
 95 104  0  5 1.00
 96  97  0  5 1.00
 96  98  0  5 1.00
 96 103  0  5 1.00
 96 104  0  5 1.00
 97  98  0  5 1.00
 97  99  0  5 1.00
 97 103  0  5 1.00
 97 104  0  5 1.00
 98  99  0  5 1.00
 98 100  0  5 1.00
 98 101  0  5 1.00
 99 100  0  5 1.00
 99 101  0  5 1.00
100 101  0  5 1.00
100 102  0  5 1.00
101 102  0  5 1.00
101 103  0  5 1.00
101 147  0  5 1.00
101 148  0  5 1.00
102 103  0  5 1.00
102 104  0  5 1.00
102 147  0  5 1.00
103 104  0  5 1.00
103 105  0  5 1.00
103 142  0  5 1.00
103 143  0  5 1.00
103 144  0  5 1.00
103 147  0  5 1.00
104 105  0  5 1.00
104 106  0  5 1.00
104 142  0  5 1.00
104 143  0  5 1.00
105 106  0  5 1.00
105 107  0  5 1.00
105 140  0  5 1.00
105 141  0  5 1.00
105 142  0  5 1.00
106 107  0  5 1.00
106 108  0  5 1.00
106 140  0  5 1.00
106 141  0  5 1.00
106 142  0  5 1.00
107 108  0  5 1.00
107 109  0  5 1.00
107 137  0  5 1.00
107 138  0  5 1.00
107 139  0  5 1.00
107 140  0  5 1.00
107 141  0  5 1.00
108 109  0  5 1.00
108 110  0  5 1.00
108 137  0  5 1.00
108 139  0  5 1.00
109 110  0  5 1.00
109 111  0  5 1.00
110 111  0  5 1.00
110 112  0  5 1.00
110 347  0  5 1.00
110 348  0  5 1.00
111 112  0  5 1.00
111 113  0  5 1.00
112 113  0  5 1.00
112 114  0  5 1.00
113 114  0  5 1.00
113 115  0  5 1.00
113 133  0  5 1.00
114 115  0  5 1.00
114 116  0  5 1.00
114 131  0  5 1.00
114 132  0  5 1.00
114 133  0  5 1.00
115 116  0  5 1.00
115 117  0  5 1.00
115 131  0  5 1.00
115 132  0  5 1.00
116 117  0  5 1.00
116 118  0  5 1.00
116 128  0  5 1.00
116 129  0  5 1.00
116 130  0  5 1.00
116 131  0  5 1.00
116 132  0  5 1.00
117 118  0  5 1.00
117 119  0  5 1.00
117 128  0  5 1.00
117 129  0  5 1.00
117 130  0  5 1.00
117 131  0  5 1.00
118 119  0  5 1.00
118 120  0  5 1.00
118 130  0  5 1.00
119 120  0  5 1.00
119 121  0  5 1.00
120 121  0  5 1.00
120 122  0  5 1.00
121 122  0  5 1.00
121 123  0  5 1.00
121 124  0  5 1.00
121 125  0  5 1.00
122 123  0  5 1.00
122 124  0  5 1.00
122 125  0  5 1.00
123 124  0  5 1.00
123 125  0  5 1.00
123 656  0  5 1.00
123 657  0  5 1.00
123 658  0  5 1.00
123 659  0  5 1.00
124 125  0  5 1.00
124 126  0  5 1.00
124 127  0  5 1.00
124 656  0  5 1.00
124 658  0  5 1.00
125 126  0  5 1.00
125 127  0  5 1.00
126 127  0  5 1.00
126 128  0  5 1.00
127 128  0  5 1.00
127 129  0  5 1.00
128 129  0  5 1.00
128 130  0  5 1.00
129 130  0  5 1.00
129 131  0  5 1.00
129 633  0  5 1.00
130 131  0  5 1.00
130 132  0  5 1.00
130 648  0  5 1.00
130 649  0  5 1.00
130 650  0  5 1.00
131 132  0  5 1.00
131 133  0  5 1.00
131 648  0  5 1.00
131 649  0  5 1.00
131 650  0  5 1.00
132 133  0  5 1.00
132 134  0  5 1.00
132 646  0  5 1.00
132 647  0  5 1.00
132 648  0  5 1.00
133 134  0  5 1.00
133 135  0  5 1.00
133 646  0  5 1.00
133 647  0  5 1.00
134 135  0  5 1.00
134 136  0  5 1.00
134 646  0  5 1.00
135 136  0  5 1.00
135 137  0  5 1.00
136 137  0  5 1.00
136 138  0  5 1.00
137 138  0  5 1.00
137 139  0  5 1.00
138 139  0  5 1.00
138 140  0  5 1.00
138 202  0  5 1.00
138 203  0  5 1.00
138 204  0  5 1.00
139 140  0  5 1.00
139 141  0  5 1.00
139 201  0  5 1.00
139 202  0  5 1.00
139 203  0  5 1.00
140 141  0  5 1.00
140 142  0  5 1.00
140 201  0  5 1.00
140 202  0  5 1.00
141 142  0  5 1.00
141 143  0  5 1.00
141 199  0  5 1.00
141 200  0  5 1.00
141 201  0  5 1.00
141 202  0  5 1.00
142 143  0  5 1.00
142 144  0  5 1.00
142 199  0  5 1.00
143 144  0  5 1.00
143 145  0  5 1.00
143 197  0  5 1.00
143 198  0  5 1.00
143 199  0  5 1.00
144 145  0  5 1.00
144 146  0  5 1.00
144 147  0  5 1.00
144 148  0  5 1.00
144 197  0  5 1.00
144 198  0  5 1.00
144 199  0  5 1.00
145 146  0  5 1.00
145 147  0  5 1.00
145 148  0  5 1.00
145 197  0  5 1.00
146 147  0  5 1.00
146 148  0  5 1.00
146 149  0  5 1.00
146 197  0  5 1.00
147 148  0  5 1.00
147 149  0  5 1.00
147 150  0  5 1.00
148 149  0  5 1.00
148 150  0  5 1.00
149 150  0  5 1.00
149 151  0  5 1.00
150 151  0  5 1.00
150 152  0  5 1.00
151 152  0  5 1.00
151 153  0  5 1.00
152 153  0  5 1.00
152 154  0  5 1.00
152 169  0  5 1.00
152 170  0  5 1.00
152 171  0  5 1.00
153 154  0  5 1.00
153 155  0  5 1.00
153 167  0  5 1.00
153 168  0  5 1.00
153 169  0  5 1.00
153 171  0  5 1.00
154 155  0  5 1.00
154 156  0  5 1.00
154 167  0  5 1.00
154 168  0  5 1.00
155 156  0  5 1.00
155 157  0  5 1.00
155 165  0  5 1.00
155 166  0  5 1.00
155 167  0  5 1.00
156 157  0  5 1.00
156 158  0  5 1.00
156 165  0  5 1.00
156 166  0  5 1.00
156 167  0  5 1.00
157 158  0  5 1.00
157 159  0  5 1.00
157 165  0  5 1.00
157 166  0  5 1.00
158 159  0  5 1.00
158 160  0  5 1.00
158 163  0  5 1.00
158 164  0  5 1.00
158 165  0  5 1.00
159 160  0  5 1.00
159 161  0  5 1.00
159 163  0  5 1.00
159 164  0  5 1.00
159 165  0  5 1.00
160 161  0  5 1.00
160 162  0  5 1.00
160 163  0  5 1.00
160 164  0  5 1.00
161 162  0  5 1.00
161 163  0  5 1.00
162 163  0  5 1.00
162 164  0  5 1.00
162 182  0  5 1.00
162 183  0  5 1.00
162 184  0  5 1.00
162 295  0  5 1.00
163 164  0  5 1.00
163 165  0  5 1.00
163 182  0  5 1.00
163 183  0  5 1.00
163 184  0  5 1.00
164 165  0  5 1.00
164 166  0  5 1.00
164 180  0  5 1.00
164 181  0  5 1.00
164 182  0  5 1.00
164 183  0  5 1.00
165 166  0  5 1.00
165 167  0  5 1.00
165 180  0  5 1.00
165 181  0  5 1.00
165 182  0  5 1.00
166 167  0  5 1.00
166 168  0  5 1.00
166 178  0  5 1.00
166 179  0  5 1.00
166 180  0  5 1.00
166 181  0  5 1.00
167 168  0  5 1.00
167 169  0  5 1.00
167 178  0  5 1.00
167 179  0  5 1.00
167 180  0  5 1.00
168 169  0  5 1.00
168 170  0  5 1.00
168 176  0  5 1.00
168 177  0  5 1.00
168 178  0  5 1.00
169 170  0  5 1.00
169 171  0  5 1.00
169 173  0  5 1.00
169 176  0  5 1.00
169 177  0  5 1.00
169 178  0  5 1.00
170 171  0  5 1.00
170 172  0  5 1.00
170 173  0  5 1.00
170 174  0  5 1.00
170 176  0  5 1.00
170 177  0  5 1.00
171 172  0  5 1.00
171 173  0  5 1.00
172 173  0  5 1.00
172 174  0  5 1.00
173 174  0  5 1.00
173 175  0  5 1.00
173 176  0  5 1.00
174 175  0  5 1.00
174 176  0  5 1.00
174 177  0  5 1.00
175 176  0  5 1.00
175 177  0  5 1.00
175 194  0  5 1.00
175 195  0  5 1.00
176 177  0  5 1.00
176 178  0  5 1.00
176 194  0  5 1.00
176 195  0  5 1.00
177 178  0  5 1.00
177 179  0  5 1.00
177 192  0  5 1.00
177 193  0  5 1.00
177 194  0  5 1.00
178 179  0  5 1.00
178 180  0  5 1.00
178 192  0  5 1.00
178 193  0  5 1.00
178 194  0  5 1.00
179 180  0  5 1.00
179 181  0  5 1.00
179 190  0  5 1.00
179 191  0  5 1.00
179 192  0  5 1.00
180 181  0  5 1.00
180 182  0  5 1.00
180 190  0  5 1.00
180 191  0  5 1.00
181 182  0  5 1.00
181 183  0  5 1.00
181 190  0  5 1.00
181 292  0  5 1.00
182 183  0  5 1.00
182 184  0  5 1.00
183 184  0  5 1.00
183 185  0  5 1.00
183 186  0  5 1.00
184 185  0  5 1.00
184 186  0  5 1.00
185 186  0  5 1.00
185 187  0  5 1.00
185 323  0  5 1.00
185 324  0  5 1.00
185 325  0  5 1.00
186 187  0  5 1.00
186 188  0  5 1.00
187 188  0  5 1.00
187 189  0  5 1.00
187 272  0  5 1.00
187 273  0  5 1.00
187 274  0  5 1.00
187 323  0  5 1.00
188 189  0  5 1.00
188 190  0  5 1.00
188 272  0  5 1.00
188 273  0  5 1.00
189 190  0  5 1.00
189 191  0  5 1.00
189 270  0  5 1.00
189 271  0  5 1.00
189 272  0  5 1.00
189 273  0  5 1.00
190 191  0  5 1.00
190 192  0  5 1.00
190 270  0  5 1.00
190 271  0  5 1.00
191 192  0  5 1.00
191 193  0  5 1.00
191 268  0  5 1.00
191 269  0  5 1.00
191 270  0  5 1.00
191 271  0  5 1.00
192 193  0  5 1.00
192 194  0  5 1.00
192 268  0  5 1.00
192 269  0  5 1.00
192 270  0  5 1.00
193 194  0  5 1.00
193 195  0  5 1.00
193 266  0  5 1.00
193 267  0  5 1.00
193 268  0  5 1.00
193 269  0  5 1.00
194 195  0  5 1.00
194 196  0  5 1.00
194 266  0  5 1.00
194 267  0  5 1.00
195 196  0  5 1.00
195 197  0  5 1.00
195 265  0  5 1.00
195 266  0  5 1.00
195 267  0  5 1.00
196 197  0  5 1.00
196 198  0  5 1.00
196 264  0  5 1.00
196 265  0  5 1.00
196 266  0  5 1.00
197 198  0  5 1.00
197 199  0  5 1.00
197 264  0  5 1.00
197 265  0  5 1.00
197 266  0  5 1.00
198 199  0  5 1.00
198 200  0  5 1.00
198 260  0  5 1.00
198 261  0  5 1.00
198 262  0  5 1.00
198 264  0  5 1.00
199 200  0  5 1.00
199 201  0  5 1.00
199 260  0  5 1.00
199 261  0  5 1.00
200 201  0  5 1.00
200 202  0  5 1.00
200 258  0  5 1.00
200 259  0  5 1.00
200 260  0  5 1.00
201 202  0  5 1.00
201 203  0  5 1.00
201 258  0  5 1.00
201 259  0  5 1.00
202 203  0  5 1.00
202 204  0  5 1.00
202 258  0  5 1.00
203 204  0  5 1.00
203 205  0  5 1.00
204 205  0  5 1.00
204 206  0  5 1.00
204 257  0  5 1.00
204 258  0  5 1.00
205 206  0  5 1.00
205 207  0  5 1.00
205 231  0  5 1.00
205 232  0  5 1.00
205 233  0  5 1.00
205 257  0  5 1.00
205 258  0  5 1.00
206 207  0  5 1.00
206 208  0  5 1.00
206 231  0  5 1.00
206 232  0  5 1.00
206 257  0  5 1.00
206 258  0  5 1.00
207 208  0  5 1.00
207 209  0  5 1.00
207 231  0  5 1.00
207 232  0  5 1.00
208 209  0  5 1.00
208 210  0  5 1.00
208 229  0  5 1.00
208 230  0  5 1.00
208 231  0  5 1.00
209 210  0  5 1.00
209 211  0  5 1.00
209 214  0  5 1.00
209 229  0  5 1.00
209 230  0  5 1.00
210 211  0  5 1.00
210 212  0  5 1.00
210 213  0  5 1.00
210 214  0  5 1.00
210 227  0  5 1.00
210 228  0  5 1.00
210 229  0  5 1.00
211 212  0  5 1.00
211 213  0  5 1.00
211 214  0  5 1.00
211 224  0  5 1.00
211 227  0  5 1.00
211 228  0  5 1.00
212 213  0  5 1.00
212 214  0  5 1.00
212 224  0  5 1.00
212 227  0  5 1.00
213 214  0  5 1.00
213 215  0  5 1.00
214 215  0  5 1.00
215 219  0  5 1.00
219 220  0  5 1.00
219 221  0  5 1.00
220 221  0  5 1.00
220 222  0  5 1.00
221 222  0  5 1.00
221 223  0  5 1.00
221 252  0  5 1.00
221 253  0  5 1.00
221 254  0  5 1.00
222 223  0  5 1.00
222 224  0  5 1.00
222 252  0  5 1.00
222 253  0  5 1.00
222 254  0  5 1.00
223 224  0  5 1.00
223 225  0  5 1.00
223 250  0  5 1.00
223 251  0  5 1.00
223 252  0  5 1.00
223 253  0  5 1.00
224 225  0  5 1.00
224 226  0  5 1.00
224 250  0  5 1.00
224 251  0  5 1.00
224 252  0  5 1.00
225 226  0  5 1.00
225 227  0  5 1.00
225 249  0  5 1.00
225 250  0  5 1.00
226 227  0  5 1.00
226 228  0  5 1.00
226 242  0  5 1.00
226 243  0  5 1.00
226 244  0  5 1.00
227 228  0  5 1.00
227 229  0  5 1.00
227 242  0  5 1.00
227 243  0  5 1.00
228 229  0  5 1.00
228 230  0  5 1.00
228 240  0  5 1.00
228 241  0  5 1.00
228 242  0  5 1.00
229 230  0  5 1.00
229 231  0  5 1.00
229 240  0  5 1.00
229 241  0  5 1.00
229 242  0  5 1.00
230 231  0  5 1.00
230 232  0  5 1.00
230 238  0  5 1.00
230 239  0  5 1.00
230 240  0  5 1.00
230 241  0  5 1.00
231 232  0  5 1.00
231 233  0  5 1.00
231 238  0  5 1.00
231 239  0  5 1.00
232 233  0  5 1.00
232 234  0  5 1.00
232 237  0  5 1.00
232 238  0  5 1.00
233 234  0  5 1.00
233 235  0  5 1.00
234 235  0  5 1.00
234 236  0  5 1.00
234 237  0  5 1.00
234 238  0  5 1.00
235 236  0  5 1.00
235 237  0  5 1.00
236 237  0  5 1.00
236 238  0  5 1.00
237 238  0  5 1.00
237 239  0  5 1.00
238 239  0  5 1.00
238 240  0  5 1.00
239 240  0  5 1.00
239 241  0  5 1.00
239 273  0  5 1.00
239 274  0  5 1.00
239 275  0  5 1.00
240 241  0  5 1.00
240 242  0  5 1.00
240 273  0  5 1.00
240 274  0  5 1.00
240 275  0  5 1.00
241 242  0  5 1.00
241 243  0  5 1.00
241 271  0  5 1.00
241 272  0  5 1.00
241 273  0  5 1.00
241 274  0  5 1.00
241 275  0  5 1.00
242 243  0  5 1.00
242 244  0  5 1.00
242 271  0  5 1.00
242 272  0  5 1.00
243 244  0  5 1.00
243 245  0  5 1.00
243 269  0  5 1.00
243 270  0  5 1.00
243 271  0  5 1.00
243 272  0  5 1.00
244 245  0  5 1.00
244 246  0  5 1.00
244 269  0  5 1.00
244 270  0  5 1.00
245 246  0  5 1.00
245 247  0  5 1.00
245 269  0  5 1.00
245 270  0  5 1.00
246 247  0  5 1.00
246 248  0  5 1.00
246 267  0  5 1.00
246 268  0  5 1.00
246 269  0  5 1.00
247 248  0  5 1.00
247 249  0  5 1.00
247 267  0  5 1.00
248 249  0  5 1.00
248 250  0  5 1.00
249 250  0  5 1.00
249 251  0  5 1.00
250 251  0  5 1.00
250 252  0  5 1.00
251 252  0  5 1.00
251 253  0  5 1.00
251 261  0  5 1.00
251 262  0  5 1.00
251 263  0  5 1.00
252 253  0  5 1.00
252 254  0  5 1.00
252 261  0  5 1.00
252 262  0  5 1.00
253 254  0  5 1.00
253 255  0  5 1.00
253 259  0  5 1.00
253 260  0  5 1.00
253 261  0  5 1.00
253 262  0  5 1.00
254 255  0  5 1.00
254 256  0  5 1.00
254 259  0  5 1.00
254 260  0  5 1.00
255 256  0  5 1.00
255 257  0  5 1.00
255 259  0  5 1.00
255 260  0  5 1.00
256 257  0  5 1.00
256 258  0  5 1.00
256 259  0  5 1.00
257 258  0  5 1.00
257 259  0  5 1.00
258 259  0  5 1.00
258 260  0  5 1.00
259 260  0  5 1.00
259 261  0  5 1.00
260 261  0  5 1.00
260 262  0  5 1.00
261 262  0  5 1.00
261 263  0  5 1.00
262 263  0  5 1.00
262 264  0  5 1.00
263 264  0  5 1.00
263 265  0  5 1.00
264 265  0  5 1.00
264 266  0  5 1.00
265 266  0  5 1.00
265 267  0  5 1.00
266 267  0  5 1.00
266 268  0  5 1.00
267 268  0  5 1.00
267 269  0  5 1.00
268 269  0  5 1.00
268 270  0  5 1.00
269 270  0  5 1.00
269 271  0  5 1.00
270 271  0  5 1.00
270 272  0  5 1.00
271 272  0  5 1.00
271 273  0  5 1.00
272 273  0  5 1.00
272 274  0  5 1.00
273 274  0  5 1.00
273 275  0  5 1.00
274 275  0  5 1.00
274 276  0  5 1.00
275 276  0  5 1.00
275 277  0  5 1.00
276 277  0  5 1.00
276 278  0  5 1.00
276 345  0  5 1.00
277 278  0  5 1.00
277 279  0  5 1.00
277 280  0  5 1.00
277 281  0  5 1.00
278 279  0  5 1.00
278 280  0  5 1.00
278 281  0  5 1.00
279 280  0  5 1.00
279 281  0  5 1.00
279 282  0  5 1.00
280 281  0  5 1.00
280 282  0  5 1.00
280 283  0  5 1.00
280 284  0  5 1.00
281 282  0  5 1.00
281 283  0  5 1.00
281 284  0  5 1.00
281 285  0  5 1.00
282 283  0  5 1.00
282 284  0  5 1.00
282 285  0  5 1.00
282 286  0  5 1.00
283 284  0  5 1.00
283 285  0  5 1.00
283 286  0  5 1.00
283 287  0  5 1.00
284 285  0  5 1.00
284 286  0  5 1.00
284 287  0  5 1.00
284 288  0  5 1.00
285 286  0  5 1.00
285 287  0  5 1.00
285 288  0  5 1.00
286 287  0  5 1.00
286 288  0  5 1.00
286 289  0  5 1.00
287 288  0  5 1.00
287 289  0  5 1.00
287 290  0  5 1.00
287 321  0  5 1.00
288 289  0  5 1.00
288 290  0  5 1.00
289 290  0  5 1.00
289 291  0  5 1.00
290 291  0  5 1.00
290 292  0  5 1.00
291 292  0  5 1.00
291 293  0  5 1.00
291 314  0  5 1.00
291 315  0  5 1.00
291 316  0  5 1.00
292 293  0  5 1.00
292 294  0  5 1.00
292 314  0  5 1.00
292 315  0  5 1.00
293 294  0  5 1.00
293 295  0  5 1.00
293 314  0  5 1.00
293 315  0  5 1.00
294 295  0  5 1.00
294 296  0  5 1.00
294 312  0  5 1.00
294 313  0  5 1.00
294 314  0  5 1.00
295 296  0  5 1.00
295 297  0  5 1.00
295 312  0  5 1.00
295 313  0  5 1.00
295 314  0  5 1.00
296 297  0  5 1.00
296 298  0  5 1.00
296 310  0  5 1.00
296 311  0  5 1.00
296 312  0  5 1.00
296 313  0  5 1.00
297 298  0  5 1.00
297 299  0  5 1.00
297 310  0  5 1.00
297 311  0  5 1.00
297 312  0  5 1.00
298 299  0  5 1.00
298 300  0  5 1.00
298 308  0  5 1.00
298 309  0  5 1.00
298 310  0  5 1.00
299 300  0  5 1.00
299 301  0  5 1.00
299 308  0  5 1.00
299 309  0  5 1.00
299 310  0  5 1.00
300 301  0  5 1.00
300 302  0  5 1.00
300 306  0  5 1.00
300 307  0  5 1.00
300 308  0  5 1.00
300 309  0  5 1.00
301 302  0  5 1.00
301 303  0  5 1.00
301 306  0  5 1.00
301 307  0  5 1.00
301 308  0  5 1.00
302 303  0  5 1.00
302 304  0  5 1.00
302 305  0  5 1.00
302 306  0  5 1.00
302 307  0  5 1.00
303 304  0  5 1.00
303 305  0  5 1.00
304 305  0  5 1.00
304 306  0  5 1.00
304 367  0  5 1.00
305 306  0  5 1.00
305 307  0  5 1.00
305 366  0  5 1.00
305 367  0  5 1.00
305 368  0  5 1.00
305 369  0  5 1.00
306 307  0  5 1.00
306 308  0  5 1.00
306 366  0  5 1.00
306 367  0  5 1.00
307 308  0  5 1.00
307 309  0  5 1.00
307 364  0  5 1.00
307 365  0  5 1.00
307 366  0  5 1.00
307 367  0  5 1.00
308 309  0  5 1.00
308 310  0  5 1.00
308 364  0  5 1.00
308 365  0  5 1.00
308 366  0  5 1.00
309 310  0  5 1.00
309 311  0  5 1.00
309 362  0  5 1.00
309 363  0  5 1.00
309 364  0  5 1.00
310 311  0  5 1.00
310 312  0  5 1.00
310 362  0  5 1.00
310 363  0  5 1.00
310 364  0  5 1.00
311 312  0  5 1.00
311 313  0  5 1.00
311 360  0  5 1.00
311 361  0  5 1.00
311 362  0  5 1.00
311 363  0  5 1.00
312 313  0  5 1.00
312 314  0  5 1.00
312 360  0  5 1.00
312 361  0  5 1.00
313 314  0  5 1.00
313 315  0  5 1.00
313 360  0  5 1.00
313 361  0  5 1.00
314 315  0  5 1.00
314 316  0  5 1.00
315 316  0  5 1.00
315 317  0  5 1.00
316 317  0  5 1.00
316 318  0  5 1.00
317 318  0  5 1.00
317 319  0  5 1.00
317 320  0  5 1.00
318 319  0  5 1.00
318 320  0  5 1.00
319 320  0  5 1.00
319 321  0  5 1.00
320 321  0  5 1.00
320 322  0  5 1.00
321 322  0  5 1.00
321 323  0  5 1.00
321 359  0  5 1.00
322 323  0  5 1.00
322 324  0  5 1.00
322 357  0  5 1.00
322 358  0  5 1.00
322 359  0  5 1.00
322 360  0  5 1.00
323 324  0  5 1.00
323 325  0  5 1.00
323 357  0  5 1.00
323 358  0  5 1.00
324 325  0  5 1.00
324 326  0  5 1.00
324 355  0  5 1.00
324 356  0  5 1.00
324 357  0  5 1.00
325 326  0  5 1.00
325 327  0  5 1.00
325 355  0  5 1.00
325 356  0  5 1.00
325 357  0  5 1.00
326 327  0  5 1.00
326 328  0  5 1.00
326 353  0  5 1.00
326 354  0  5 1.00
326 355  0  5 1.00
326 356  0  5 1.00
327 328  0  5 1.00
327 329  0  5 1.00
327 330  0  5 1.00
327 331  0  5 1.00
327 353  0  5 1.00
327 354  0  5 1.00
328 329  0  5 1.00
328 330  0  5 1.00
328 331  0  5 1.00
328 332  0  5 1.00
328 351  0  5 1.00
328 353  0  5 1.00
329 330  0  5 1.00
329 331  0  5 1.00
329 332  0  5 1.00
329 333  0  5 1.00
330 331  0  5 1.00
330 332  0  5 1.00
330 333  0  5 1.00
330 334  0  5 1.00
331 332  0  5 1.00
331 333  0  5 1.00
331 334  0  5 1.00
332 333  0  5 1.00
332 334  0  5 1.00
333 334  0  5 1.00
333 335  0  5 1.00
333 363  0  5 1.00
333 364  0  5 1.00
333 365  0  5 1.00
334 335  0  5 1.00
334 336  0  5 1.00
334 363  0  5 1.00
334 364  0  5 1.00
334 365  0  5 1.00
335 336  0  5 1.00
335 337  0  5 1.00
335 338  0  5 1.00
335 363  0  5 1.00
335 364  0  5 1.00
336 337  0  5 1.00
336 338  0  5 1.00
336 339  0  5 1.00
337 338  0  5 1.00
337 339  0  5 1.00
338 339  0  5 1.00
338 340  0  5 1.00
338 358  0  5 1.00
338 359  0  5 1.00
338 361  0  5 1.00
339 340  0  5 1.00
339 341  0  5 1.00
339 358  0  5 1.00
339 359  0  5 1.00
340 341  0  5 1.00
340 342  0  5 1.00
340 356  0  5 1.00
340 357  0  5 1.00
340 358  0  5 1.00
341 342  0  5 1.00
341 343  0  5 1.00
341 356  0  5 1.00
341 357  0  5 1.00
342 343  0  5 1.00
342 344  0  5 1.00
342 356  0  5 1.00
342 357  0  5 1.00
343 344  0  5 1.00
343 345  0  5 1.00
344 345  0  5 1.00
344 346  0  5 1.00
344 354  0  5 1.00
344 355  0  5 1.00
344 356  0  5 1.00
345 346  0  5 1.00
345 347  0  5 1.00
345 354  0  5 1.00
345 355  0  5 1.00
346 347  0  5 1.00
346 348  0  5 1.00
346 352  0  5 1.00
346 353  0  5 1.00
346 354  0  5 1.00
347 348  0  5 1.00
347 349  0  5 1.00
347 352  0  5 1.00
347 353  0  5 1.00
347 354  0  5 1.00
348 349  0  5 1.00
348 350  0  5 1.00
348 351  0  5 1.00
348 352  0  5 1.00
348 353  0  5 1.00
348 354  0  5 1.00
349 350  0  5 1.00
349 351  0  5 1.00
349 645  0  5 1.00
350 351  0  5 1.00
350 352  0  5 1.00
350 645  0  5 1.00
351 352  0  5 1.00
351 353  0  5 1.00
351 629  0  5 1.00
352 353  0  5 1.00
352 354  0  5 1.00
352 629  0  5 1.00
353 354  0  5 1.00
353 355  0  5 1.00
354 355  0  5 1.00
354 356  0  5 1.00
355 356  0  5 1.00
355 357  0  5 1.00
356 357  0  5 1.00
356 358  0  5 1.00
357 358  0  5 1.00
357 359  0  5 1.00
358 359  0  5 1.00
358 360  0  5 1.00
359 360  0  5 1.00
359 361  0  5 1.00
360 361  0  5 1.00
360 362  0  5 1.00
361 362  0  5 1.00
361 363  0  5 1.00
362 363  0  5 1.00
362 364  0  5 1.00
363 364  0  5 1.00
363 365  0  5 1.00
364 365  0  5 1.00
364 366  0  5 1.00
365 366  0  5 1.00
365 367  0  5 1.00
366 367  0  5 1.00
366 368  0  5 1.00
366 369  0  5 1.00
367 368  0  5 1.00
367 369  0  5 1.00
368 369  0  5 1.00
368 370  0  5 1.00
369 370  0  5 1.00
369 371  0  5 1.00
370 371  0  5 1.00
370 372  0  5 1.00
371 372  0  5 1.00
371 373  0  5 1.00
372 373  0  5 1.00
372 374  0  5 1.00
373 374  0  5 1.00
373 375  0  5 1.00
374 375  0  5 1.00
374 376  0  5 1.00
375 376  0  5 1.00
375 377  0  5 1.00
376 377  0  5 1.00
376 378  0  5 1.00
376 379  0  5 1.00
377 378  0  5 1.00
377 379  0  5 1.00
378 379  0  5 1.00
378 380  0  5 1.00
378 742  0  5 1.00
379 380  0  5 1.00
379 381  0  5 1.00
379 432  0  5 1.00
379 433  0  5 1.00
380 381  0  5 1.00
380 382  0  5 1.00
380 432  0  5 1.00
380 433  0  5 1.00
380 741  0  5 1.00
380 742  0  5 1.00
381 382  0  5 1.00
381 383  0  5 1.00
381 433  0  5 1.00
381 741  0  5 1.00
381 742  0  5 1.00
382 383  0  5 1.00
382 384  0  5 1.00
382 385  0  5 1.00
382 386  0  5 1.00
382 741  0  5 1.00
383 384  0  5 1.00
383 385  0  5 1.00
383 386  0  5 1.00
384 385  0  5 1.00
384 386  0  5 1.00
385 386  0  5 1.00
385 387  0  5 1.00
385 388  0  5 1.00
385 389  0  5 1.00
385 390  0  5 1.00
386 387  0  5 1.00
386 388  0  5 1.00
386 389  0  5 1.00
386 390  0  5 1.00
386 391  0  5 1.00
387 388  0  5 1.00
387 389  0  5 1.00
387 390  0  5 1.00
387 391  0  5 1.00
388 389  0  5 1.00
388 390  0  5 1.00
388 391  0  5 1.00
388 392  0  5 1.00
389 390  0  5 1.00
389 391  0  5 1.00
389 392  0  5 1.00
389 393  0  5 1.00
389 394  0  5 1.00
389 734  0  5 1.00
390 391  0  5 1.00
390 392  0  5 1.00
390 393  0  5 1.00
390 394  0  5 1.00
391 392  0  5 1.00
391 393  0  5 1.00
391 394  0  5 1.00
391 395  0  5 1.00
392 393  0  5 1.00
392 394  0  5 1.00
392 395  0  5 1.00
392 396  0  5 1.00
392 397  0  5 1.00
392 734  0  5 1.00
393 394  0  5 1.00
393 395  0  5 1.00
393 396  0  5 1.00
393 397  0  5 1.00
393 398  0  5 1.00
393 734  0  5 1.00
394 395  0  5 1.00
394 396  0  5 1.00
394 397  0  5 1.00
394 398  0  5 1.00
395 396  0  5 1.00
395 397  0  5 1.00
395 398  0  5 1.00
395 399  0  5 1.00
396 397  0  5 1.00
396 398  0  5 1.00
396 399  0  5 1.00
397 398  0  5 1.00
397 399  0  5 1.00
398 399  0  5 1.00
398 400  0  5 1.00
399 400  0  5 1.00
399 401  0  5 1.00
400 401  0  5 1.00
400 402  0  5 1.00
400 403  0  5 1.00
400 404  0  5 1.00
401 402  0  5 1.00
401 403  0  5 1.00
401 404  0  5 1.00
401 405  0  5 1.00
401 406  0  5 1.00
402 403  0  5 1.00
402 404  0  5 1.00
402 405  0  5 1.00
402 406  0  5 1.00
402 407  0  5 1.00
403 404  0  5 1.00
403 405  0  5 1.00
403 406  0  5 1.00
404 405  0  5 1.00
404 406  0  5 1.00
404 412  0  5 1.00
404 416  0  5 1.00
404 417  0  5 1.00
405 406  0  5 1.00
405 407  0  5 1.00
405 413  0  5 1.00
405 416  0  5 1.00
406 407  0  5 1.00
406 408  0  5 1.00
407 408  0  5 1.00
407 409  0  5 1.00
407 413  0  5 1.00
408 409  0  5 1.00
408 410  0  5 1.00
409 410  0  5 1.00
409 411  0  5 1.00
409 412  0  5 1.00
409 413  0  5 1.00
410 411  0  5 1.00
410 412  0  5 1.00
410 413  0  5 1.00
410 414  0  5 1.00
411 412  0  5 1.00
411 413  0  5 1.00
411 414  0  5 1.00
411 415  0  5 1.00
412 413  0  5 1.00
412 414  0  5 1.00
412 415  0  5 1.00
412 416  0  5 1.00
413 414  0  5 1.00
413 415  0  5 1.00
413 416  0  5 1.00
413 417  0  5 1.00
414 415  0  5 1.00
414 416  0  5 1.00
414 417  0  5 1.00
414 418  0  5 1.00
414 419  0  5 1.00
414 507  0  5 1.00
415 416  0  5 1.00
415 417  0  5 1.00
415 418  0  5 1.00
415 419  0  5 1.00
415 729  0  5 1.00
415 730  0  5 1.00
416 417  0  5 1.00
416 418  0  5 1.00
416 419  0  5 1.00
416 420  0  5 1.00
416 729  0  5 1.00
416 730  0  5 1.00
417 418  0  5 1.00
417 419  0  5 1.00
417 420  0  5 1.00
417 421  0  5 1.00
418 419  0  5 1.00
418 420  0  5 1.00
418 421  0  5 1.00
418 422  0  5 1.00
418 507  0  5 1.00
419 420  0  5 1.00
419 421  0  5 1.00
419 422  0  5 1.00
419 423  0  5 1.00
419 730  0  5 1.00
420 421  0  5 1.00
420 422  0  5 1.00
420 423  0  5 1.00
420 424  0  5 1.00
420 425  0  5 1.00
421 422  0  5 1.00
421 423  0  5 1.00
421 424  0  5 1.00
421 425  0  5 1.00
422 423  0  5 1.00
422 424  0  5 1.00
422 425  0  5 1.00
422 426  0  5 1.00
422 427  0  5 1.00
423 424  0  5 1.00
423 425  0  5 1.00
423 426  0  5 1.00
423 427  0  5 1.00
424 425  0  5 1.00
424 426  0  5 1.00
424 427  0  5 1.00
424 428  0  5 1.00
424 444  0  5 1.00
424 445  0  5 1.00
425 426  0  5 1.00
425 427  0  5 1.00
425 428  0  5 1.00
425 429  0  5 1.00
426 427  0  5 1.00
426 428  0  5 1.00
426 429  0  5 1.00
426 430  0  5 1.00
426 435  0  5 1.00
427 428  0  5 1.00
427 429  0  5 1.00
427 430  0  5 1.00
427 435  0  5 1.00
427 441  0  5 1.00
428 429  0  5 1.00
428 430  0  5 1.00
429 430  0  5 1.00
429 431  0  5 1.00
429 432  0  5 1.00
429 433  0  5 1.00
429 434  0  5 1.00
430 431  0  5 1.00
430 432  0  5 1.00
430 433  0  5 1.00
430 434  0  5 1.00
430 435  0  5 1.00
431 432  0  5 1.00
431 433  0  5 1.00
431 434  0  5 1.00
432 433  0  5 1.00
432 434  0  5 1.00
433 434  0  5 1.00
433 435  0  5 1.00
434 435  0  5 1.00
434 436  0  5 1.00
435 436  0  5 1.00
435 437  0  5 1.00
436 437  0  5 1.00
436 438  0  5 1.00
437 438  0  5 1.00
437 439  0  5 1.00
437 440  0  5 1.00
437 441  0  5 1.00
437 442  0  5 1.00
438 439  0  5 1.00
438 440  0  5 1.00
438 441  0  5 1.00
438 442  0  5 1.00
439 440  0  5 1.00
439 441  0  5 1.00
439 442  0  5 1.00
439 443  0  5 1.00
440 441  0  5 1.00
440 442  0  5 1.00
440 443  0  5 1.00
440 444  0  5 1.00
440 445  0  5 1.00
441 442  0  5 1.00
441 443  0  5 1.00
441 444  0  5 1.00
441 445  0  5 1.00
442 443  0  5 1.00
442 444  0  5 1.00
442 445  0  5 1.00
442 446  0  5 1.00
442 447  0  5 1.00
443 444  0  5 1.00
443 445  0  5 1.00
443 446  0  5 1.00
443 447  0  5 1.00
443 448  0  5 1.00
444 445  0  5 1.00
444 446  0  5 1.00
444 447  0  5 1.00
444 448  0  5 1.00
445 446  0  5 1.00
445 447  0  5 1.00
445 448  0  5 1.00
445 449  0  5 1.00
446 447  0  5 1.00
446 448  0  5 1.00
446 449  0  5 1.00
446 450  0  5 1.00
447 448  0  5 1.00
447 449  0  5 1.00
447 450  0  5 1.00
447 451  0  5 1.00
447 452  0  5 1.00
448 449  0  5 1.00
448 450  0  5 1.00
448 451  0  5 1.00
448 452  0  5 1.00
448 453  0  5 1.00
449 450  0  5 1.00
449 451  0  5 1.00
449 452  0  5 1.00
449 453  0  5 1.00
450 451  0  5 1.00
450 452  0  5 1.00
450 453  0  5 1.00
450 454  0  5 1.00
451 452  0  5 1.00
451 453  0  5 1.00
451 454  0  5 1.00
451 455  0  5 1.00
452 453  0  5 1.00
452 454  0  5 1.00
452 455  0  5 1.00
452 456  0  5 1.00
453 454  0  5 1.00
453 455  0  5 1.00
453 456  0  5 1.00
453 457  0  5 1.00
454 455  0  5 1.00
454 456  0  5 1.00
454 457  0  5 1.00
454 458  0  5 1.00
454 459  0  5 1.00
454 460  0  5 1.00
455 456  0  5 1.00
455 457  0  5 1.00
455 458  0  5 1.00
455 459  0  5 1.00
455 460  0  5 1.00
456 457  0  5 1.00
456 458  0  5 1.00
457 458  0  5 1.00
457 459  0  5 1.00
458 459  0  5 1.00
458 460  0  5 1.00
458 463  0  5 1.00
459 460  0  5 1.00
459 461  0  5 1.00
460 461  0  5 1.00
460 462  0  5 1.00
460 463  0  5 1.00
461 462  0  5 1.00
461 463  0  5 1.00
462 463  0  5 1.00
462 464  0  5 1.00
463 464  0  5 1.00
463 465  0  5 1.00
463 474  0  5 1.00
463 475  0  5 1.00
463 476  0  5 1.00
464 465  0  5 1.00
464 466  0  5 1.00
464 474  0  5 1.00
464 475  0  5 1.00
464 476  0  5 1.00
465 466  0  5 1.00
465 467  0  5 1.00
465 472  0  5 1.00
465 473  0  5 1.00
465 474  0  5 1.00
465 475  0  5 1.00
466 467  0  5 1.00
466 468  0  5 1.00
466 472  0  5 1.00
466 473  0  5 1.00
466 474  0  5 1.00
467 468  0  5 1.00
467 469  0  5 1.00
467 470  0  5 1.00
467 471  0  5 1.00
467 472  0  5 1.00
467 473  0  5 1.00
468 469  0  5 1.00
468 470  0  5 1.00
468 471  0  5 1.00
469 470  0  5 1.00
469 471  0  5 1.00
470 471  0  5 1.00
470 472  0  5 1.00
470 549  0  5 1.00
471 472  0  5 1.00
471 473  0  5 1.00
471 547  0  5 1.00
471 548  0  5 1.00
471 549  0  5 1.00
472 473  0  5 1.00
472 474  0  5 1.00
472 537  0  5 1.00
472 547  0  5 1.00
473 474  0  5 1.00
473 475  0  5 1.00
474 475  0  5 1.00
474 476  0  5 1.00
474 495  0  5 1.00
474 496  0  5 1.00
475 476  0  5 1.00
475 477  0  5 1.00
475 478  0  5 1.00
475 495  0  5 1.00
475 496  0  5 1.00
476 477  0  5 1.00
476 478  0  5 1.00
476 479  0  5 1.00
476 484  0  5 1.00
476 485  0  5 1.00
476 486  0  5 1.00
477 478  0  5 1.00
477 479  0  5 1.00
477 485  0  5 1.00
477 486  0  5 1.00
477 487  0  5 1.00
477 488  0  5 1.00
478 479  0  5 1.00
478 480  0  5 1.00
478 485  0  5 1.00
478 486  0  5 1.00
478 487  0  5 1.00
478 488  0  5 1.00
478 489  0  5 1.00
478 491  0  5 1.00
479 480  0  5 1.00
479 481  0  5 1.00
479 485  0  5 1.00
479 486  0  5 1.00
479 487  0  5 1.00
479 488  0  5 1.00
480 481  0  5 1.00
480 482  0  5 1.00
480 483  0  5 1.00
480 484  0  5 1.00
480 485  0  5 1.00
480 487  0  5 1.00
481 482  0  5 1.00
481 483  0  5 1.00
481 484  0  5 1.00
481 485  0  5 1.00
481 487  0  5 1.00
482 483  0  5 1.00
482 484  0  5 1.00
483 484  0  5 1.00
483 485  0  5 1.00
484 485  0  5 1.00
484 486  0  5 1.00
485 486  0  5 1.00
485 487  0  5 1.00
486 487  0  5 1.00
486 488  0  5 1.00
487 488  0  5 1.00
487 489  0  5 1.00
488 489  0  5 1.00
488 490  0  5 1.00
488 491  0  5 1.00
489 490  0  5 1.00
489 491  0  5 1.00
489 494  0  5 1.00
490 491  0  5 1.00
490 492  0  5 1.00
490 493  0  5 1.00
490 494  0  5 1.00
491 492  0  5 1.00
491 493  0  5 1.00
491 494  0  5 1.00
491 495  0  5 1.00
491 496  0  5 1.00
492 493  0  5 1.00
492 494  0  5 1.00
492 495  0  5 1.00
493 494  0  5 1.00
493 495  0  5 1.00
493 499  0  5 1.00
494 495  0  5 1.00
494 496  0  5 1.00
494 497  0  5 1.00
494 498  0  5 1.00
494 499  0  5 1.00
495 496  0  5 1.00
495 497  0  5 1.00
495 498  0  5 1.00
495 499  0  5 1.00
496 497  0  5 1.00
496 498  0  5 1.00
497 498  0  5 1.00
497 499  0  5 1.00
497 565  0  5 1.00
497 566  0  5 1.00
498 499  0  5 1.00
498 500  0  5 1.00
498 501  0  5 1.00
498 563  0  5 1.00
498 564  0  5 1.00
498 565  0  5 1.00
498 566  0  5 1.00
499 500  0  5 1.00
499 501  0  5 1.00
499 563  0  5 1.00
499 564  0  5 1.00
499 565  0  5 1.00
500 501  0  5 1.00
500 502  0  5 1.00
500 503  0  5 1.00
500 504  0  5 1.00
500 505  0  5 1.00
500 563  0  5 1.00
501 502  0  5 1.00
501 503  0  5 1.00
501 504  0  5 1.00
501 505  0  5 1.00
501 506  0  5 1.00
502 503  0  5 1.00
502 504  0  5 1.00
502 505  0  5 1.00
502 506  0  5 1.00
502 582  0  5 1.00
502 586  0  5 1.00
503 504  0  5 1.00
503 505  0  5 1.00
503 506  0  5 1.00
503 507  0  5 1.00
503 582  0  5 1.00
504 505  0  5 1.00
504 506  0  5 1.00
504 507  0  5 1.00
504 508  0  5 1.00
505 506  0  5 1.00
505 507  0  5 1.00
505 508  0  5 1.00
505 509  0  5 1.00
506 507  0  5 1.00
506 508  0  5 1.00
506 509  0  5 1.00
506 510  0  5 1.00
506 585  0  5 1.00
506 586  0  5 1.00
506 589  0  5 1.00
507 508  0  5 1.00
507 509  0  5 1.00
507 510  0  5 1.00
507 511  0  5 1.00
508 509  0  5 1.00
508 510  0  5 1.00
508 511  0  5 1.00
508 512  0  5 1.00
508 513  0  5 1.00
509 510  0  5 1.00
509 511  0  5 1.00
509 512  0  5 1.00
509 513  0  5 1.00
509 514  0  5 1.00
509 589  0  5 1.00
510 511  0  5 1.00
510 512  0  5 1.00
510 513  0  5 1.00
510 514  0  5 1.00
510 589  0  5 1.00
511 512  0  5 1.00
511 513  0  5 1.00
511 514  0  5 1.00
511 515  0  5 1.00
512 513  0  5 1.00
512 514  0  5 1.00
512 515  0  5 1.00
512 516  0  5 1.00
512 517  0  5 1.00
513 514  0  5 1.00
513 515  0  5 1.00
513 516  0  5 1.00
513 517  0  5 1.00
513 518  0  5 1.00
513 592  0  5 1.00
513 593  0  5 1.00
514 515  0  5 1.00
514 516  0  5 1.00
514 517  0  5 1.00
514 518  0  5 1.00
514 519  0  5 1.00
515 516  0  5 1.00
515 517  0  5 1.00
515 518  0  5 1.00
515 519  0  5 1.00
515 520  0  5 1.00
516 517  0  5 1.00
516 518  0  5 1.00
516 519  0  5 1.00
516 520  0  5 1.00
516 596  0  5 1.00
517 518  0  5 1.00
517 519  0  5 1.00
517 520  0  5 1.00
518 519  0  5 1.00
518 520  0  5 1.00
519 520  0  5 1.00
519 521  0  5 1.00
519 522  0  5 1.00
520 521  0  5 1.00
520 522  0  5 1.00
520 524  0  5 1.00
521 522  0  5 1.00
521 523  0  5 1.00
521 524  0  5 1.00
522 523  0  5 1.00
522 524  0  5 1.00
523 524  0  5 1.00
523 525  0  5 1.00
523 526  0  5 1.00
523 527  0  5 1.00
523 528  0  5 1.00
524 525  0  5 1.00
524 526  0  5 1.00
524 527  0  5 1.00
524 528  0  5 1.00
524 529  0  5 1.00
525 526  0  5 1.00
525 527  0  5 1.00
525 528  0  5 1.00
525 529  0  5 1.00
525 530  0  5 1.00
526 527  0  5 1.00
526 528  0  5 1.00
526 529  0  5 1.00
526 530  0  5 1.00
526 531  0  5 1.00
527 528  0  5 1.00
527 529  0  5 1.00
527 530  0  5 1.00
527 531  0  5 1.00
527 532  0  5 1.00
528 529  0  5 1.00
528 530  0  5 1.00
528 531  0  5 1.00
528 532  0  5 1.00
528 533  0  5 1.00
529 530  0  5 1.00
529 531  0  5 1.00
529 532  0  5 1.00
529 533  0  5 1.00
530 531  0  5 1.00
530 532  0  5 1.00
530 533  0  5 1.00
530 534  0  5 1.00
531 532  0  5 1.00
531 533  0  5 1.00
531 534  0  5 1.00
531 535  0  5 1.00
532 533  0  5 1.00
532 534  0  5 1.00
532 535  0  5 1.00
532 536  0  5 1.00
532 537  0  5 1.00
533 534  0  5 1.00
533 535  0  5 1.00
533 536  0  5 1.00
533 537  0  5 1.00
534 535  0  5 1.00
534 536  0  5 1.00
534 537  0  5 1.00
534 538  0  5 1.00
535 536  0  5 1.00
535 537  0  5 1.00
535 538  0  5 1.00
535 539  0  5 1.00
535 540  0  5 1.00
536 537  0  5 1.00
536 538  0  5 1.00
536 539  0  5 1.00
536 540  0  5 1.00
536 549  0  5 1.00
537 538  0  5 1.00
537 539  0  5 1.00
537 552  0  5 1.00
538 539  0  5 1.00
538 540  0  5 1.00
538 551  0  5 1.00
538 552  0  5 1.00
538 553  0  5 1.00
538 554  0  5 1.00
539 540  0  5 1.00
539 541  0  5 1.00
539 551  0  5 1.00
539 552  0  5 1.00
540 541  0  5 1.00
540 542  0  5 1.00
540 549  0  5 1.00
540 550  0  5 1.00
540 551  0  5 1.00
541 542  0  5 1.00
541 543  0  5 1.00
542 543  0  5 1.00
542 544  0  5 1.00
542 545  0  5 1.00
542 548  0  5 1.00
543 544  0  5 1.00
543 545  0  5 1.00
543 546  0  5 1.00
544 545  0  5 1.00
544 546  0  5 1.00
545 546  0  5 1.00
545 547  0  5 1.00
545 548  0  5 1.00
546 547  0  5 1.00
546 548  0  5 1.00
547 548  0  5 1.00
547 549  0  5 1.00
548 549  0  5 1.00
548 550  0  5 1.00
549 550  0  5 1.00
549 551  0  5 1.00
549 552  0  5 1.00
550 551  0  5 1.00
550 552  0  5 1.00
551 552  0  5 1.00
551 553  0  5 1.00
551 554  0  5 1.00
552 553  0  5 1.00
552 554  0  5 1.00
553 554  0  5 1.00
553 555  0  5 1.00
553 560  0  5 1.00
553 561  0  5 1.00
553 562  0  5 1.00
554 555  0  5 1.00
554 556  0  5 1.00
554 560  0  5 1.00
554 561  0  5 1.00
554 562  0  5 1.00
555 556  0  5 1.00
555 557  0  5 1.00
555 558  0  5 1.00
555 559  0  5 1.00
555 560  0  5 1.00
555 561  0  5 1.00
556 557  0  5 1.00
556 558  0  5 1.00
556 559  0  5 1.00
557 558  0  5 1.00
557 559  0  5 1.00
558 559  0  5 1.00
558 560  0  5 1.00
559 560  0  5 1.00
559 561  0  5 1.00
559 612  0  5 1.00
559 613  0  5 1.00
559 616  0  5 1.00
560 561  0  5 1.00
560 562  0  5 1.00
561 562  0  5 1.00
561 563  0  5 1.00
562 563  0  5 1.00
562 564  0  5 1.00
562 576  0  5 1.00
563 564  0  5 1.00
563 565  0  5 1.00
563 576  0  5 1.00
563 577  0  5 1.00
564 565  0  5 1.00
564 566  0  5 1.00
564 576  0  5 1.00
565 566  0  5 1.00
565 567  0  5 1.00
566 567  0  5 1.00
566 568  0  5 1.00
567 568  0  5 1.00
567 569  0  5 1.00
567 570  0  5 1.00
567 571  0  5 1.00
568 569  0  5 1.00
568 570  0  5 1.00
569 570  0  5 1.00
569 571  0  5 1.00
570 571  0  5 1.00
570 572  0  5 1.00
571 572  0  5 1.00
571 573  0  5 1.00
571 574  0  5 1.00
572 573  0  5 1.00
572 574  0  5 1.00
573 574  0  5 1.00
573 575  0  5 1.00
573 644  0  5 1.00
573 645  0  5 1.00
573 646  0  5 1.00
573 647  0  5 1.00
574 575  0  5 1.00
574 576  0  5 1.00
574 645  0  5 1.00
575 576  0  5 1.00
575 577  0  5 1.00
575 643  0  5 1.00
575 644  0  5 1.00
575 645  0  5 1.00
576 577  0  5 1.00
576 578  0  5 1.00
576 643  0  5 1.00
576 644  0  5 1.00
577 578  0  5 1.00
577 579  0  5 1.00
577 641  0  5 1.00
577 642  0  5 1.00
577 643  0  5 1.00
577 644  0  5 1.00
578 579  0  5 1.00
578 580  0  5 1.00
578 641  0  5 1.00
578 642  0  5 1.00
578 643  0  5 1.00
579 580  0  5 1.00
579 581  0  5 1.00
579 582  0  5 1.00
579 583  0  5 1.00
579 664  0  5 1.00
580 581  0  5 1.00
580 582  0  5 1.00
580 583  0  5 1.00
580 584  0  5 1.00
580 585  0  5 1.00
581 582  0  5 1.00
581 583  0  5 1.00
581 584  0  5 1.00
581 585  0  5 1.00
581 664  0  5 1.00
581 667  0  5 1.00
581 668  0  5 1.00
582 583  0  5 1.00
582 584  0  5 1.00
582 585  0  5 1.00
582 586  0  5 1.00
582 667  0  5 1.00
583 584  0  5 1.00
583 585  0  5 1.00
583 586  0  5 1.00
583 587  0  5 1.00
584 585  0  5 1.00
584 586  0  5 1.00
584 587  0  5 1.00
584 588  0  5 1.00
584 589  0  5 1.00
585 586  0  5 1.00
585 587  0  5 1.00
585 588  0  5 1.00
585 589  0  5 1.00
586 587  0  5 1.00
586 588  0  5 1.00
586 589  0  5 1.00
586 590  0  5 1.00
586 591  0  5 1.00
587 588  0  5 1.00
587 589  0  5 1.00
587 590  0  5 1.00
587 591  0  5 1.00
587 606  0  5 1.00
588 589  0  5 1.00
588 590  0  5 1.00
588 591  0  5 1.00
588 592  0  5 1.00
588 593  0  5 1.00
589 590  0  5 1.00
589 591  0  5 1.00
589 592  0  5 1.00
589 593  0  5 1.00
589 594  0  5 1.00
590 591  0  5 1.00
590 592  0  5 1.00
590 593  0  5 1.00
590 594  0  5 1.00
590 602  0  5 1.00
591 592  0  5 1.00
591 593  0  5 1.00
591 594  0  5 1.00
591 595  0  5 1.00
591 602  0  5 1.00
591 603  0  5 1.00
592 593  0  5 1.00
592 594  0  5 1.00
592 595  0  5 1.00
592 596  0  5 1.00
593 594  0  5 1.00
593 595  0  5 1.00
593 596  0  5 1.00
593 597  0  5 1.00
593 598  0  5 1.00
594 595  0  5 1.00
594 596  0  5 1.00
594 597  0  5 1.00
594 598  0  5 1.00
594 599  0  5 1.00
594 602  0  5 1.00
594 603  0  5 1.00
595 596  0  5 1.00
595 597  0  5 1.00
595 598  0  5 1.00
596 597  0  5 1.00
596 598  0  5 1.00
597 598  0  5 1.00
597 599  0  5 1.00
598 599  0  5 1.00
598 600  0  5 1.00
599 600  0  5 1.00
599 601  0  5 1.00
599 602  0  5 1.00
599 603  0  5 1.00
600 601  0  5 1.00
600 602  0  5 1.00
600 603  0  5 1.00
600 604  0  5 1.00
600 605  0  5 1.00
601 602  0  5 1.00
601 603  0  5 1.00
601 604  0  5 1.00
601 605  0  5 1.00
601 606  0  5 1.00
602 603  0  5 1.00
602 604  0  5 1.00
602 605  0  5 1.00
602 606  0  5 1.00
603 604  0  5 1.00
603 605  0  5 1.00
603 606  0  5 1.00
603 607  0  5 1.00
604 605  0  5 1.00
604 606  0  5 1.00
604 607  0  5 1.00
604 608  0  5 1.00
605 606  0  5 1.00
605 607  0  5 1.00
605 608  0  5 1.00
605 609  0  5 1.00
605 610  0  5 1.00
606 607  0  5 1.00
606 608  0  5 1.00
606 609  0  5 1.00
606 610  0  5 1.00
607 608  0  5 1.00
607 609  0  5 1.00
607 610  0  5 1.00
607 611  0  5 1.00
608 609  0  5 1.00
608 610  0  5 1.00
608 611  0  5 1.00
608 612  0  5 1.00
608 613  0  5 1.00
609 610  0  5 1.00
609 611  0  5 1.00
609 612  0  5 1.00
609 613  0  5 1.00
610 611  0  5 1.00
610 612  0  5 1.00
610 613  0  5 1.00
610 614  0  5 1.00
611 612  0  5 1.00
611 613  0  5 1.00
611 614  0  5 1.00
611 615  0  5 1.00
612 613  0  5 1.00
612 614  0  5 1.00
612 615  0  5 1.00
612 616  0  5 1.00
612 617  0  5 1.00
613 614  0  5 1.00
613 615  0  5 1.00
613 616  0  5 1.00
613 617  0  5 1.00
613 618  0  5 1.00
614 615  0  5 1.00
614 616  0  5 1.00
614 617  0  5 1.00
614 618  0  5 1.00
615 616  0  5 1.00
615 617  0  5 1.00
615 618  0  5 1.00
615 619  0  5 1.00
616 617  0  5 1.00
616 618  0  5 1.00
616 619  0  5 1.00
616 620  0  5 1.00
616 621  0  5 1.00
617 618  0  5 1.00
617 619  0  5 1.00
617 620  0  5 1.00
617 621  0  5 1.00
617 622  0  5 1.00
618 619  0  5 1.00
618 620  0  5 1.00
618 621  0  5 1.00
618 622  0  5 1.00
619 620  0  5 1.00
619 621  0  5 1.00
620 621  0  5 1.00
620 622  0  5 1.00
621 622  0  5 1.00
621 623  0  5 1.00
621 638  0  5 1.00
621 639  0  5 1.00
621 640  0  5 1.00
622 623  0  5 1.00
622 624  0  5 1.00
622 638  0  5 1.00
622 639  0  5 1.00
623 624  0  5 1.00
623 625  0  5 1.00
623 635  0  5 1.00
623 638  0  5 1.00
623 639  0  5 1.00
624 625  0  5 1.00
624 626  0  5 1.00
624 627  0  5 1.00
625 626  0  5 1.00
625 627  0  5 1.00
626 627  0  5 1.00
626 628  0  5 1.00
627 628  0  5 1.00
627 629  0  5 1.00
627 630  0  5 1.00
628 629  0  5 1.00
628 630  0  5 1.00
629 630  0  5 1.00
629 631  0  5 1.00
630 631  0  5 1.00
630 632  0  5 1.00
631 632  0  5 1.00
631 633  0  5 1.00
631 634  0  5 1.00
631 635  0  5 1.00
632 633  0  5 1.00
632 634  0  5 1.00
632 635  0  5 1.00
632 636  0  5 1.00
633 634  0  5 1.00
633 635  0  5 1.00
633 636  0  5 1.00
633 637  0  5 1.00
634 635  0  5 1.00
634 636  0  5 1.00
634 637  0  5 1.00
634 638  0  5 1.00
634 639  0  5 1.00
635 636  0  5 1.00
635 637  0  5 1.00
635 638  0  5 1.00
636 637  0  5 1.00
636 638  0  5 1.00
637 638  0  5 1.00
637 639  0  5 1.00
638 639  0  5 1.00
638 640  0  5 1.00
639 640  0  5 1.00
639 641  0  5 1.00
640 641  0  5 1.00
640 642  0  5 1.00
640 648  0  5 1.00
640 649  0  5 1.00
640 650  0  5 1.00
641 642  0  5 1.00
641 643  0  5 1.00
641 649  0  5 1.00
641 650  0  5 1.00
641 651  0  5 1.00
642 643  0  5 1.00
642 644  0  5 1.00
642 647  0  5 1.00
642 648  0  5 1.00
642 649  0  5 1.00
642 650  0  5 1.00
642 651  0  5 1.00
643 644  0  5 1.00
643 645  0  5 1.00
643 647  0  5 1.00
643 648  0  5 1.00
644 645  0  5 1.00
644 646  0  5 1.00
644 647  0  5 1.00
644 648  0  5 1.00
645 646  0  5 1.00
645 647  0  5 1.00
646 647  0  5 1.00
646 648  0  5 1.00
647 648  0  5 1.00
647 649  0  5 1.00
648 649  0  5 1.00
648 650  0  5 1.00
649 650  0  5 1.00
649 651  0  5 1.00
650 651  0  5 1.00
650 652  0  5 1.00
651 652  0  5 1.00
651 653  0  5 1.00
652 653  0  5 1.00
652 654  0  5 1.00
652 655  0  5 1.00
653 654  0  5 1.00
653 655  0  5 1.00
654 655  0  5 1.00
654 656  0  5 1.00
655 656  0  5 1.00
655 657  0  5 1.00
656 657  0  5 1.00
656 658  0  5 1.00
657 658  0  5 1.00
657 659  0  5 1.00
657 660  0  5 1.00
657 661  0  5 1.00
658 659  0  5 1.00
658 660  0  5 1.00
658 661  0  5 1.00
658 662  0  5 1.00
658 663  0  5 1.00
659 660  0  5 1.00
659 661  0  5 1.00
659 662  0  5 1.00
659 663  0  5 1.00
659 664  0  5 1.00
660 661  0  5 1.00
660 662  0  5 1.00
660 663  0  5 1.00
660 664  0  5 1.00
661 662  0  5 1.00
661 663  0  5 1.00
661 664  0  5 1.00
661 665  0  5 1.00
662 663  0  5 1.00
662 664  0  5 1.00
662 665  0  5 1.00
662 666  0  5 1.00
663 664  0  5 1.00
663 665  0  5 1.00
663 666  0  5 1.00
663 667  0  5 1.00
664 665  0  5 1.00
664 666  0  5 1.00
664 667  0  5 1.00
665 666  0  5 1.00
665 667  0  5 1.00
666 667  0  5 1.00
666 668  0  5 1.00
666 669  0  5 1.00
666 705  0  5 1.00
667 668  0  5 1.00
667 669  0  5 1.00
668 669  0  5 1.00
668 670  0  5 1.00
669 670  0  5 1.00
669 671  0  5 1.00
670 671  0  5 1.00
670 672  0  5 1.00
670 673  0  5 1.00
670 674  0  5 1.00
670 675  0  5 1.00
671 672  0  5 1.00
671 673  0  5 1.00
671 674  0  5 1.00
671 675  0  5 1.00
671 676  0  5 1.00
672 673  0  5 1.00
672 674  0  5 1.00
672 675  0  5 1.00
672 676  0  5 1.00
672 677  0  5 1.00
673 674  0  5 1.00
673 675  0  5 1.00
673 676  0  5 1.00
673 677  0  5 1.00
673 678  0  5 1.00
674 675  0  5 1.00
674 676  0  5 1.00
674 678  0  5 1.00
675 676  0  5 1.00
675 677  0  5 1.00
676 677  0  5 1.00
676 678  0  5 1.00
676 679  0  5 1.00
677 678  0  5 1.00
677 679  0  5 1.00
678 679  0  5 1.00
678 680  0  5 1.00
679 680  0  5 1.00
679 681  0  5 1.00
679 682  0  5 1.00
679 683  0  5 1.00
679 684  0  5 1.00
680 681  0  5 1.00
680 682  0  5 1.00
680 683  0  5 1.00
680 684  0  5 1.00
680 685  0  5 1.00
681 682  0  5 1.00
681 683  0  5 1.00
681 684  0  5 1.00
681 685  0  5 1.00
682 683  0  5 1.00
682 684  0  5 1.00
682 685  0  5 1.00
682 686  0  5 1.00
682 687  0  5 1.00
683 684  0  5 1.00
683 685  0  5 1.00
683 686  0  5 1.00
683 687  0  5 1.00
683 688  0  5 1.00
684 685  0  5 1.00
684 686  0  5 1.00
684 687  0  5 1.00
684 688  0  5 1.00
685 686  0  5 1.00
685 687  0  5 1.00
685 688  0  5 1.00
685 689  0  5 1.00
685 690  0  5 1.00
686 687  0  5 1.00
686 688  0  5 1.00
686 689  0  5 1.00
686 690  0  5 1.00
686 691  0  5 1.00
686 692  0  5 1.00
687 688  0  5 1.00
687 689  0  5 1.00
687 690  0  5 1.00
687 691  0  5 1.00
687 692  0  5 1.00
687 693  0  5 1.00
688 689  0  5 1.00
688 690  0  5 1.00
688 692  0  5 1.00
689 690  0  5 1.00
689 691  0  5 1.00
690 691  0  5 1.00
690 692  0  5 1.00
690 693  0  5 1.00
690 694  0  5 1.00
691 692  0  5 1.00
691 693  0  5 1.00
691 694  0  5 1.00
691 695  0  5 1.00
691 696  0  5 1.00
692 693  0  5 1.00
692 694  0  5 1.00
692 695  0  5 1.00
692 696  0  5 1.00
693 694  0  5 1.00
693 695  0  5 1.00
693 697  0  5 1.00
694 695  0  5 1.00
694 696  0  5 1.00
694 697  0  5 1.00
694 698  0  5 1.00
695 696  0  5 1.00
695 697  0  5 1.00
695 698  0  5 1.00
695 703  0  5 1.00
696 697  0  5 1.00
696 698  0  5 1.00
697 698  0  5 1.00
697 699  0  5 1.00
698 699  0  5 1.00
698 700  0  5 1.00
698 703  0  5 1.00
699 700  0  5 1.00
699 701  0  5 1.00
700 701  0  5 1.00
700 702  0  5 1.00
700 703  0  5 1.00
700 704  0  5 1.00
700 726  0  5 1.00
701 702  0  5 1.00
701 703  0  5 1.00
701 704  0  5 1.00
701 705  0  5 1.00
701 726  0  5 1.00
701 727  0  5 1.00
701 728  0  5 1.00
702 703  0  5 1.00
702 704  0  5 1.00
702 705  0  5 1.00
702 706  0  5 1.00
703 704  0  5 1.00
703 705  0  5 1.00
703 706  0  5 1.00
703 707  0  5 1.00
703 708  0  5 1.00
703 726  0  5 1.00
704 705  0  5 1.00
704 706  0  5 1.00
704 707  0  5 1.00
704 708  0  5 1.00
704 726  0  5 1.00
704 727  0  5 1.00
705 706  0  5 1.00
705 707  0  5 1.00
705 708  0  5 1.00
705 709  0  5 1.00
706 707  0  5 1.00
706 708  0  5 1.00
706 709  0  5 1.00
706 710  0  5 1.00
707 708  0  5 1.00
707 709  0  5 1.00
707 710  0  5 1.00
707 711  0  5 1.00
707 718  0  5 1.00
708 709  0  5 1.00
708 710  0  5 1.00
708 711  0  5 1.00
708 712  0  5 1.00
709 710  0  5 1.00
709 711  0  5 1.00
709 712  0  5 1.00
709 713  0  5 1.00
710 711  0  5 1.00
710 712  0  5 1.00
710 713  0  5 1.00
710 714  0  5 1.00
710 715  0  5 1.00
711 712  0  5 1.00
711 713  0  5 1.00
711 714  0  5 1.00
711 715  0  5 1.00
712 713  0  5 1.00
712 714  0  5 1.00
713 714  0  5 1.00
713 715  0  5 1.00
714 715  0  5 1.00
714 716  0  5 1.00
714 717  0  5 1.00
714 718  0  5 1.00
715 716  0  5 1.00
715 717  0  5 1.00
715 718  0  5 1.00
715 719  0  5 1.00
715 740  0  5 1.00
716 717  0  5 1.00
716 718  0  5 1.00
716 719  0  5 1.00
716 720  0  5 1.00
716 747  0  5 1.00
716 749  0  5 1.00
717 718  0  5 1.00
717 719  0  5 1.00
717 720  0  5 1.00
717 721  0  5 1.00
718 719  0  5 1.00
718 720  0  5 1.00
718 721  0  5 1.00
718 722  0  5 1.00
718 723  0  5 1.00
719 720  0  5 1.00
719 721  0  5 1.00
719 722  0  5 1.00
719 723  0  5 1.00
720 721  0  5 1.00
720 722  0  5 1.00
720 723  0  5 1.00
720 724  0  5 1.00
721 722  0  5 1.00
721 723  0  5 1.00
721 724  0  5 1.00
721 725  0  5 1.00
722 723  0  5 1.00
722 724  0  5 1.00
722 725  0  5 1.00
723 724  0  5 1.00
723 725  0  5 1.00
724 725  0  5 1.00
724 726  0  5 1.00
725 726  0  5 1.00
725 727  0  5 1.00
726 727  0  5 1.00
726 728  0  5 1.00
727 728  0  5 1.00
727 729  0  5 1.00
728 729  0  5 1.00
728 730  0  5 1.00
728 731  0  5 1.00
729 730  0  5 1.00
729 731  0  5 1.00
730 731  0  5 1.00
730 732  0  5 1.00
731 732  0  5 1.00
731 733  0  5 1.00
732 733  0  5 1.00
732 734  0  5 1.00
732 735  0  5 1.00
732 736  0  5 1.00
733 734  0  5 1.00
733 735  0  5 1.00
733 736  0  5 1.00
733 737  0  5 1.00
733 738  0  5 1.00
734 735  0  5 1.00
734 736  0  5 1.00
734 737  0  5 1.00
734 738  0  5 1.00
735 736  0  5 1.00
735 737  0  5 1.00
735 738  0  5 1.00
735 739  0  5 1.00
735 740  0  5 1.00
736 737  0  5 1.00
736 738  0  5 1.00
736 739  0  5 1.00
736 740  0  5 1.00
737 738  0  5 1.00
737 739  0  5 1.00
737 740  0  5 1.00
737 741  0  5 1.00
737 742  0  5 1.00
738 739  0  5 1.00
738 740  0  5 1.00
738 741  0  5 1.00
738 742  0  5 1.00
739 740  0  5 1.00
739 741  0  5 1.00
739 742  0  5 1.00
739 743  0  5 1.00
740 741  0  5 1.00
740 742  0  5 1.00
740 743  0  5 1.00
741 742  0  5 1.00
741 743  0  5 1.00
742 743  0  5 1.00
742 744  0  5 1.00
743 744  0  5 1.00
743 745  0  5 1.00
743 746  0  5 1.00
744 745  0  5 1.00
744 746  0  5 1.00
745 746  0  5 1.00
745 747  0  5 1.00
746 747  0  5 1.00
746 748  0  5 1.00
747 748  0  5 1.00
747 749  0  5 1.00
748 749  0  5 1.00
END
HELX_P HELX_P1   AA1 ASP A 41  ? ILE A 45  ? ASP A 16  ILE A 20  5 ? 5  
HELX_P HELX_P2   AA2 ILE A 72  ? TYR A 77  ? ILE A 47  TYR A 52  5 ? 6  
HELX_P HELX_P3   AA3 SER A 79  ? LEU A 83  ? SER A 54  LEU A 58  5 ? 5  
HELX_P HELX_P4   AA4 GLU A 146 ? SER A 148 ? GLU A 121 SER A 123 5 ? 3  
HELX_P HELX_P5   AA5 ALA A 277 ? GLU A 279 ? ALA A 252 GLU A 254 5 ? 3  
HELX_P HELX_P6   AA6 PHE A 280 ? ARG A 288 ? PHE A 255 ARG A 263 1 ? 9  
HELX_P HELX_P7   AA7 TYR A 327 ? THR A 332 ? TYR A 302 THR A 307 1 ? 6  
HELX_P HELX_P8   AA8 ASN A 382 ? THR A 384 ? ASN A 357 THR A 359 5 ? 3  
HELX_P HELX_P9   AA9 THR A 385 ? ALA A 398 ? THR A 360 ALA A 373 1 ? 14 
HELX_P HELX_P10  AB1 ASN A 400 ? ALA A 406 ? ASN A 375 ALA A 381 1 ? 7  
HELX_P HELX_P11  AB2 ASP A 409 ? ASN A 428 ? ASP A 384 ASN A 403 1 ? 20 
HELX_P HELX_P12  AB3 LYS A 429 ? GLN A 434 ? LYS A 404 GLN A 409 1 ? 6  
HELX_P HELX_P13  AB4 ASN A 437 ? GLN A 457 ? ASN A 412 GLN A 432 1 ? 21 
HELX_P HELX_P14  AB5 PRO A 480 ? GLY A 484 ? PRO A 455 GLY A 459 5 ? 5  
HELX_P HELX_P15  AB6 SER A 490 ? TYR A 498 ? SER A 465 TYR A 473 5 ? 9  
HELX_P HELX_P16  AB7 ASP A 500 ? ASP A 519 ? ASP A 475 ASP A 494 1 ? 20 
HELX_P HELX_P17  AB8 ASN A 523 ? ASN A 540 ? ASN A 498 ASN A 515 1 ? 18 
HELX_P HELX_P18  AB9 VAL A 580 ? GLY A 598 ? VAL A 555 GLY A 573 1 ? 19 
HELX_P HELX_P19  AC1 ASN A 599 ? PHE A 621 ? ASN A 574 PHE A 596 1 ? 23 
HELX_P HELX_P20  AC2 PRO A 631 ? ARG A 636 ? PRO A 606 ARG A 611 1 ? 6  
HELX_P HELX_P21  AC3 PHE A 657 ? ILE A 664 ? PHE A 632 ILE A 639 1 ? 8  
HELX_P HELX_P22  AC4 GLN A 665 ? LEU A 667 ? GLN A 640 LEU A 642 5 ? 3  
HELX_P HELX_P23  AC5 THR A 670 ? TYR A 676 ? THR A 645 TYR A 651 1 ? 7  
HELX_P HELX_P24  AC6 THR A 679 ? LYS A 690 ? THR A 654 LYS A 665 1 ? 12 
HELX_P HELX_P25  AC7 ILE A 694 ? VAL A 698 ? ILE A 669 VAL A 673 5 ? 5  
HELX_P HELX_P26  AC8 PRO A 701 ? ALA A 711 ? PRO A 676 ALA A 686 1 ? 11 
HELX_P HELX_P27  AC9 ASN A 714 ? ARG A 723 ? ASN A 689 ARG A 698 1 ? 10 
HELX_P HELX_P28  AD1 THR A 732 ? THR A 742 ? THR A 707 THR A 717 1 ? 11 