5xom 393
 43  44  0  5 1.00
 43  45  0  5 1.00
 44  45  0  5 1.00
 44  46  0  5 1.00
 45  46  0  5 1.00
 45  47  0  5 1.00
 46  47  0  5 1.00
 46  48  0  5 1.00
 47  48  0  5 1.00
 47  49  0  5 1.00
 48  49  0  5 1.00
 48  50  0  5 1.00
 48  51  0  5 1.00
 48  52  0  5 1.00
 49  50  0  5 1.00
 49  51  0  5 1.00
 49  52  0  5 1.00
 49  53  0  5 1.00
 49  72  0  5 1.00
 49  73  0  5 1.00
 50  51  0  5 1.00
 50  52  0  5 1.00
 50  53  0  5 1.00
 50  54  0  5 1.00
 51  52  0  5 1.00
 51  53  0  5 1.00
 51  54  0  5 1.00
 51  55  0  5 1.00
 51  56  0  5 1.00
 52  53  0  5 1.00
 52  54  0  5 1.00
 52  55  0  5 1.00
 52  56  0  5 1.00
 53  54  0  5 1.00
 53  55  0  5 1.00
 53  56  0  5 1.00
 53  57  0  5 1.00
 54  55  0  5 1.00
 54  56  0  5 1.00
 54  57  0  5 1.00
 55  56  0  5 1.00
 55  57  0  5 1.00
 56  57  0  5 1.00
 56  58  0  5 1.00
 56  61  0  5 1.00
 56  62  0  5 1.00
 57  58  0  5 1.00
 57  59  0  5 1.00
 57  61  0  5 1.00
 57  62  0  5 1.00
 58  59  0  5 1.00
 58  60  0  5 1.00
 58  61  0  5 1.00
 58  62  0  5 1.00
 59  60  0  5 1.00
 59  61  0  5 1.00
 59 290  0  5 1.00
 59 291  0  5 1.00
 60  61  0  5 1.00
 60  62  0  5 1.00
 60 147  0  5 1.00
 60 148  0  5 1.00
 61  62  0  5 1.00
 61  63  0  5 1.00
 61 148  0  5 1.00
 62  63  0  5 1.00
 62  64  0  5 1.00
 62 148  0  5 1.00
 62 149  0  5 1.00
 63  64  0  5 1.00
 63  65  0  5 1.00
 63 148  0  5 1.00
 64  65  0  5 1.00
 64  66  0  5 1.00
 65  66  0  5 1.00
 65  67  0  5 1.00
 66  67  0  5 1.00
 66  68  0  5 1.00
 66  69  0  5 1.00
 66  70  0  5 1.00
 67  68  0  5 1.00
 67  69  0  5 1.00
 67  70  0  5 1.00
 67  71  0  5 1.00
 67  72  0  5 1.00
 68  69  0  5 1.00
 68  70  0  5 1.00
 68  71  0  5 1.00
 68  72  0  5 1.00
 69  70  0  5 1.00
 69  71  0  5 1.00
 69  72  0  5 1.00
 69  73  0  5 1.00
 70  71  0  5 1.00
 70  72  0  5 1.00
 70  73  0  5 1.00
 70  74  0  5 1.00
 70  75  0  5 1.00
 71  72  0  5 1.00
 71  73  0  5 1.00
 71  74  0  5 1.00
 71  75  0  5 1.00
 71  76  0  5 1.00
 72  73  0  5 1.00
 72  74  0  5 1.00
 72  75  0  5 1.00
 72  76  0  5 1.00
 73  74  0  5 1.00
 73  75  0  5 1.00
 73  76  0  5 1.00
 73  77  0  5 1.00
 74  75  0  5 1.00
 74  76  0  5 1.00
 74  77  0  5 1.00
 74  78  0  5 1.00
 75  76  0  5 1.00
 75  77  0  5 1.00
 75  78  0  5 1.00
 75  79  0  5 1.00
 75  80  0  5 1.00
 76  77  0  5 1.00
 76  78  0  5 1.00
 76  79  0  5 1.00
 76  80  0  5 1.00
 77  78  0  5 1.00
 77  79  0  5 1.00
 77  80  0  5 1.00
 78  79  0  5 1.00
 78  80  0  5 1.00
 79  80  0  5 1.00
 79  81  0  5 1.00
 80  81  0  5 1.00
 80  82  0  5 1.00
 81  82  0  5 1.00
 81  83  0  5 1.00
 81  99  0  5 1.00
 81 100  0  5 1.00
 81 101  0  5 1.00
 82  83  0  5 1.00
 82  84  0  5 1.00
 82  99  0  5 1.00
 82 100  0  5 1.00
 82 163  0  5 1.00
 83  84  0  5 1.00
 83  85  0  5 1.00
 83  99  0  5 1.00
 83 100  0  5 1.00
 83 101  0  5 1.00
 83 167  0  5 1.00
 84  85  0  5 1.00
 84  86  0  5 1.00
 84  97  0  5 1.00
 84  98  0  5 1.00
 84  99  0  5 1.00
 84 167  0  5 1.00
 85  86  0  5 1.00
 85  87  0  5 1.00
 85  97  0  5 1.00
 85  98  0  5 1.00
 85  99  0  5 1.00
 85 167  0  5 1.00
 85 168  0  5 1.00
 85 169  0  5 1.00
 86  87  0  5 1.00
 86  88  0  5 1.00
 86  95  0  5 1.00
 86  96  0  5 1.00
 86  97  0  5 1.00
 86 169  0  5 1.00
 87  88  0  5 1.00
 87  89  0  5 1.00
 87  95  0  5 1.00
 87  96  0  5 1.00
 87  97  0  5 1.00
 87 172  0  5 1.00
 88  89  0  5 1.00
 88  90  0  5 1.00
 88 189  0  5 1.00
 88 190  0  5 1.00
 89  90  0  5 1.00
 89  91  0  5 1.00
 89 189  0  5 1.00
 89 190  0  5 1.00
 89 191  0  5 1.00
 90  91  0  5 1.00
 90  92  0  5 1.00
 90 190  0  5 1.00
 91  92  0  5 1.00
 91  93  0  5 1.00
 91 190  0  5 1.00
 91 191  0  5 1.00
 91 192  0  5 1.00
 92  93  0  5 1.00
 92  94  0  5 1.00
 92 191  0  5 1.00
 92 192  0  5 1.00
 93  94  0  5 1.00
 93  95  0  5 1.00
 94  95  0  5 1.00
 94  96  0  5 1.00
 94 110  0  5 1.00
 95  96  0  5 1.00
 95  97  0  5 1.00
 95 110  0  5 1.00
 96  97  0  5 1.00
 96  98  0  5 1.00
 96 108  0  5 1.00
 96 109  0  5 1.00
 96 110  0  5 1.00
 97  98  0  5 1.00
 97  99  0  5 1.00
 97 108  0  5 1.00
 97 109  0  5 1.00
 97 110  0  5 1.00
 98  99  0  5 1.00
 98 100  0  5 1.00
 98 106  0  5 1.00
 98 107  0  5 1.00
 98 108  0  5 1.00
 99 100  0  5 1.00
 99 101  0  5 1.00
 99 106  0  5 1.00
 99 107  0  5 1.00
100 101  0  5 1.00
100 102  0  5 1.00
100 104  0  5 1.00
100 105  0  5 1.00
100 106  0  5 1.00
100 107  0  5 1.00
101 102  0  5 1.00
101 103  0  5 1.00
101 104  0  5 1.00
102 103  0  5 1.00
102 104  0  5 1.00
102 105  0  5 1.00
103 104  0  5 1.00
103 105  0  5 1.00
104 105  0  5 1.00
104 106  0  5 1.00
105 106  0  5 1.00
105 107  0  5 1.00
106 107  0  5 1.00
106 108  0  5 1.00
107 108  0  5 1.00
107 109  0  5 1.00
107 211  0  5 1.00
107 212  0  5 1.00
107 213  0  5 1.00
108 109  0  5 1.00
108 110  0  5 1.00
108 211  0  5 1.00
108 212  0  5 1.00
108 213  0  5 1.00
109 110  0  5 1.00
109 111  0  5 1.00
109 209  0  5 1.00
109 210  0  5 1.00
109 211  0  5 1.00
110 111  0  5 1.00
110 112  0  5 1.00
110 209  0  5 1.00
110 210  0  5 1.00
111 112  0  5 1.00
111 113  0  5 1.00
111 132  0  5 1.00
111 207  0  5 1.00
111 208  0  5 1.00
111 209  0  5 1.00
112 113  0  5 1.00
112 114  0  5 1.00
112 130  0  5 1.00
112 132  0  5 1.00
112 207  0  5 1.00
112 208  0  5 1.00
112 209  0  5 1.00
113 114  0  5 1.00
113 115  0  5 1.00
113 199  0  5 1.00
113 200  0  5 1.00
113 207  0  5 1.00
113 208  0  5 1.00
114 115  0  5 1.00
114 116  0  5 1.00
115 116  0  5 1.00
115 117  0  5 1.00
116 117  0  5 1.00
116 118  0  5 1.00
116 119  0  5 1.00
117 118  0  5 1.00
117 119  0  5 1.00
118 119  0  5 1.00
118 120  0  5 1.00
119 120  0  5 1.00
119 121  0  5 1.00
119 302  0  5 1.00
120 121  0  5 1.00
120 122  0  5 1.00
120 302  0  5 1.00
121 122  0  5 1.00
121 123  0  5 1.00
121 302  0  5 1.00
121 303  0  5 1.00
122 123  0  5 1.00
122 124  0  5 1.00
122 127  0  5 1.00
123 124  0  5 1.00
123 125  0  5 1.00
124 125  0  5 1.00
124 126  0  5 1.00
124 127  0  5 1.00
125 126  0  5 1.00
125 127  0  5 1.00
125 274  0  5 1.00
125 276  0  5 1.00
126 127  0  5 1.00
126 128  0  5 1.00
127 128  0  5 1.00
127 129  0  5 1.00
128 129  0  5 1.00
128 130  0  5 1.00
129 130  0  5 1.00
129 131  0  5 1.00
129 298  0  5 1.00
130 131  0  5 1.00
130 132  0  5 1.00
130 298  0  5 1.00
130 299  0  5 1.00
131 132  0  5 1.00
131 133  0  5 1.00
131 134  0  5 1.00
131 135  0  5 1.00
131 298  0  5 1.00
131 299  0  5 1.00
132 133  0  5 1.00
132 134  0  5 1.00
132 135  0  5 1.00
132 136  0  5 1.00
132 209  0  5 1.00
133 134  0  5 1.00
133 135  0  5 1.00
133 136  0  5 1.00
133 137  0  5 1.00
133 355  0  5 1.00
134 135  0  5 1.00
134 136  0  5 1.00
134 137  0  5 1.00
134 138  0  5 1.00
134 139  0  5 1.00
134 297  0  5 1.00
134 298  0  5 1.00
134 300  0  5 1.00
135 136  0  5 1.00
135 137  0  5 1.00
135 138  0  5 1.00
135 139  0  5 1.00
135 297  0  5 1.00
135 298  0  5 1.00
136 137  0  5 1.00
136 138  0  5 1.00
136 139  0  5 1.00
136 140  0  5 1.00
137 138  0  5 1.00
137 139  0  5 1.00
137 140  0  5 1.00
137 141  0  5 1.00
137 142  0  5 1.00
138 139  0  5 1.00
138 140  0  5 1.00
138 141  0  5 1.00
138 142  0  5 1.00
139 140  0  5 1.00
139 141  0  5 1.00
139 142  0  5 1.00
139 143  0  5 1.00
140 141  0  5 1.00
140 142  0  5 1.00
140 143  0  5 1.00
140 144  0  5 1.00
141 142  0  5 1.00
141 143  0  5 1.00
141 144  0  5 1.00
141 145  0  5 1.00
141 146  0  5 1.00
142 143  0  5 1.00
142 144  0  5 1.00
142 145  0  5 1.00
142 146  0  5 1.00
142 147  0  5 1.00
142 148  0  5 1.00
143 144  0  5 1.00
143 145  0  5 1.00
143 146  0  5 1.00
143 147  0  5 1.00
143 148  0  5 1.00
144 145  0  5 1.00
144 146  0  5 1.00
145 146  0  5 1.00
145 147  0  5 1.00
146 147  0  5 1.00
146 148  0  5 1.00
147 148  0  5 1.00
147 149  0  5 1.00
148 149  0  5 1.00
148 150  0  5 1.00
149 150  0  5 1.00
149 151  0  5 1.00
149 293  0  5 1.00
149 294  0  5 1.00
149 295  0  5 1.00
150 151  0  5 1.00
150 152  0  5 1.00
150 294  0  5 1.00
151 152  0  5 1.00
151 153  0  5 1.00
151 294  0  5 1.00
152 153  0  5 1.00
152 154  0  5 1.00
152 210  0  5 1.00
152 211  0  5 1.00
152 212  0  5 1.00
153 154  0  5 1.00
153 155  0  5 1.00
153 210  0  5 1.00
153 211  0  5 1.00
154 155  0  5 1.00
154 156  0  5 1.00
154 208  0  5 1.00
154 209  0  5 1.00
154 210  0  5 1.00
155 156  0  5 1.00
155 157  0  5 1.00
155 208  0  5 1.00
155 209  0  5 1.00
155 210  0  5 1.00
155 351  0  5 1.00
155 352  0  5 1.00
156 157  0  5 1.00
156 158  0  5 1.00
156 206  0  5 1.00
156 207  0  5 1.00
156 208  0  5 1.00
156 209  0  5 1.00
157 158  0  5 1.00
157 159  0  5 1.00
157 206  0  5 1.00
157 207  0  5 1.00
158 159  0  5 1.00
158 160  0  5 1.00
158 204  0  5 1.00
158 205  0  5 1.00
158 206  0  5 1.00
158 207  0  5 1.00
159 160  0  5 1.00
159 161  0  5 1.00
159 162  0  5 1.00
159 163  0  5 1.00
159 164  0  5 1.00
159 204  0  5 1.00
159 205  0  5 1.00
159 206  0  5 1.00
160 161  0  5 1.00
160 162  0  5 1.00
160 163  0  5 1.00
160 164  0  5 1.00
160 165  0  5 1.00
160 204  0  5 1.00
161 162  0  5 1.00
161 163  0  5 1.00
161 164  0  5 1.00
161 165  0  5 1.00
161 166  0  5 1.00
161 204  0  5 1.00
162 163  0  5 1.00
162 164  0  5 1.00
163 164  0  5 1.00
163 165  0  5 1.00
163 166  0  5 1.00
163 167  0  5 1.00
164 165  0  5 1.00
164 166  0  5 1.00
164 167  0  5 1.00
164 168  0  5 1.00
165 166  0  5 1.00
165 167  0  5 1.00
165 168  0  5 1.00
166 167  0  5 1.00
166 168  0  5 1.00
167 168  0  5 1.00
167 169  0  5 1.00
168 169  0  5 1.00
168 170  0  5 1.00
169 170  0  5 1.00
169 171  0  5 1.00
169 172  0  5 1.00
169 173  0  5 1.00
169 174  0  5 1.00
170 171  0  5 1.00
170 172  0  5 1.00
170 173  0  5 1.00
170 174  0  5 1.00
171 172  0  5 1.00
171 173  0  5 1.00
171 174  0  5 1.00
171 175  0  5 1.00
172 173  0  5 1.00
172 174  0  5 1.00
172 175  0  5 1.00
172 176  0  5 1.00
173 174  0  5 1.00
173 175  0  5 1.00
173 176  0  5 1.00
174 175  0  5 1.00
174 176  0  5 1.00
175 176  0  5 1.00
175 177  0  5 1.00
175 185  0  5 1.00
175 186  0  5 1.00
175 187  0  5 1.00
175 188  0  5 1.00
176 177  0  5 1.00
176 178  0  5 1.00
176 185  0  5 1.00
176 186  0  5 1.00
177 178  0  5 1.00
177 179  0  5 1.00
177 183  0  5 1.00
177 184  0  5 1.00
177 185  0  5 1.00
177 186  0  5 1.00
178 179  0  5 1.00
178 180  0  5 1.00
178 182  0  5 1.00
178 183  0  5 1.00
178 184  0  5 1.00
178 185  0  5 1.00
179 180  0  5 1.00
179 181  0  5 1.00
179 182  0  5 1.00
179 183  0  5 1.00
180 181  0  5 1.00
180 182  0  5 1.00
181 182  0  5 1.00
181 183  0  5 1.00
182 183  0  5 1.00
182 184  0  5 1.00
182 203  0  5 1.00
183 184  0  5 1.00
183 185  0  5 1.00
183 201  0  5 1.00
183 203  0  5 1.00
184 185  0  5 1.00
184 186  0  5 1.00
184 199  0  5 1.00
184 200  0  5 1.00
184 201  0  5 1.00
184 203  0  5 1.00
185 186  0  5 1.00
185 187  0  5 1.00
185 199  0  5 1.00
185 200  0  5 1.00
185 201  0  5 1.00
186 187  0  5 1.00
186 188  0  5 1.00
186 198  0  5 1.00
186 199  0  5 1.00
187 188  0  5 1.00
187 189  0  5 1.00
187 193  0  5 1.00
187 194  0  5 1.00
187 197  0  5 1.00
187 198  0  5 1.00
187 199  0  5 1.00
188 189  0  5 1.00
188 190  0  5 1.00
188 193  0  5 1.00
189 190  0  5 1.00
189 191  0  5 1.00
190 191  0  5 1.00
190 192  0  5 1.00
190 193  0  5 1.00
191 192  0  5 1.00
191 193  0  5 1.00
192 193  0  5 1.00
192 194  0  5 1.00
193 194  0  5 1.00
193 195  0  5 1.00
194 195  0  5 1.00
194 196  0  5 1.00
194 197  0  5 1.00
194 198  0  5 1.00
195 196  0  5 1.00
195 197  0  5 1.00
195 198  0  5 1.00
196 197  0  5 1.00
196 198  0  5 1.00
197 198  0  5 1.00
197 199  0  5 1.00
198 199  0  5 1.00
198 200  0  5 1.00
199 200  0  5 1.00
199 201  0  5 1.00
200 201  0  5 1.00
200 202  0  5 1.00
201 202  0  5 1.00
201 203  0  5 1.00
201 205  0  5 1.00
201 206  0  5 1.00
202 203  0  5 1.00
202 204  0  5 1.00
202 205  0  5 1.00
202 206  0  5 1.00
203 204  0  5 1.00
203 205  0  5 1.00
204 205  0  5 1.00
204 206  0  5 1.00
205 206  0  5 1.00
205 207  0  5 1.00
206 207  0  5 1.00
206 208  0  5 1.00
207 208  0  5 1.00
207 209  0  5 1.00
208 209  0  5 1.00
208 210  0  5 1.00
209 210  0  5 1.00
209 211  0  5 1.00
210 211  0  5 1.00
210 212  0  5 1.00
211 212  0  5 1.00
211 213  0  5 1.00
212 213  0  5 1.00
212 214  0  5 1.00
213 214  0  5 1.00
213 215  0  5 1.00
214 215  0  5 1.00
214 216  0  5 1.00
215 216  0  5 1.00
215 217  0  5 1.00
215 218  0  5 1.00
215 219  0  5 1.00
216 217  0  5 1.00
216 218  0  5 1.00
216 219  0  5 1.00
217 218  0  5 1.00
217 219  0  5 1.00
218 219  0  5 1.00
218 220  0  5 1.00
219 220  0  5 1.00
219 221  0  5 1.00
219 283  0  5 1.00
219 284  0  5 1.00
219 285  0  5 1.00
220 221  0  5 1.00
220 222  0  5 1.00
220 283  0  5 1.00
221 222  0  5 1.00
221 223  0  5 1.00
221 281  0  5 1.00
221 282  0  5 1.00
221 283  0  5 1.00
222 223  0  5 1.00
222 224  0  5 1.00
222 281  0  5 1.00
222 282  0  5 1.00
223 224  0  5 1.00
223 225  0  5 1.00
223 279  0  5 1.00
223 280  0  5 1.00
223 281  0  5 1.00
224 225  0  5 1.00
224 226  0  5 1.00
224 279  0  5 1.00
224 280  0  5 1.00
224 281  0  5 1.00
225 226  0  5 1.00
225 227  0  5 1.00
225 228  0  5 1.00
225 278  0  5 1.00
225 279  0  5 1.00
225 280  0  5 1.00
225 281  0  5 1.00
226 227  0  5 1.00
226 228  0  5 1.00
227 228  0  5 1.00
227 229  0  5 1.00
228 229  0  5 1.00
228 230  0  5 1.00
228 279  0  5 1.00
229 230  0  5 1.00
229 231  0  5 1.00
230 231  0  5 1.00
230 232  0  5 1.00
231 232  0  5 1.00
231 233  0  5 1.00
232 233  0  5 1.00
232 234  0  5 1.00
233 234  0  5 1.00
233 235  0  5 1.00
234 235  0  5 1.00
234 236  0  5 1.00
235 236  0  5 1.00
235 237  0  5 1.00
236 237  0  5 1.00
236 238  0  5 1.00
236 239  0  5 1.00
236 240  0  5 1.00
237 238  0  5 1.00
237 239  0  5 1.00
237 240  0  5 1.00
237 241  0  5 1.00
238 239  0  5 1.00
238 240  0  5 1.00
238 241  0  5 1.00
239 240  0  5 1.00
239 241  0  5 1.00
240 241  0  5 1.00
240 242  0  5 1.00
241 242  0  5 1.00
241 243  0  5 1.00
241 244  0  5 1.00
242 243  0  5 1.00
242 244  0  5 1.00
242 317  0  5 1.00
243 244  0  5 1.00
243 245  0  5 1.00
243 246  0  5 1.00
243 247  0  5 1.00
244 245  0  5 1.00
244 246  0  5 1.00
244 247  0  5 1.00
244 248  0  5 1.00
245 246  0  5 1.00
245 247  0  5 1.00
245 248  0  5 1.00
245 249  0  5 1.00
246 247  0  5 1.00
246 248  0  5 1.00
246 249  0  5 1.00
246 250  0  5 1.00
247 248  0  5 1.00
247 249  0  5 1.00
247 250  0  5 1.00
247 251  0  5 1.00
248 249  0  5 1.00
248 250  0  5 1.00
248 251  0  5 1.00
248 254  0  5 1.00
249 250  0  5 1.00
249 251  0  5 1.00
249 254  0  5 1.00
249 255  0  5 1.00
250 251  0  5 1.00
250 252  0  5 1.00
251 252  0  5 1.00
251 253  0  5 1.00
251 254  0  5 1.00
251 255  0  5 1.00
252 253  0  5 1.00
252 254  0  5 1.00
252 255  0  5 1.00
253 254  0  5 1.00
253 255  0  5 1.00
253 256  0  5 1.00
253 259  0  5 1.00
253 260  0  5 1.00
254 255  0  5 1.00
254 256  0  5 1.00
255 256  0  5 1.00
255 257  0  5 1.00
256 257  0  5 1.00
256 258  0  5 1.00
256 259  0  5 1.00
257 258  0  5 1.00
257 259  0  5 1.00
257 260  0  5 1.00
258 259  0  5 1.00
258 260  0  5 1.00
258 261  0  5 1.00
258 262  0  5 1.00
259 260  0  5 1.00
259 261  0  5 1.00
259 262  0  5 1.00
259 263  0  5 1.00
260 261  0  5 1.00
260 262  0  5 1.00
260 263  0  5 1.00
260 264  0  5 1.00
261 262  0  5 1.00
261 263  0  5 1.00
261 264  0  5 1.00
261 265  0  5 1.00
262 263  0  5 1.00
262 264  0  5 1.00
262 265  0  5 1.00
262 266  0  5 1.00
262 267  0  5 1.00
263 264  0  5 1.00
263 265  0  5 1.00
263 266  0  5 1.00
263 267  0  5 1.00
264 265  0  5 1.00
264 266  0  5 1.00
264 267  0  5 1.00
264 268  0  5 1.00
264 315  0  5 1.00
265 266  0  5 1.00
265 267  0  5 1.00
265 268  0  5 1.00
265 269  0  5 1.00
266 267  0  5 1.00
266 268  0  5 1.00
266 269  0  5 1.00
266 270  0  5 1.00
266 271  0  5 1.00
267 268  0  5 1.00
267 269  0  5 1.00
267 270  0  5 1.00
267 271  0  5 1.00
267 311  0  5 1.00
267 312  0  5 1.00
268 269  0  5 1.00
268 270  0  5 1.00
268 271  0  5 1.00
268 272  0  5 1.00
269 270  0  5 1.00
269 271  0  5 1.00
269 272  0  5 1.00
269 273  0  5 1.00
270 271  0  5 1.00
270 272  0  5 1.00
270 273  0  5 1.00
270 274  0  5 1.00
270 275  0  5 1.00
271 272  0  5 1.00
271 273  0  5 1.00
271 274  0  5 1.00
272 273  0  5 1.00
272 274  0  5 1.00
272 364  0  5 1.00
273 274  0  5 1.00
273 275  0  5 1.00
273 300  0  5 1.00
273 301  0  5 1.00
274 275  0  5 1.00
274 276  0  5 1.00
274 299  0  5 1.00
274 300  0  5 1.00
274 301  0  5 1.00
275 276  0  5 1.00
275 277  0  5 1.00
275 278  0  5 1.00
275 299  0  5 1.00
275 300  0  5 1.00
276 277  0  5 1.00
276 278  0  5 1.00
276 299  0  5 1.00
277 278  0  5 1.00
277 279  0  5 1.00
278 279  0  5 1.00
278 280  0  5 1.00
278 281  0  5 1.00
279 280  0  5 1.00
279 281  0  5 1.00
280 281  0  5 1.00
280 282  0  5 1.00
281 282  0  5 1.00
281 283  0  5 1.00
282 283  0  5 1.00
282 284  0  5 1.00
282 291  0  5 1.00
282 292  0  5 1.00
282 293  0  5 1.00
283 284  0  5 1.00
283 285  0  5 1.00
283 291  0  5 1.00
283 292  0  5 1.00
283 293  0  5 1.00
284 285  0  5 1.00
284 286  0  5 1.00
284 289  0  5 1.00
284 290  0  5 1.00
284 291  0  5 1.00
285 286  0  5 1.00
285 287  0  5 1.00
285 289  0  5 1.00
285 290  0  5 1.00
286 287  0  5 1.00
286 288  0  5 1.00
286 289  0  5 1.00
287 288  0  5 1.00
287 289  0  5 1.00
288 289  0  5 1.00
288 290  0  5 1.00
289 290  0  5 1.00
289 291  0  5 1.00
290 291  0  5 1.00
290 292  0  5 1.00
291 292  0  5 1.00
291 293  0  5 1.00
292 293  0  5 1.00
292 294  0  5 1.00
293 294  0  5 1.00
293 295  0  5 1.00
294 295  0  5 1.00
294 296  0  5 1.00
295 296  0  5 1.00
295 297  0  5 1.00
296 297  0  5 1.00
296 298  0  5 1.00
297 298  0  5 1.00
297 299  0  5 1.00
297 300  0  5 1.00
298 299  0  5 1.00
298 300  0  5 1.00
299 300  0  5 1.00
299 301  0  5 1.00
300 301  0  5 1.00
300 302  0  5 1.00
301 302  0  5 1.00
301 303  0  5 1.00
302 303  0  5 1.00
302 304  0  5 1.00
303 304  0  5 1.00
303 305  0  5 1.00
303 306  0  5 1.00
304 305  0  5 1.00
304 306  0  5 1.00
304 359  0  5 1.00
304 360  0  5 1.00
304 363  0  5 1.00
305 306  0  5 1.00
305 307  0  5 1.00
306 307  0  5 1.00
306 308  0  5 1.00
307 308  0  5 1.00
307 309  0  5 1.00
308 309  0  5 1.00
308 310  0  5 1.00
308 311  0  5 1.00
308 312  0  5 1.00
309 310  0  5 1.00
309 311  0  5 1.00
309 312  0  5 1.00
309 313  0  5 1.00
310 311  0  5 1.00
310 312  0  5 1.00
310 313  0  5 1.00
311 312  0  5 1.00
311 313  0  5 1.00
311 314  0  5 1.00
312 313  0  5 1.00
312 314  0  5 1.00
312 315  0  5 1.00
312 316  0  5 1.00
312 317  0  5 1.00
313 314  0  5 1.00
313 315  0  5 1.00
313 316  0  5 1.00
313 317  0  5 1.00
313 318  0  5 1.00
314 315  0  5 1.00
314 316  0  5 1.00
314 317  0  5 1.00
314 318  0  5 1.00
314 319  0  5 1.00
315 316  0  5 1.00
315 317  0  5 1.00
315 318  0  5 1.00
315 319  0  5 1.00
315 320  0  5 1.00
316 317  0  5 1.00
316 318  0  5 1.00
316 319  0  5 1.00
317 318  0  5 1.00
317 319  0  5 1.00
318 319  0  5 1.00
318 320  0  5 1.00
319 320  0  5 1.00
319 321  0  5 1.00
319 386  0  5 1.00
319 387  0  5 1.00
320 321  0  5 1.00
320 322  0  5 1.00
320 387  0  5 1.00
321 322  0  5 1.00
321 323  0  5 1.00
321 387  0  5 1.00
321 388  0  5 1.00
321 389  0  5 1.00
322 323  0  5 1.00
322 324  0  5 1.00
322 325  0  5 1.00
322 326  0  5 1.00
322 389  0  5 1.00
323 324  0  5 1.00
323 325  0  5 1.00
323 326  0  5 1.00
323 327  0  5 1.00
323 389  0  5 1.00
323 390  0  5 1.00
324 325  0  5 1.00
324 326  0  5 1.00
324 327  0  5 1.00
324 328  0  5 1.00
325 326  0  5 1.00
325 327  0  5 1.00
325 328  0  5 1.00
325 329  0  5 1.00
325 330  0  5 1.00
326 327  0  5 1.00
326 328  0  5 1.00
326 329  0  5 1.00
326 330  0  5 1.00
327 328  0  5 1.00
327 329  0  5 1.00
327 330  0  5 1.00
327 331  0  5 1.00
328 329  0  5 1.00
328 330  0  5 1.00
328 331  0  5 1.00
328 332  0  5 1.00
329 330  0  5 1.00
329 331  0  5 1.00
329 332  0  5 1.00
329 333  0  5 1.00
330 331  0  5 1.00
330 332  0  5 1.00
330 333  0  5 1.00
330 334  0  5 1.00
331 332  0  5 1.00
331 333  0  5 1.00
331 334  0  5 1.00
331 335  0  5 1.00
332 333  0  5 1.00
332 334  0  5 1.00
332 335  0  5 1.00
332 337  0  5 1.00
332 339  0  5 1.00
333 334  0  5 1.00
333 335  0  5 1.00
334 335  0  5 1.00
334 336  0  5 1.00
335 336  0  5 1.00
335 337  0  5 1.00
335 338  0  5 1.00
336 337  0  5 1.00
336 338  0  5 1.00
337 338  0  5 1.00
337 339  0  5 1.00
338 339  0  5 1.00
338 340  0  5 1.00
338 341  0  5 1.00
338 342  0  5 1.00
338 343  0  5 1.00
339 340  0  5 1.00
339 341  0  5 1.00
339 342  0  5 1.00
339 343  0  5 1.00
339 344  0  5 1.00
340 341  0  5 1.00
340 342  0  5 1.00
340 343  0  5 1.00
340 344  0  5 1.00
340 345  0  5 1.00
340 361  0  5 1.00
341 342  0  5 1.00
341 343  0  5 1.00
341 344  0  5 1.00
341 345  0  5 1.00
342 343  0  5 1.00
342 344  0  5 1.00
342 345  0  5 1.00
342 346  0  5 1.00
343 344  0  5 1.00
343 345  0  5 1.00
343 346  0  5 1.00
343 347  0  5 1.00
344 345  0  5 1.00
344 346  0  5 1.00
344 347  0  5 1.00
344 348  0  5 1.00
345 346  0  5 1.00
345 347  0  5 1.00
345 348  0  5 1.00
345 349  0  5 1.00
346 347  0  5 1.00
346 348  0  5 1.00
346 349  0  5 1.00
346 350  0  5 1.00
347 348  0  5 1.00
347 349  0  5 1.00
347 350  0  5 1.00
347 353  0  5 1.00
348 349  0  5 1.00
348 350  0  5 1.00
349 350  0  5 1.00
349 351  0  5 1.00
350 351  0  5 1.00
350 352  0  5 1.00
350 353  0  5 1.00
351 352  0  5 1.00
351 353  0  5 1.00
352 353  0  5 1.00
352 354  0  5 1.00
352 355  0  5 1.00
353 354  0  5 1.00
353 355  0  5 1.00
354 355  0  5 1.00
354 356  0  5 1.00
355 356  0  5 1.00
355 357  0  5 1.00
356 357  0  5 1.00
356 358  0  5 1.00
357 358  0  5 1.00
357 359  0  5 1.00
357 360  0  5 1.00
357 361  0  5 1.00
358 359  0  5 1.00
358 360  0  5 1.00
358 361  0  5 1.00
358 362  0  5 1.00
358 363  0  5 1.00
359 360  0  5 1.00
359 361  0  5 1.00
359 362  0  5 1.00
359 363  0  5 1.00
360 361  0  5 1.00
360 362  0  5 1.00
360 363  0  5 1.00
360 364  0  5 1.00
361 362  0  5 1.00
361 363  0  5 1.00
361 364  0  5 1.00
361 365  0  5 1.00
362 363  0  5 1.00
362 364  0  5 1.00
362 365  0  5 1.00
362 366  0  5 1.00
363 364  0  5 1.00
363 365  0  5 1.00
363 366  0  5 1.00
363 367  0  5 1.00
363 368  0  5 1.00
364 365  0  5 1.00
364 366  0  5 1.00
364 367  0  5 1.00
364 368  0  5 1.00
365 366  0  5 1.00
365 367  0  5 1.00
365 368  0  5 1.00
365 369  0  5 1.00
366 367  0  5 1.00
366 368  0  5 1.00
366 369  0  5 1.00
366 370  0  5 1.00
367 368  0  5 1.00
367 369  0  5 1.00
367 370  0  5 1.00
367 371  0  5 1.00
368 369  0  5 1.00
368 370  0  5 1.00
368 371  0  5 1.00
368 372  0  5 1.00
369 370  0  5 1.00
369 371  0  5 1.00
369 372  0  5 1.00
369 373  0  5 1.00
370 371  0  5 1.00
370 372  0  5 1.00
370 373  0  5 1.00
370 374  0  5 1.00
371 372  0  5 1.00
371 373  0  5 1.00
371 374  0  5 1.00
371 375  0  5 1.00
371 376  0  5 1.00
372 373  0  5 1.00
372 374  0  5 1.00
372 375  0  5 1.00
372 376  0  5 1.00
372 377  0  5 1.00
373 374  0  5 1.00
373 375  0  5 1.00
373 376  0  5 1.00
373 377  0  5 1.00
373 378  0  5 1.00
374 375  0  5 1.00
374 376  0  5 1.00
374 377  0  5 1.00
374 378  0  5 1.00
375 376  0  5 1.00
375 377  0  5 1.00
375 378  0  5 1.00
375 379  0  5 1.00
376 377  0  5 1.00
376 378  0  5 1.00
376 379  0  5 1.00
376 380  0  5 1.00
377 378  0  5 1.00
377 379  0  5 1.00
377 380  0  5 1.00
377 381  0  5 1.00
378 379  0  5 1.00
378 380  0  5 1.00
378 381  0  5 1.00
378 382  0  5 1.00
378 383  0  5 1.00
379 380  0  5 1.00
379 381  0  5 1.00
379 382  0  5 1.00
379 383  0  5 1.00
379 384  0  5 1.00
380 381  0  5 1.00
380 382  0  5 1.00
380 383  0  5 1.00
381 382  0  5 1.00
381 383  0  5 1.00
382 383  0  5 1.00
382 384  0  5 1.00
382 386  0  5 1.00
383 384  0  5 1.00
383 385  0  5 1.00
383 386  0  5 1.00
383 387  0  5 1.00
384 385  0  5 1.00
384 386  0  5 1.00
384 387  0  5 1.00
384 388  0  5 1.00
385 386  0  5 1.00
385 387  0  5 1.00
385 388  0  5 1.00
386 387  0  5 1.00
386 388  0  5 1.00
387 388  0  5 1.00
387 389  0  5 1.00
388 389  0  5 1.00
388 390  0  5 1.00
389 390  0  5 1.00
389 391  0  5 1.00
390 391  0  5 1.00
390 392  0  5 1.00
391 392  0  5 1.00
391 393  0  5 1.00
392 393  0  5 1.00
END
HELX_P HELX_P1  AA1 HIS A 48  ? ILE A 57  ? HIS A 70  ILE A 79  1 ? 10 
HELX_P HELX_P2  AA2 SER A 66  ? ALA A 80  ? SER A 88  ALA A 102 1 ? 15 
HELX_P HELX_P3  AA3 ARG A 131 ? LEU A 145 ? ARG A 153 LEU A 167 1 ? 15 
HELX_P HELX_P4  AA4 LEU A 160 ? VAL A 164 ? LEU A 182 VAL A 186 1 ? 5  
HELX_P HELX_P5  AA5 LEU A 165 ? ALA A 168 ? LEU A 187 ALA A 190 5 ? 4  
HELX_P HELX_P6  AA6 ALA A 169 ? THR A 174 ? ALA A 191 THR A 196 1 ? 6  
HELX_P HELX_P7  AA7 ALA A 236 ? ASP A 241 ? ALA A 258 ASP A 263 1 ? 6  
HELX_P HELX_P8  AA8 HIS A 243 ? VAL A 249 ? HIS A 265 VAL A 271 1 ? 7  
HELX_P HELX_P9  AA9 PRO A 258 ? GLY A 274 ? PRO A 280 GLY A 296 1 ? 17 
HELX_P HELX_P10 AB1 GLU A 308 ? ILE A 311 ? GLU A 330 ILE A 333 5 ? 4  
HELX_P HELX_P11 AB2 LEU A 312 ? CYS A 319 ? LEU A 334 CYS A 341 1 ? 8  
HELX_P HELX_P12 AB3 SER A 323 ? ASN A 335 ? SER A 345 ASN A 357 1 ? 13 
HELX_P HELX_P13 AB4 SER A 338 ? SER A 348 ? SER A 360 SER A 370 1 ? 11 
HELX_P HELX_P14 AB5 THR A 357 ? ASN A 383 ? THR A 379 ASN A 405 1 ? 27 
HELX_P HELX_P15 AB6 ASN A 383 ? VAL A 387 ? ASN A 405 VAL A 409 1 ? 5  
