5yh0 560
132 133  0  5 1.00
132 134  0  5 1.00
133 134  0  5 1.00
133 135  0  5 1.00
134 135  0  5 1.00
134 136  0  5 1.00
134 137  0  5 1.00
134 138  0  5 1.00
135 136  0  5 1.00
135 137  0  5 1.00
135 138  0  5 1.00
135 139  0  5 1.00
136 137  0  5 1.00
136 138  0  5 1.00
136 139  0  5 1.00
136 140  0  5 1.00
137 138  0  5 1.00
137 139  0  5 1.00
137 140  0  5 1.00
137 141  0  5 1.00
138 139  0  5 1.00
138 140  0  5 1.00
138 141  0  5 1.00
138 142  0  5 1.00
139 140  0  5 1.00
139 141  0  5 1.00
139 142  0  5 1.00
139 145  0  5 1.00
140 141  0  5 1.00
140 142  0  5 1.00
140 145  0  5 1.00
141 142  0  5 1.00
141 143  0  5 1.00
142 143  0  5 1.00
142 144  0  5 1.00
142 145  0  5 1.00
142 146  0  5 1.00
143 144  0  5 1.00
143 145  0  5 1.00
143 146  0  5 1.00
143 147  0  5 1.00
143 554  0  5 1.00
144 145  0  5 1.00
144 146  0  5 1.00
144 147  0  5 1.00
145 146  0  5 1.00
145 147  0  5 1.00
146 147  0  5 1.00
146 148  0  5 1.00
147 148  0  5 1.00
147 149  0  5 1.00
148 149  0  5 1.00
148 150  0  5 1.00
149 150  0  5 1.00
149 151  0  5 1.00
150 151  0  5 1.00
150 152  0  5 1.00
151 152  0  5 1.00
151 153  0  5 1.00
152 153  0  5 1.00
152 154  0  5 1.00
152 155  0  5 1.00
153 154  0  5 1.00
153 155  0  5 1.00
153 156  0  5 1.00
154 155  0  5 1.00
154 156  0  5 1.00
154 157  0  5 1.00
154 159  0  5 1.00
155 156  0  5 1.00
155 157  0  5 1.00
156 157  0  5 1.00
156 158  0  5 1.00
156 209  0  5 1.00
156 210  0  5 1.00
156 211  0  5 1.00
157 158  0  5 1.00
157 159  0  5 1.00
157 207  0  5 1.00
157 209  0  5 1.00
157 210  0  5 1.00
157 211  0  5 1.00
158 159  0  5 1.00
158 160  0  5 1.00
158 209  0  5 1.00
159 160  0  5 1.00
198 199  0  5 1.00
198 200  0  5 1.00
199 200  0  5 1.00
199 201  0  5 1.00
200 201  0  5 1.00
200 202  0  5 1.00
200 203  0  5 1.00
200 204  0  5 1.00
201 202  0  5 1.00
201 203  0  5 1.00
201 204  0  5 1.00
201 205  0  5 1.00
202 203  0  5 1.00
202 204  0  5 1.00
202 205  0  5 1.00
202 206  0  5 1.00
203 204  0  5 1.00
203 205  0  5 1.00
203 206  0  5 1.00
203 207  0  5 1.00
204 205  0  5 1.00
204 206  0  5 1.00
204 207  0  5 1.00
204 208  0  5 1.00
205 206  0  5 1.00
205 207  0  5 1.00
205 208  0  5 1.00
205 209  0  5 1.00
205 214  0  5 1.00
206 207  0  5 1.00
206 208  0  5 1.00
206 209  0  5 1.00
207 208  0  5 1.00
207 209  0  5 1.00
208 209  0  5 1.00
208 210  0  5 1.00
208 214  0  5 1.00
208 215  0  5 1.00
209 210  0  5 1.00
209 211  0  5 1.00
209 213  0  5 1.00
209 214  0  5 1.00
210 211  0  5 1.00
210 212  0  5 1.00
210 213  0  5 1.00
211 212  0  5 1.00
211 213  0  5 1.00
211 448  0  5 1.00
211 449  0  5 1.00
212 213  0  5 1.00
212 214  0  5 1.00
212 449  0  5 1.00
213 214  0  5 1.00
213 215  0  5 1.00
213 299  0  5 1.00
213 300  0  5 1.00
214 215  0  5 1.00
214 216  0  5 1.00
214 300  0  5 1.00
215 216  0  5 1.00
215 217  0  5 1.00
215 300  0  5 1.00
216 217  0  5 1.00
216 218  0  5 1.00
216 219  0  5 1.00
217 218  0  5 1.00
217 219  0  5 1.00
218 219  0  5 1.00
218 220  0  5 1.00
219 220  0  5 1.00
219 221  0  5 1.00
219 222  0  5 1.00
219 223  0  5 1.00
220 221  0  5 1.00
220 222  0  5 1.00
220 223  0  5 1.00
220 224  0  5 1.00
221 222  0  5 1.00
221 223  0  5 1.00
221 224  0  5 1.00
221 225  0  5 1.00
221 226  0  5 1.00
222 223  0  5 1.00
222 224  0  5 1.00
222 225  0  5 1.00
222 226  0  5 1.00
223 224  0  5 1.00
223 225  0  5 1.00
223 226  0  5 1.00
223 227  0  5 1.00
224 225  0  5 1.00
224 226  0  5 1.00
224 227  0  5 1.00
224 228  0  5 1.00
225 226  0  5 1.00
225 227  0  5 1.00
225 228  0  5 1.00
225 229  0  5 1.00
226 227  0  5 1.00
226 228  0  5 1.00
226 229  0  5 1.00
226 230  0  5 1.00
226 306  0  5 1.00
227 228  0  5 1.00
227 229  0  5 1.00
227 230  0  5 1.00
227 231  0  5 1.00
227 232  0  5 1.00
228 229  0  5 1.00
228 230  0  5 1.00
228 231  0  5 1.00
228 232  0  5 1.00
229 230  0  5 1.00
229 231  0  5 1.00
229 232  0  5 1.00
230 231  0  5 1.00
230 232  0  5 1.00
230 307  0  5 1.00
231 232  0  5 1.00
231 233  0  5 1.00
232 233  0  5 1.00
232 234  0  5 1.00
233 234  0  5 1.00
233 235  0  5 1.00
233 251  0  5 1.00
233 252  0  5 1.00
233 253  0  5 1.00
234 235  0  5 1.00
234 236  0  5 1.00
234 251  0  5 1.00
235 236  0  5 1.00
235 237  0  5 1.00
235 251  0  5 1.00
235 252  0  5 1.00
235 253  0  5 1.00
235 319  0  5 1.00
236 237  0  5 1.00
236 238  0  5 1.00
236 249  0  5 1.00
236 250  0  5 1.00
236 251  0  5 1.00
236 319  0  5 1.00
237 238  0  5 1.00
237 239  0  5 1.00
237 249  0  5 1.00
237 250  0  5 1.00
237 319  0  5 1.00
237 320  0  5 1.00
237 321  0  5 1.00
238 239  0  5 1.00
238 240  0  5 1.00
238 247  0  5 1.00
238 248  0  5 1.00
238 249  0  5 1.00
239 240  0  5 1.00
239 241  0  5 1.00
239 247  0  5 1.00
239 248  0  5 1.00
239 249  0  5 1.00
240 241  0  5 1.00
240 242  0  5 1.00
240 243  0  5 1.00
240 247  0  5 1.00
241 242  0  5 1.00
241 243  0  5 1.00
242 243  0  5 1.00
242 244  0  5 1.00
243 244  0  5 1.00
243 245  0  5 1.00
243 343  0  5 1.00
243 344  0  5 1.00
244 245  0  5 1.00
244 246  0  5 1.00
244 343  0  5 1.00
244 344  0  5 1.00
244 345  0  5 1.00
245 246  0  5 1.00
245 247  0  5 1.00
245 345  0  5 1.00
246 247  0  5 1.00
246 248  0  5 1.00
246 260  0  5 1.00
246 261  0  5 1.00
246 262  0  5 1.00
246 345  0  5 1.00
247 248  0  5 1.00
247 249  0  5 1.00
247 260  0  5 1.00
248 249  0  5 1.00
248 250  0  5 1.00
248 258  0  5 1.00
248 259  0  5 1.00
248 260  0  5 1.00
249 250  0  5 1.00
249 251  0  5 1.00
249 258  0  5 1.00
249 260  0  5 1.00
250 251  0  5 1.00
250 252  0  5 1.00
250 256  0  5 1.00
250 257  0  5 1.00
250 258  0  5 1.00
251 252  0  5 1.00
251 253  0  5 1.00
251 256  0  5 1.00
251 257  0  5 1.00
251 258  0  5 1.00
252 253  0  5 1.00
252 254  0  5 1.00
252 255  0  5 1.00
252 256  0  5 1.00
252 257  0  5 1.00
253 254  0  5 1.00
253 255  0  5 1.00
254 255  0  5 1.00
254 256  0  5 1.00
255 256  0  5 1.00
255 257  0  5 1.00
256 257  0  5 1.00
256 258  0  5 1.00
257 258  0  5 1.00
257 259  0  5 1.00
257 365  0  5 1.00
257 366  0  5 1.00
257 367  0  5 1.00
258 259  0  5 1.00
258 260  0  5 1.00
258 365  0  5 1.00
258 366  0  5 1.00
258 367  0  5 1.00
259 260  0  5 1.00
259 261  0  5 1.00
259 363  0  5 1.00
259 364  0  5 1.00
259 365  0  5 1.00
259 366  0  5 1.00
260 261  0  5 1.00
260 262  0  5 1.00
260 363  0  5 1.00
260 364  0  5 1.00
260 365  0  5 1.00
261 262  0  5 1.00
261 263  0  5 1.00
261 284  0  5 1.00
261 361  0  5 1.00
261 362  0  5 1.00
261 363  0  5 1.00
262 263  0  5 1.00
262 264  0  5 1.00
262 282  0  5 1.00
262 283  0  5 1.00
262 284  0  5 1.00
262 361  0  5 1.00
262 362  0  5 1.00
263 264  0  5 1.00
263 265  0  5 1.00
263 284  0  5 1.00
263 360  0  5 1.00
263 361  0  5 1.00
263 362  0  5 1.00
264 265  0  5 1.00
264 266  0  5 1.00
264 282  0  5 1.00
265 266  0  5 1.00
265 267  0  5 1.00
266 267  0  5 1.00
266 268  0  5 1.00
266 269  0  5 1.00
267 268  0  5 1.00
267 269  0  5 1.00
268 269  0  5 1.00
268 270  0  5 1.00
269 270  0  5 1.00
269 271  0  5 1.00
269 460  0  5 1.00
270 271  0  5 1.00
270 272  0  5 1.00
270 460  0  5 1.00
271 272  0  5 1.00
271 273  0  5 1.00
271 460  0  5 1.00
271 461  0  5 1.00
272 273  0  5 1.00
272 274  0  5 1.00
272 275  0  5 1.00
273 274  0  5 1.00
273 275  0  5 1.00
274 275  0  5 1.00
274 276  0  5 1.00
275 276  0  5 1.00
275 277  0  5 1.00
276 277  0  5 1.00
276 278  0  5 1.00
276 279  0  5 1.00
276 280  0  5 1.00
277 278  0  5 1.00
277 279  0  5 1.00
277 280  0  5 1.00
278 279  0  5 1.00
278 280  0  5 1.00
279 280  0  5 1.00
279 281  0  5 1.00
280 281  0  5 1.00
280 282  0  5 1.00
281 282  0  5 1.00
281 283  0  5 1.00
281 456  0  5 1.00
281 457  0  5 1.00
282 283  0  5 1.00
282 284  0  5 1.00
282 456  0  5 1.00
282 457  0  5 1.00
283 284  0  5 1.00
283 285  0  5 1.00
283 286  0  5 1.00
283 287  0  5 1.00
283 456  0  5 1.00
284 285  0  5 1.00
284 286  0  5 1.00
284 287  0  5 1.00
284 288  0  5 1.00
284 363  0  5 1.00
285 286  0  5 1.00
285 287  0  5 1.00
285 288  0  5 1.00
285 289  0  5 1.00
285 290  0  5 1.00
285 513  0  5 1.00
286 287  0  5 1.00
286 288  0  5 1.00
286 289  0  5 1.00
286 290  0  5 1.00
286 291  0  5 1.00
286 455  0  5 1.00
286 456  0  5 1.00
286 458  0  5 1.00
287 288  0  5 1.00
287 289  0  5 1.00
287 290  0  5 1.00
287 291  0  5 1.00
287 455  0  5 1.00
287 456  0  5 1.00
288 289  0  5 1.00
288 290  0  5 1.00
288 291  0  5 1.00
288 292  0  5 1.00
288 305  0  5 1.00
289 290  0  5 1.00
289 291  0  5 1.00
289 292  0  5 1.00
289 293  0  5 1.00
289 294  0  5 1.00
290 291  0  5 1.00
290 292  0  5 1.00
290 293  0  5 1.00
290 294  0  5 1.00
290 295  0  5 1.00
291 292  0  5 1.00
291 293  0  5 1.00
291 294  0  5 1.00
291 295  0  5 1.00
292 293  0  5 1.00
292 294  0  5 1.00
292 295  0  5 1.00
292 296  0  5 1.00
292 297  0  5 1.00
293 294  0  5 1.00
293 295  0  5 1.00
293 296  0  5 1.00
293 297  0  5 1.00
293 298  0  5 1.00
294 295  0  5 1.00
294 296  0  5 1.00
294 297  0  5 1.00
294 298  0  5 1.00
294 299  0  5 1.00
294 300  0  5 1.00
295 296  0  5 1.00
295 297  0  5 1.00
295 298  0  5 1.00
295 299  0  5 1.00
295 300  0  5 1.00
296 297  0  5 1.00
296 298  0  5 1.00
297 298  0  5 1.00
297 299  0  5 1.00
298 299  0  5 1.00
298 300  0  5 1.00
299 300  0  5 1.00
299 301  0  5 1.00
300 301  0  5 1.00
300 302  0  5 1.00
301 302  0  5 1.00
301 303  0  5 1.00
301 450  0  5 1.00
301 451  0  5 1.00
301 452  0  5 1.00
302 303  0  5 1.00
302 304  0  5 1.00
302 452  0  5 1.00
303 304  0  5 1.00
303 305  0  5 1.00
303 452  0  5 1.00
304 305  0  5 1.00
304 306  0  5 1.00
304 364  0  5 1.00
304 365  0  5 1.00
304 366  0  5 1.00
305 306  0  5 1.00
305 307  0  5 1.00
305 364  0  5 1.00
305 365  0  5 1.00
305 366  0  5 1.00
306 307  0  5 1.00
306 308  0  5 1.00
306 362  0  5 1.00
306 363  0  5 1.00
306 364  0  5 1.00
307 308  0  5 1.00
307 309  0  5 1.00
307 362  0  5 1.00
307 363  0  5 1.00
307 364  0  5 1.00
307 509  0  5 1.00
308 309  0  5 1.00
308 310  0  5 1.00
308 361  0  5 1.00
308 362  0  5 1.00
308 363  0  5 1.00
309 310  0  5 1.00
309 311  0  5 1.00
309 361  0  5 1.00
310 311  0  5 1.00
310 312  0  5 1.00
310 358  0  5 1.00
310 359  0  5 1.00
310 360  0  5 1.00
310 361  0  5 1.00
311 312  0  5 1.00
311 313  0  5 1.00
311 314  0  5 1.00
311 315  0  5 1.00
311 316  0  5 1.00
311 358  0  5 1.00
311 359  0  5 1.00
312 313  0  5 1.00
312 314  0  5 1.00
312 315  0  5 1.00
312 316  0  5 1.00
312 317  0  5 1.00
312 358  0  5 1.00
312 359  0  5 1.00
312 360  0  5 1.00
313 314  0  5 1.00
313 315  0  5 1.00
313 316  0  5 1.00
313 317  0  5 1.00
313 318  0  5 1.00
313 319  0  5 1.00
313 358  0  5 1.00
314 315  0  5 1.00
314 316  0  5 1.00
314 318  0  5 1.00
314 319  0  5 1.00
315 316  0  5 1.00
315 317  0  5 1.00
316 317  0  5 1.00
316 318  0  5 1.00
316 319  0  5 1.00
316 320  0  5 1.00
317 318  0  5 1.00
317 319  0  5 1.00
317 320  0  5 1.00
318 319  0  5 1.00
318 320  0  5 1.00
319 320  0  5 1.00
319 321  0  5 1.00
320 321  0  5 1.00
320 322  0  5 1.00
321 322  0  5 1.00
321 323  0  5 1.00
322 323  0  5 1.00
322 324  0  5 1.00
322 325  0  5 1.00
322 326  0  5 1.00
322 327  0  5 1.00
323 324  0  5 1.00
323 325  0  5 1.00
323 326  0  5 1.00
323 327  0  5 1.00
324 325  0  5 1.00
324 326  0  5 1.00
324 327  0  5 1.00
324 328  0  5 1.00
324 341  0  5 1.00
324 342  0  5 1.00
325 326  0  5 1.00
325 327  0  5 1.00
325 328  0  5 1.00
325 329  0  5 1.00
325 341  0  5 1.00
326 327  0  5 1.00
326 328  0  5 1.00
326 329  0  5 1.00
327 328  0  5 1.00
327 329  0  5 1.00
328 329  0  5 1.00
328 330  0  5 1.00
328 338  0  5 1.00
328 339  0  5 1.00
328 340  0  5 1.00
328 341  0  5 1.00
329 330  0  5 1.00
329 331  0  5 1.00
329 338  0  5 1.00
329 339  0  5 1.00
330 331  0  5 1.00
330 332  0  5 1.00
330 336  0  5 1.00
330 337  0  5 1.00
330 338  0  5 1.00
331 332  0  5 1.00
331 333  0  5 1.00
331 336  0  5 1.00
331 337  0  5 1.00
331 338  0  5 1.00
332 333  0  5 1.00
332 334  0  5 1.00
332 335  0  5 1.00
332 336  0  5 1.00
333 334  0  5 1.00
333 335  0  5 1.00
334 335  0  5 1.00
334 336  0  5 1.00
335 336  0  5 1.00
335 337  0  5 1.00
335 357  0  5 1.00
336 337  0  5 1.00
336 338  0  5 1.00
336 355  0  5 1.00
336 357  0  5 1.00
337 338  0  5 1.00
337 339  0  5 1.00
337 353  0  5 1.00
337 354  0  5 1.00
337 355  0  5 1.00
337 357  0  5 1.00
338 339  0  5 1.00
338 340  0  5 1.00
338 353  0  5 1.00
338 354  0  5 1.00
339 340  0  5 1.00
339 341  0  5 1.00
339 352  0  5 1.00
339 353  0  5 1.00
340 341  0  5 1.00
340 342  0  5 1.00
340 343  0  5 1.00
340 346  0  5 1.00
340 347  0  5 1.00
340 352  0  5 1.00
340 353  0  5 1.00
341 342  0  5 1.00
341 343  0  5 1.00
341 347  0  5 1.00
342 343  0  5 1.00
342 344  0  5 1.00
343 344  0  5 1.00
343 345  0  5 1.00
343 347  0  5 1.00
344 345  0  5 1.00
344 346  0  5 1.00
344 347  0  5 1.00
345 346  0  5 1.00
345 347  0  5 1.00
346 347  0  5 1.00
346 348  0  5 1.00
346 351  0  5 1.00
347 348  0  5 1.00
347 349  0  5 1.00
348 349  0  5 1.00
348 350  0  5 1.00
348 351  0  5 1.00
348 352  0  5 1.00
349 350  0  5 1.00
349 351  0  5 1.00
349 352  0  5 1.00
350 351  0  5 1.00
350 352  0  5 1.00
351 352  0  5 1.00
351 353  0  5 1.00
352 353  0  5 1.00
352 354  0  5 1.00
353 354  0  5 1.00
353 355  0  5 1.00
354 355  0  5 1.00
354 356  0  5 1.00
355 356  0  5 1.00
355 357  0  5 1.00
355 358  0  5 1.00
355 359  0  5 1.00
355 360  0  5 1.00
356 357  0  5 1.00
356 358  0  5 1.00
356 359  0  5 1.00
357 358  0  5 1.00
357 359  0  5 1.00
358 359  0  5 1.00
358 360  0  5 1.00
359 360  0  5 1.00
359 361  0  5 1.00
360 361  0  5 1.00
360 362  0  5 1.00
361 362  0  5 1.00
361 363  0  5 1.00
362 363  0  5 1.00
362 364  0  5 1.00
363 364  0  5 1.00
363 365  0  5 1.00
364 365  0  5 1.00
364 366  0  5 1.00
365 366  0  5 1.00
365 367  0  5 1.00
366 367  0  5 1.00
366 368  0  5 1.00
367 368  0  5 1.00
367 369  0  5 1.00
368 369  0  5 1.00
368 370  0  5 1.00
369 370  0  5 1.00
369 371  0  5 1.00
369 374  0  5 1.00
370 371  0  5 1.00
370 372  0  5 1.00
370 373  0  5 1.00
370 374  0  5 1.00
371 372  0  5 1.00
371 373  0  5 1.00
371 374  0  5 1.00
371 375  0  5 1.00
372 373  0  5 1.00
372 374  0  5 1.00
373 374  0  5 1.00
373 375  0  5 1.00
374 375  0  5 1.00
374 376  0  5 1.00
375 376  0  5 1.00
375 377  0  5 1.00
375 440  0  5 1.00
375 441  0  5 1.00
375 442  0  5 1.00
375 443  0  5 1.00
376 377  0  5 1.00
376 378  0  5 1.00
376 440  0  5 1.00
376 441  0  5 1.00
376 442  0  5 1.00
377 378  0  5 1.00
377 379  0  5 1.00
377 438  0  5 1.00
377 439  0  5 1.00
377 440  0  5 1.00
377 441  0  5 1.00
377 442  0  5 1.00
378 379  0  5 1.00
378 380  0  5 1.00
378 438  0  5 1.00
378 439  0  5 1.00
379 380  0  5 1.00
379 381  0  5 1.00
379 436  0  5 1.00
379 437  0  5 1.00
379 438  0  5 1.00
379 439  0  5 1.00
380 381  0  5 1.00
380 382  0  5 1.00
380 436  0  5 1.00
380 437  0  5 1.00
381 382  0  5 1.00
381 383  0  5 1.00
381 384  0  5 1.00
381 436  0  5 1.00
381 437  0  5 1.00
381 438  0  5 1.00
382 383  0  5 1.00
382 384  0  5 1.00
383 384  0  5 1.00
383 385  0  5 1.00
384 385  0  5 1.00
384 386  0  5 1.00
384 435  0  5 1.00
384 436  0  5 1.00
385 386  0  5 1.00
385 387  0  5 1.00
386 387  0  5 1.00
386 388  0  5 1.00
386 389  0  5 1.00
386 391  0  5 1.00
386 393  0  5 1.00
387 388  0  5 1.00
387 389  0  5 1.00
388 389  0  5 1.00
388 390  0  5 1.00
388 391  0  5 1.00
389 390  0  5 1.00
389 391  0  5 1.00
390 391  0  5 1.00
390 392  0  5 1.00
391 392  0  5 1.00
391 393  0  5 1.00
392 393  0  5 1.00
392 394  0  5 1.00
393 394  0  5 1.00
393 395  0  5 1.00
393 396  0  5 1.00
393 397  0  5 1.00
394 395  0  5 1.00
394 396  0  5 1.00
394 397  0  5 1.00
394 398  0  5 1.00
395 396  0  5 1.00
395 397  0  5 1.00
395 398  0  5 1.00
396 397  0  5 1.00
396 398  0  5 1.00
397 398  0  5 1.00
397 399  0  5 1.00
398 399  0  5 1.00
398 400  0  5 1.00
398 401  0  5 1.00
399 400  0  5 1.00
399 401  0  5 1.00
399 402  0  5 1.00
399 475  0  5 1.00
400 401  0  5 1.00
400 402  0  5 1.00
400 403  0  5 1.00
400 404  0  5 1.00
401 402  0  5 1.00
401 403  0  5 1.00
401 404  0  5 1.00
401 405  0  5 1.00
402 403  0  5 1.00
402 404  0  5 1.00
402 405  0  5 1.00
402 406  0  5 1.00
402 475  0  5 1.00
403 404  0  5 1.00
403 405  0  5 1.00
403 406  0  5 1.00
403 407  0  5 1.00
404 405  0  5 1.00
404 406  0  5 1.00
404 407  0  5 1.00
404 408  0  5 1.00
405 406  0  5 1.00
405 407  0  5 1.00
405 408  0  5 1.00
405 409  0  5 1.00
405 411  0  5 1.00
406 407  0  5 1.00
406 408  0  5 1.00
406 411  0  5 1.00
406 412  0  5 1.00
407 408  0  5 1.00
407 409  0  5 1.00
408 409  0  5 1.00
408 410  0  5 1.00
408 411  0  5 1.00
408 412  0  5 1.00
409 410  0  5 1.00
409 411  0  5 1.00
409 412  0  5 1.00
410 411  0  5 1.00
410 412  0  5 1.00
410 413  0  5 1.00
410 414  0  5 1.00
410 416  0  5 1.00
411 412  0  5 1.00
411 413  0  5 1.00
411 414  0  5 1.00
411 417  0  5 1.00
412 413  0  5 1.00
412 414  0  5 1.00
413 414  0  5 1.00
413 415  0  5 1.00
414 415  0  5 1.00
414 416  0  5 1.00
415 416  0  5 1.00
415 417  0  5 1.00
415 418  0  5 1.00
415 419  0  5 1.00
415 448  0  5 1.00
416 417  0  5 1.00
416 418  0  5 1.00
416 419  0  5 1.00
416 420  0  5 1.00
416 421  0  5 1.00
417 418  0  5 1.00
417 419  0  5 1.00
417 420  0  5 1.00
417 421  0  5 1.00
418 419  0  5 1.00
418 420  0  5 1.00
418 421  0  5 1.00
418 422  0  5 1.00
419 420  0  5 1.00
419 421  0  5 1.00
419 422  0  5 1.00
419 423  0  5 1.00
420 421  0  5 1.00
420 422  0  5 1.00
420 423  0  5 1.00
420 424  0  5 1.00
420 425  0  5 1.00
421 422  0  5 1.00
421 423  0  5 1.00
421 424  0  5 1.00
421 425  0  5 1.00
421 426  0  5 1.00
422 423  0  5 1.00
422 424  0  5 1.00
422 425  0  5 1.00
422 426  0  5 1.00
423 424  0  5 1.00
423 425  0  5 1.00
423 426  0  5 1.00
423 427  0  5 1.00
423 428  0  5 1.00
424 425  0  5 1.00
424 426  0  5 1.00
424 427  0  5 1.00
424 428  0  5 1.00
424 469  0  5 1.00
424 470  0  5 1.00
425 426  0  5 1.00
425 427  0  5 1.00
425 428  0  5 1.00
425 429  0  5 1.00
426 427  0  5 1.00
426 428  0  5 1.00
426 429  0  5 1.00
426 430  0  5 1.00
427 428  0  5 1.00
427 429  0  5 1.00
427 430  0  5 1.00
427 431  0  5 1.00
427 432  0  5 1.00
428 429  0  5 1.00
428 430  0  5 1.00
428 431  0  5 1.00
429 430  0  5 1.00
429 431  0  5 1.00
429 522  0  5 1.00
430 431  0  5 1.00
430 432  0  5 1.00
430 458  0  5 1.00
430 459  0  5 1.00
430 460  0  5 1.00
431 432  0  5 1.00
431 433  0  5 1.00
431 457  0  5 1.00
431 458  0  5 1.00
431 459  0  5 1.00
432 433  0  5 1.00
432 434  0  5 1.00
432 435  0  5 1.00
432 457  0  5 1.00
432 458  0  5 1.00
433 434  0  5 1.00
433 435  0  5 1.00
434 435  0  5 1.00
434 436  0  5 1.00
435 436  0  5 1.00
435 437  0  5 1.00
436 437  0  5 1.00
436 438  0  5 1.00
437 438  0  5 1.00
437 439  0  5 1.00
438 439  0  5 1.00
438 440  0  5 1.00
439 440  0  5 1.00
439 441  0  5 1.00
439 449  0  5 1.00
439 450  0  5 1.00
439 451  0  5 1.00
440 441  0  5 1.00
440 442  0  5 1.00
440 449  0  5 1.00
441 442  0  5 1.00
441 443  0  5 1.00
441 444  0  5 1.00
441 449  0  5 1.00
442 443  0  5 1.00
442 444  0  5 1.00
442 445  0  5 1.00
443 444  0  5 1.00
443 445  0  5 1.00
444 445  0  5 1.00
444 446  0  5 1.00
444 447  0  5 1.00
445 446  0  5 1.00
445 447  0  5 1.00
445 448  0  5 1.00
446 447  0  5 1.00
446 448  0  5 1.00
447 448  0  5 1.00
447 449  0  5 1.00
448 449  0  5 1.00
448 450  0  5 1.00
449 450  0  5 1.00
449 451  0  5 1.00
450 451  0  5 1.00
450 452  0  5 1.00
451 452  0  5 1.00
451 453  0  5 1.00
452 453  0  5 1.00
452 454  0  5 1.00
453 454  0  5 1.00
453 455  0  5 1.00
454 455  0  5 1.00
454 456  0  5 1.00
455 456  0  5 1.00
455 457  0  5 1.00
455 458  0  5 1.00
456 457  0  5 1.00
456 458  0  5 1.00
457 458  0  5 1.00
457 459  0  5 1.00
457 460  0  5 1.00
458 459  0  5 1.00
458 460  0  5 1.00
459 460  0  5 1.00
459 461  0  5 1.00
460 461  0  5 1.00
460 462  0  5 1.00
461 462  0  5 1.00
461 463  0  5 1.00
461 464  0  5 1.00
462 463  0  5 1.00
462 464  0  5 1.00
462 517  0  5 1.00
462 518  0  5 1.00
462 521  0  5 1.00
463 464  0  5 1.00
463 465  0  5 1.00
464 465  0  5 1.00
464 466  0  5 1.00
465 466  0  5 1.00
465 467  0  5 1.00
466 467  0  5 1.00
466 468  0  5 1.00
466 469  0  5 1.00
466 470  0  5 1.00
467 468  0  5 1.00
467 469  0  5 1.00
467 470  0  5 1.00
467 471  0  5 1.00
468 469  0  5 1.00
468 470  0  5 1.00
468 471  0  5 1.00
469 470  0  5 1.00
469 471  0  5 1.00
469 472  0  5 1.00
470 471  0  5 1.00
470 472  0  5 1.00
470 473  0  5 1.00
470 474  0  5 1.00
471 472  0  5 1.00
471 473  0  5 1.00
471 474  0  5 1.00
471 475  0  5 1.00
471 476  0  5 1.00
472 473  0  5 1.00
472 474  0  5 1.00
472 475  0  5 1.00
472 476  0  5 1.00
472 477  0  5 1.00
473 474  0  5 1.00
473 475  0  5 1.00
473 476  0  5 1.00
473 477  0  5 1.00
473 478  0  5 1.00
474 475  0  5 1.00
474 476  0  5 1.00
474 477  0  5 1.00
475 476  0  5 1.00
475 477  0  5 1.00
476 477  0  5 1.00
476 478  0  5 1.00
477 478  0  5 1.00
477 479  0  5 1.00
477 544  0  5 1.00
477 545  0  5 1.00
478 479  0  5 1.00
478 480  0  5 1.00
478 545  0  5 1.00
479 480  0  5 1.00
479 481  0  5 1.00
479 545  0  5 1.00
479 546  0  5 1.00
479 547  0  5 1.00
480 481  0  5 1.00
480 482  0  5 1.00
480 483  0  5 1.00
480 484  0  5 1.00
480 485  0  5 1.00
480 547  0  5 1.00
481 482  0  5 1.00
481 483  0  5 1.00
481 484  0  5 1.00
481 485  0  5 1.00
481 486  0  5 1.00
481 547  0  5 1.00
481 548  0  5 1.00
482 483  0  5 1.00
482 484  0  5 1.00
482 485  0  5 1.00
482 486  0  5 1.00
482 547  0  5 1.00
483 484  0  5 1.00
483 485  0  5 1.00
483 486  0  5 1.00
483 487  0  5 1.00
484 485  0  5 1.00
484 486  0  5 1.00
484 487  0  5 1.00
484 488  0  5 1.00
485 486  0  5 1.00
485 487  0  5 1.00
485 488  0  5 1.00
485 489  0  5 1.00
486 487  0  5 1.00
486 488  0  5 1.00
486 489  0  5 1.00
486 490  0  5 1.00
486 491  0  5 1.00
487 488  0  5 1.00
487 489  0  5 1.00
487 490  0  5 1.00
487 491  0  5 1.00
488 489  0  5 1.00
488 490  0  5 1.00
488 491  0  5 1.00
488 492  0  5 1.00
489 490  0  5 1.00
489 491  0  5 1.00
489 492  0  5 1.00
489 495  0  5 1.00
489 496  0  5 1.00
490 491  0  5 1.00
490 492  0  5 1.00
490 495  0  5 1.00
490 496  0  5 1.00
490 497  0  5 1.00
491 492  0  5 1.00
491 493  0  5 1.00
491 496  0  5 1.00
492 493  0  5 1.00
492 494  0  5 1.00
492 495  0  5 1.00
492 496  0  5 1.00
493 494  0  5 1.00
493 495  0  5 1.00
493 496  0  5 1.00
494 495  0  5 1.00
494 496  0  5 1.00
495 496  0  5 1.00
495 497  0  5 1.00
495 499  0  5 1.00
495 500  0  5 1.00
496 497  0  5 1.00
496 498  0  5 1.00
496 499  0  5 1.00
496 500  0  5 1.00
496 501  0  5 1.00
497 498  0  5 1.00
497 499  0  5 1.00
497 500  0  5 1.00
497 501  0  5 1.00
497 502  0  5 1.00
498 499  0  5 1.00
498 500  0  5 1.00
498 501  0  5 1.00
498 502  0  5 1.00
498 503  0  5 1.00
498 519  0  5 1.00
499 500  0  5 1.00
499 501  0  5 1.00
499 502  0  5 1.00
499 503  0  5 1.00
500 501  0  5 1.00
500 502  0  5 1.00
500 503  0  5 1.00
500 504  0  5 1.00
501 502  0  5 1.00
501 503  0  5 1.00
501 504  0  5 1.00
501 505  0  5 1.00
501 506  0  5 1.00
502 503  0  5 1.00
502 504  0  5 1.00
502 505  0  5 1.00
502 506  0  5 1.00
503 504  0  5 1.00
503 505  0  5 1.00
503 506  0  5 1.00
503 507  0  5 1.00
504 505  0  5 1.00
504 506  0  5 1.00
504 507  0  5 1.00
504 508  0  5 1.00
505 506  0  5 1.00
505 507  0  5 1.00
505 508  0  5 1.00
505 511  0  5 1.00
505 513  0  5 1.00
506 507  0  5 1.00
506 508  0  5 1.00
507 508  0  5 1.00
507 509  0  5 1.00
508 509  0  5 1.00
508 510  0  5 1.00
508 511  0  5 1.00
509 510  0  5 1.00
509 511  0  5 1.00
510 511  0  5 1.00
510 512  0  5 1.00
510 513  0  5 1.00
511 512  0  5 1.00
511 513  0  5 1.00
512 513  0  5 1.00
512 514  0  5 1.00
512 515  0  5 1.00
513 514  0  5 1.00
513 515  0  5 1.00
514 515  0  5 1.00
514 516  0  5 1.00
515 516  0  5 1.00
515 517  0  5 1.00
515 518  0  5 1.00
515 519  0  5 1.00
516 517  0  5 1.00
516 518  0  5 1.00
516 519  0  5 1.00
516 520  0  5 1.00
517 518  0  5 1.00
517 519  0  5 1.00
517 520  0  5 1.00
517 521  0  5 1.00
518 519  0  5 1.00
518 520  0  5 1.00
518 521  0  5 1.00
518 522  0  5 1.00
519 520  0  5 1.00
519 521  0  5 1.00
519 522  0  5 1.00
519 523  0  5 1.00
520 521  0  5 1.00
520 522  0  5 1.00
520 523  0  5 1.00
520 524  0  5 1.00
521 522  0  5 1.00
521 523  0  5 1.00
521 524  0  5 1.00
521 525  0  5 1.00
521 526  0  5 1.00
522 523  0  5 1.00
522 524  0  5 1.00
522 525  0  5 1.00
522 526  0  5 1.00
523 524  0  5 1.00
523 525  0  5 1.00
523 526  0  5 1.00
523 527  0  5 1.00
524 525  0  5 1.00
524 526  0  5 1.00
524 527  0  5 1.00
524 528  0  5 1.00
525 526  0  5 1.00
525 527  0  5 1.00
525 528  0  5 1.00
525 529  0  5 1.00
526 527  0  5 1.00
526 528  0  5 1.00
526 529  0  5 1.00
526 530  0  5 1.00
527 528  0  5 1.00
527 529  0  5 1.00
527 530  0  5 1.00
527 531  0  5 1.00
528 529  0  5 1.00
528 530  0  5 1.00
528 531  0  5 1.00
528 532  0  5 1.00
529 530  0  5 1.00
529 531  0  5 1.00
529 532  0  5 1.00
529 533  0  5 1.00
530 531  0  5 1.00
530 532  0  5 1.00
530 533  0  5 1.00
530 534  0  5 1.00
531 532  0  5 1.00
531 533  0  5 1.00
531 534  0  5 1.00
531 535  0  5 1.00
531 536  0  5 1.00
532 533  0  5 1.00
532 534  0  5 1.00
532 535  0  5 1.00
532 536  0  5 1.00
532 537  0  5 1.00
533 534  0  5 1.00
533 535  0  5 1.00
533 536  0  5 1.00
533 537  0  5 1.00
533 538  0  5 1.00
534 535  0  5 1.00
534 536  0  5 1.00
534 537  0  5 1.00
534 538  0  5 1.00
535 536  0  5 1.00
535 537  0  5 1.00
535 538  0  5 1.00
535 539  0  5 1.00
536 537  0  5 1.00
536 538  0  5 1.00
536 539  0  5 1.00
536 540  0  5 1.00
536 541  0  5 1.00
537 538  0  5 1.00
537 539  0  5 1.00
537 540  0  5 1.00
537 541  0  5 1.00
537 542  0  5 1.00
538 539  0  5 1.00
538 540  0  5 1.00
538 541  0  5 1.00
539 540  0  5 1.00
539 541  0  5 1.00
540 541  0  5 1.00
540 542  0  5 1.00
540 544  0  5 1.00
540 545  0  5 1.00
541 542  0  5 1.00
541 543  0  5 1.00
541 544  0  5 1.00
541 545  0  5 1.00
541 546  0  5 1.00
542 543  0  5 1.00
542 544  0  5 1.00
542 545  0  5 1.00
542 546  0  5 1.00
543 544  0  5 1.00
543 545  0  5 1.00
543 546  0  5 1.00
543 547  0  5 1.00
544 545  0  5 1.00
544 546  0  5 1.00
545 546  0  5 1.00
545 547  0  5 1.00
546 547  0  5 1.00
546 548  0  5 1.00
547 548  0  5 1.00
547 549  0  5 1.00
548 549  0  5 1.00
548 550  0  5 1.00
549 550  0  5 1.00
549 551  0  5 1.00
550 551  0  5 1.00
550 552  0  5 1.00
550 553  0  5 1.00
551 552  0  5 1.00
551 553  0  5 1.00
552 553  0  5 1.00
552 554  0  5 1.00
553 554  0  5 1.00
END
HELX_P HELX_P1   AA1 SER A 134 ? HIS A 142 ? SER A 134 HIS A 142 1 ? 9  
HELX_P HELX_P2   AA2 PRO A 143 ? ARG A 146 ? PRO A 143 ARG A 146 5 ? 4  
HELX_P HELX_P3   AA3 PRO A 200 ? GLY A 208 ? PRO A 200 GLY A 208 1 ? 9  
HELX_P HELX_P4   AA4 ASN A 219 ? GLN A 232 ? ASN A 219 GLN A 232 1 ? 14 
HELX_P HELX_P5   AA5 PHE A 276 ? ASP A 280 ? PHE A 276 ASP A 280 5 ? 5  
HELX_P HELX_P6   AA6 ARG A 283 ? LEU A 297 ? ARG A 283 LEU A 297 1 ? 15 
HELX_P HELX_P7   AA7 ILE A 316 ? THR A 320 ? ILE A 316 THR A 320 5 ? 5  
HELX_P HELX_P8   AA8 ASP A 322 ? ARG A 327 ? ASP A 322 ARG A 327 1 ? 6  
HELX_P HELX_P9   AA9 SER A 348 ? ALA A 352 ? SER A 348 ALA A 352 5 ? 5  
HELX_P HELX_P10  AB1 ALA A 393 ? VAL A 397 ? ALA A 393 VAL A 397 5 ? 5  
HELX_P HELX_P11  AB2 TYR A 401 ? LYS A 406 ? TYR A 401 LYS A 406 1 ? 6  
HELX_P HELX_P12  AB3 ARG A 416 ? GLY A 431 ? ARG A 416 GLY A 431 1 ? 16 
HELX_P HELX_P13  AB4 GLU A 466 ? ILE A 469 ? GLU A 466 ILE A 469 5 ? 4  
HELX_P HELX_P14  AB5 LEU A 470 ? CYS A 477 ? LEU A 470 CYS A 477 1 ? 8  
HELX_P HELX_P15  AB6 ARG A 481 ? LEU A 490 ? ARG A 481 LEU A 490 1 ? 10 
HELX_P HELX_P16  AB7 LYS A 496 ? LEU A 505 ? LYS A 496 LEU A 505 1 ? 10 
HELX_P HELX_P17  AB8 LEU A 506 ? ASP A 508 ? LEU A 506 ASP A 508 5 ? 3  
HELX_P HELX_P18  AB9 ILE A 515 ? GLY A 541 ? ILE A 515 GLY A 541 1 ? 27 
