5yqs 765
  4   5  0  5 1.00
  4   6  0  5 1.00
  5   6  0  5 1.00
  5   7  0  5 1.00
  5   8  0  5 1.00
  5   9  0  5 1.00
  6   7  0  5 1.00
  6   8  0  5 1.00
  6   9  0  5 1.00
  6  17  0  5 1.00
  7   8  0  5 1.00
  7   9  0  5 1.00
  7  17  0  5 1.00
  8   9  0  5 1.00
  8  10  0  5 1.00
  9  10  0  5 1.00
  9  11  0  5 1.00
  9  12  0  5 1.00
 10  11  0  5 1.00
 10  12  0  5 1.00
 11  12  0  5 1.00
 11  13  0  5 1.00
 12  13  0  5 1.00
 12  14  0  5 1.00
 13  14  0  5 1.00
 13  15  0  5 1.00
 13  16  0  5 1.00
 13  17  0  5 1.00
 14  15  0  5 1.00
 14  16  0  5 1.00
 14  17  0  5 1.00
 14  18  0  5 1.00
 15  16  0  5 1.00
 15  17  0  5 1.00
 15  18  0  5 1.00
 15  19  0  5 1.00
 16  17  0  5 1.00
 16  18  0  5 1.00
 16  19  0  5 1.00
 16  20  0  5 1.00
 16  21  0  5 1.00
 17  18  0  5 1.00
 17  19  0  5 1.00
 17  20  0  5 1.00
 17  21  0  5 1.00
 17  22  0  5 1.00
 18  19  0  5 1.00
 18  20  0  5 1.00
 18  21  0  5 1.00
 18  22  0  5 1.00
 18  23  0  5 1.00
 19  20  0  5 1.00
 19  21  0  5 1.00
 19  22  0  5 1.00
 19  23  0  5 1.00
 20  21  0  5 1.00
 20  22  0  5 1.00
 20  23  0  5 1.00
 20  24  0  5 1.00
 21  22  0  5 1.00
 21  23  0  5 1.00
 21  24  0  5 1.00
 21  25  0  5 1.00
 22  23  0  5 1.00
 22  24  0  5 1.00
 22  25  0  5 1.00
 23  24  0  5 1.00
 23  25  0  5 1.00
 24  25  0  5 1.00
 24  26  0  5 1.00
 25  26  0  5 1.00
 25  27  0  5 1.00
 26  27  0  5 1.00
 26  28  0  5 1.00
 26  29  0  5 1.00
 26  30  0  5 1.00
 27  28  0  5 1.00
 27  29  0  5 1.00
 27  30  0  5 1.00
 27  31  0  5 1.00
 28  29  0  5 1.00
 28  30  0  5 1.00
 28  31  0  5 1.00
 28  32  0  5 1.00
 28  60  0  5 1.00
 29  30  0  5 1.00
 29  31  0  5 1.00
 29  32  0  5 1.00
 29  33  0  5 1.00
 30  31  0  5 1.00
 30  32  0  5 1.00
 30  33  0  5 1.00
 30  34  0  5 1.00
 31  32  0  5 1.00
 31  33  0  5 1.00
 31  34  0  5 1.00
 31  35  0  5 1.00
 31  61  0  5 1.00
 32  33  0  5 1.00
 32  34  0  5 1.00
 32  35  0  5 1.00
 32  60  0  5 1.00
 32  61  0  5 1.00
 32  62  0  5 1.00
 32  63  0  5 1.00
 32  64  0  5 1.00
 33  34  0  5 1.00
 33  35  0  5 1.00
 33  64  0  5 1.00
 33  65  0  5 1.00
 34  35  0  5 1.00
 34  36  0  5 1.00
 34 312  0  5 1.00
 34 313  0  5 1.00
 34 314  0  5 1.00
 35  36  0  5 1.00
 35  37  0  5 1.00
 35  61  0  5 1.00
 35  62  0  5 1.00
 35  63  0  5 1.00
 35  64  0  5 1.00
 35  65  0  5 1.00
 35 314  0  5 1.00
 36  37  0  5 1.00
 36  38  0  5 1.00
 36  62  0  5 1.00
 36  65  0  5 1.00
 36 314  0  5 1.00
 36 315  0  5 1.00
 36 316  0  5 1.00
 37  38  0  5 1.00
 37  39  0  5 1.00
 37  62  0  5 1.00
 37  65  0  5 1.00
 37  66  0  5 1.00
 37  67  0  5 1.00
 38  39  0  5 1.00
 38  40  0  5 1.00
 38  41  0  5 1.00
 38  42  0  5 1.00
 38  66  0  5 1.00
 38  67  0  5 1.00
 39  40  0  5 1.00
 39  41  0  5 1.00
 39  42  0  5 1.00
 39  43  0  5 1.00
 39  67  0  5 1.00
 40  41  0  5 1.00
 40  42  0  5 1.00
 40  43  0  5 1.00
 40  44  0  5 1.00
 41  42  0  5 1.00
 41  43  0  5 1.00
 41  51  0  5 1.00
 41  54  0  5 1.00
 41  55  0  5 1.00
 42  43  0  5 1.00
 42  44  0  5 1.00
 42  49  0  5 1.00
 42  50  0  5 1.00
 42  51  0  5 1.00
 42  54  0  5 1.00
 42  55  0  5 1.00
 43  44  0  5 1.00
 43  45  0  5 1.00
 43  49  0  5 1.00
 43  51  0  5 1.00
 44  45  0  5 1.00
 44  46  0  5 1.00
 44  47  0  5 1.00
 44  48  0  5 1.00
 44  49  0  5 1.00
 45  46  0  5 1.00
 45  47  0  5 1.00
 45  48  0  5 1.00
 46  47  0  5 1.00
 46  48  0  5 1.00
 47  48  0  5 1.00
 47  49  0  5 1.00
 48  49  0  5 1.00
 48  50  0  5 1.00
 49  50  0  5 1.00
 49  51  0  5 1.00
 50  51  0  5 1.00
 50  52  0  5 1.00
 51  52  0  5 1.00
 51  53  0  5 1.00
 51  54  0  5 1.00
 51  55  0  5 1.00
 52  53  0  5 1.00
 52  54  0  5 1.00
 52  55  0  5 1.00
 52  56  0  5 1.00
 52  57  0  5 1.00
 53  54  0  5 1.00
 53  55  0  5 1.00
 53  56  0  5 1.00
 53  57  0  5 1.00
 53  58  0  5 1.00
 54  55  0  5 1.00
 54  56  0  5 1.00
 54  57  0  5 1.00
 54  58  0  5 1.00
 55  56  0  5 1.00
 55  57  0  5 1.00
 55  58  0  5 1.00
 55  59  0  5 1.00
 55  60  0  5 1.00
 56  57  0  5 1.00
 56  58  0  5 1.00
 56  59  0  5 1.00
 56  60  0  5 1.00
 57  58  0  5 1.00
 57  59  0  5 1.00
 57  60  0  5 1.00
 57  61  0  5 1.00
 57  62  0  5 1.00
 58  59  0  5 1.00
 58  60  0  5 1.00
 58  61  0  5 1.00
 58  62  0  5 1.00
 58  63  0  5 1.00
 59  60  0  5 1.00
 59  61  0  5 1.00
 59  62  0  5 1.00
 59  63  0  5 1.00
 60  61  0  5 1.00
 60  62  0  5 1.00
 61  62  0  5 1.00
 61  63  0  5 1.00
 62  63  0  5 1.00
 62  64  0  5 1.00
 62  65  0  5 1.00
 63  64  0  5 1.00
 63  65  0  5 1.00
 63  96  0  5 1.00
 63  98  0  5 1.00
 64  65  0  5 1.00
 64  66  0  5 1.00
 64  97  0  5 1.00
 64  98  0  5 1.00
 64  99  0  5 1.00
 65  66  0  5 1.00
 65  67  0  5 1.00
 65  98  0  5 1.00
 65  99  0  5 1.00
 66  67  0  5 1.00
 66  68  0  5 1.00
 66  99  0  5 1.00
 66 100  0  5 1.00
 66 101  0  5 1.00
 67  68  0  5 1.00
 67  69  0  5 1.00
 67 101  0  5 1.00
 68  69  0  5 1.00
 68  70  0  5 1.00
 68 101  0  5 1.00
 69  70  0  5 1.00
 69  71  0  5 1.00
 69 101  0  5 1.00
 69 102  0  5 1.00
 69 109  0  5 1.00
 70  71  0  5 1.00
 70  72  0  5 1.00
 70 109  0  5 1.00
 71  72  0  5 1.00
 71  73  0  5 1.00
 72  73  0  5 1.00
 72  74  0  5 1.00
 72 111  0  5 1.00
 73  74  0  5 1.00
 73  75  0  5 1.00
 73  76  0  5 1.00
 73  77  0  5 1.00
 74  75  0  5 1.00
 74  76  0  5 1.00
 74  77  0  5 1.00
 74  78  0  5 1.00
 75  76  0  5 1.00
 75  77  0  5 1.00
 75  78  0  5 1.00
 75  79  0  5 1.00
 75  80  0  5 1.00
 76  77  0  5 1.00
 76  78  0  5 1.00
 76  79  0  5 1.00
 76  80  0  5 1.00
 77  78  0  5 1.00
 77  79  0  5 1.00
 77  80  0  5 1.00
 77  81  0  5 1.00
 77  82  0  5 1.00
 77 145  0  5 1.00
 78  79  0  5 1.00
 78  80  0  5 1.00
 78  81  0  5 1.00
 78  82  0  5 1.00
 78  83  0  5 1.00
 78 145  0  5 1.00
 79  80  0  5 1.00
 79  81  0  5 1.00
 79  82  0  5 1.00
 79  83  0  5 1.00
 80  81  0  5 1.00
 80  82  0  5 1.00
 80  83  0  5 1.00
 80  84  0  5 1.00
 81  82  0  5 1.00
 81  83  0  5 1.00
 81  84  0  5 1.00
 81  85  0  5 1.00
 82  83  0  5 1.00
 82  84  0  5 1.00
 82  85  0  5 1.00
 82  86  0  5 1.00
 82  87  0  5 1.00
 83  84  0  5 1.00
 83  85  0  5 1.00
 83  86  0  5 1.00
 83  87  0  5 1.00
 84  85  0  5 1.00
 84  86  0  5 1.00
 84  87  0  5 1.00
 84  88  0  5 1.00
 85  86  0  5 1.00
 85  87  0  5 1.00
 85  88  0  5 1.00
 85  89  0  5 1.00
 86  87  0  5 1.00
 86  88  0  5 1.00
 86  89  0  5 1.00
 86  90  0  5 1.00
 86  91  0  5 1.00
 87  88  0  5 1.00
 87  89  0  5 1.00
 87  90  0  5 1.00
 87  91  0  5 1.00
 87  92  0  5 1.00
 88  89  0  5 1.00
 88  90  0  5 1.00
 88  91  0  5 1.00
 88  92  0  5 1.00
 88  95  0  5 1.00
 89  90  0  5 1.00
 89  91  0  5 1.00
 89  92  0  5 1.00
 89  95  0  5 1.00
 90  91  0  5 1.00
 90  92  0  5 1.00
 91  92  0  5 1.00
 91  93  0  5 1.00
 92  93  0  5 1.00
 92  94  0  5 1.00
 92  95  0  5 1.00
 93  94  0  5 1.00
 93  95  0  5 1.00
 94  95  0  5 1.00
 94  96  0  5 1.00
 95  96  0  5 1.00
 95  97  0  5 1.00
 96  97  0  5 1.00
 96  98  0  5 1.00
 97  98  0  5 1.00
 97  99  0  5 1.00
 98  99  0  5 1.00
 98 100  0  5 1.00
 99 100  0  5 1.00
 99 101  0  5 1.00
100 101  0  5 1.00
100 102  0  5 1.00
100 147  0  5 1.00
100 148  0  5 1.00
100 149  0  5 1.00
101 102  0  5 1.00
101 103  0  5 1.00
101 149  0  5 1.00
102 103  0  5 1.00
102 104  0  5 1.00
102 149  0  5 1.00
102 150  0  5 1.00
102 151  0  5 1.00
103 104  0  5 1.00
103 105  0  5 1.00
103 107  0  5 1.00
103 108  0  5 1.00
103 109  0  5 1.00
103 151  0  5 1.00
104 105  0  5 1.00
104 106  0  5 1.00
104 107  0  5 1.00
104 108  0  5 1.00
104 109  0  5 1.00
104 151  0  5 1.00
105 106  0  5 1.00
105 107  0  5 1.00
106 107  0  5 1.00
106 108  0  5 1.00
106 114  0  5 1.00
106 115  0  5 1.00
106 116  0  5 1.00
106 117  0  5 1.00
107 108  0  5 1.00
107 109  0  5 1.00
107 114  0  5 1.00
107 423  0  5 1.00
108 109  0  5 1.00
108 110  0  5 1.00
108 113  0  5 1.00
108 114  0  5 1.00
109 110  0  5 1.00
109 111  0  5 1.00
110 111  0  5 1.00
110 112  0  5 1.00
110 113  0  5 1.00
111 112  0  5 1.00
111 113  0  5 1.00
112 113  0  5 1.00
112 114  0  5 1.00
112 373  0  5 1.00
113 114  0  5 1.00
113 115  0  5 1.00
113 373  0  5 1.00
114 115  0  5 1.00
114 116  0  5 1.00
114 373  0  5 1.00
115 116  0  5 1.00
115 117  0  5 1.00
115 558  0  5 1.00
115 559  0  5 1.00
116 117  0  5 1.00
116 118  0  5 1.00
116 557  0  5 1.00
116 558  0  5 1.00
117 118  0  5 1.00
117 119  0  5 1.00
117 556  0  5 1.00
117 557  0  5 1.00
117 558  0  5 1.00
118 119  0  5 1.00
118 120  0  5 1.00
118 121  0  5 1.00
118 122  0  5 1.00
118 167  0  5 1.00
118 556  0  5 1.00
118 557  0  5 1.00
119 120  0  5 1.00
119 121  0  5 1.00
119 122  0  5 1.00
119 123  0  5 1.00
119 167  0  5 1.00
119 168  0  5 1.00
119 169  0  5 1.00
119 170  0  5 1.00
120 121  0  5 1.00
120 122  0  5 1.00
120 123  0  5 1.00
120 124  0  5 1.00
120 166  0  5 1.00
120 167  0  5 1.00
120 168  0  5 1.00
120 169  0  5 1.00
120 170  0  5 1.00
120 171  0  5 1.00
121 122  0  5 1.00
121 123  0  5 1.00
121 124  0  5 1.00
121 125  0  5 1.00
121 388  0  5 1.00
121 555  0  5 1.00
122 123  0  5 1.00
122 124  0  5 1.00
122 125  0  5 1.00
122 126  0  5 1.00
123 124  0  5 1.00
123 125  0  5 1.00
123 126  0  5 1.00
123 170  0  5 1.00
123 578  0  5 1.00
124 125  0  5 1.00
124 126  0  5 1.00
124 387  0  5 1.00
124 388  0  5 1.00
124 576  0  5 1.00
124 577  0  5 1.00
124 578  0  5 1.00
124 580  0  5 1.00
125 126  0  5 1.00
125 127  0  5 1.00
125 387  0  5 1.00
125 388  0  5 1.00
125 578  0  5 1.00
126 127  0  5 1.00
126 128  0  5 1.00
126 701  0  5 1.00
127 128  0  5 1.00
127 129  0  5 1.00
127 130  0  5 1.00
127 131  0  5 1.00
128 129  0  5 1.00
128 130  0  5 1.00
128 131  0  5 1.00
128 132  0  5 1.00
128 183  0  5 1.00
129 130  0  5 1.00
129 131  0  5 1.00
129 132  0  5 1.00
129 133  0  5 1.00
130 131  0  5 1.00
130 132  0  5 1.00
130 133  0  5 1.00
130 134  0  5 1.00
131 132  0  5 1.00
131 133  0  5 1.00
131 134  0  5 1.00
131 135  0  5 1.00
131 184  0  5 1.00
132 133  0  5 1.00
132 134  0  5 1.00
132 135  0  5 1.00
132 136  0  5 1.00
132 183  0  5 1.00
132 184  0  5 1.00
132 187  0  5 1.00
133 134  0  5 1.00
133 135  0  5 1.00
133 136  0  5 1.00
133 137  0  5 1.00
134 135  0  5 1.00
134 136  0  5 1.00
134 137  0  5 1.00
134 138  0  5 1.00
134 139  0  5 1.00
135 136  0  5 1.00
135 137  0  5 1.00
135 138  0  5 1.00
135 139  0  5 1.00
135 140  0  5 1.00
135 184  0  5 1.00
135 187  0  5 1.00
135 188  0  5 1.00
136 137  0  5 1.00
136 138  0  5 1.00
136 139  0  5 1.00
136 140  0  5 1.00
136 187  0  5 1.00
136 188  0  5 1.00
137 138  0  5 1.00
137 139  0  5 1.00
137 140  0  5 1.00
137 141  0  5 1.00
138 139  0  5 1.00
138 140  0  5 1.00
138 141  0  5 1.00
138 142  0  5 1.00
138 143  0  5 1.00
139 140  0  5 1.00
139 141  0  5 1.00
139 142  0  5 1.00
139 143  0  5 1.00
139 144  0  5 1.00
140 141  0  5 1.00
140 142  0  5 1.00
140 143  0  5 1.00
140 144  0  5 1.00
140 371  0  5 1.00
141 142  0  5 1.00
141 143  0  5 1.00
141 144  0  5 1.00
141 145  0  5 1.00
141 371  0  5 1.00
141 372  0  5 1.00
142 143  0  5 1.00
142 144  0  5 1.00
142 145  0  5 1.00
142 146  0  5 1.00
142 147  0  5 1.00
143 144  0  5 1.00
143 145  0  5 1.00
143 146  0  5 1.00
143 147  0  5 1.00
143 361  0  5 1.00
143 362  0  5 1.00
143 363  0  5 1.00
144 145  0  5 1.00
144 146  0  5 1.00
144 362  0  5 1.00
144 363  0  5 1.00
145 146  0  5 1.00
145 147  0  5 1.00
145 362  0  5 1.00
145 363  0  5 1.00
146 147  0  5 1.00
146 148  0  5 1.00
146 361  0  5 1.00
146 362  0  5 1.00
147 148  0  5 1.00
147 149  0  5 1.00
148 149  0  5 1.00
148 150  0  5 1.00
148 192  0  5 1.00
148 193  0  5 1.00
148 194  0  5 1.00
149 150  0  5 1.00
149 151  0  5 1.00
149 193  0  5 1.00
149 194  0  5 1.00
150 151  0  5 1.00
150 152  0  5 1.00
150 194  0  5 1.00
150 195  0  5 1.00
150 196  0  5 1.00
151 152  0  5 1.00
151 153  0  5 1.00
151 196  0  5 1.00
152 153  0  5 1.00
152 154  0  5 1.00
152 195  0  5 1.00
152 196  0  5 1.00
152 197  0  5 1.00
153 154  0  5 1.00
153 155  0  5 1.00
153 196  0  5 1.00
153 197  0  5 1.00
153 198  0  5 1.00
154 155  0  5 1.00
154 156  0  5 1.00
154 168  0  5 1.00
154 169  0  5 1.00
154 170  0  5 1.00
154 198  0  5 1.00
155 156  0  5 1.00
155 157  0  5 1.00
155 198  0  5 1.00
155 199  0  5 1.00
155 226  0  5 1.00
155 229  0  5 1.00
156 157  0  5 1.00
156 158  0  5 1.00
156 169  0  5 1.00
156 170  0  5 1.00
156 171  0  5 1.00
156 198  0  5 1.00
156 199  0  5 1.00
157 158  0  5 1.00
157 159  0  5 1.00
157 160  0  5 1.00
157 171  0  5 1.00
157 172  0  5 1.00
157 204  0  5 1.00
158 159  0  5 1.00
158 160  0  5 1.00
158 171  0  5 1.00
158 172  0  5 1.00
159 160  0  5 1.00
159 161  0  5 1.00
159 172  0  5 1.00
159 204  0  5 1.00
159 591  0  5 1.00
160 161  0  5 1.00
160 162  0  5 1.00
160 163  0  5 1.00
160 204  0  5 1.00
160 205  0  5 1.00
161 162  0  5 1.00
161 163  0  5 1.00
162 163  0  5 1.00
162 164  0  5 1.00
162 209  0  5 1.00
162 504  0  5 1.00
162 505  0  5 1.00
162 506  0  5 1.00
163 164  0  5 1.00
163 165  0  5 1.00
163 166  0  5 1.00
163 209  0  5 1.00
163 504  0  5 1.00
163 505  0  5 1.00
164 165  0  5 1.00
164 166  0  5 1.00
164 167  0  5 1.00
164 209  0  5 1.00
164 500  0  5 1.00
164 501  0  5 1.00
164 502  0  5 1.00
164 504  0  5 1.00
164 505  0  5 1.00
165 166  0  5 1.00
165 167  0  5 1.00
165 168  0  5 1.00
165 169  0  5 1.00
165 501  0  5 1.00
165 502  0  5 1.00
166 167  0  5 1.00
166 168  0  5 1.00
166 169  0  5 1.00
166 536  0  5 1.00
167 168  0  5 1.00
167 169  0  5 1.00
167 536  0  5 1.00
168 169  0  5 1.00
168 170  0  5 1.00
169 170  0  5 1.00
169 171  0  5 1.00
170 171  0  5 1.00
170 172  0  5 1.00
170 177  0  5 1.00
170 580  0  5 1.00
171 172  0  5 1.00
171 173  0  5 1.00
171 580  0  5 1.00
171 581  0  5 1.00
172 173  0  5 1.00
172 174  0  5 1.00
172 580  0  5 1.00
172 581  0  5 1.00
173 174  0  5 1.00
173 175  0  5 1.00
173 176  0  5 1.00
173 177  0  5 1.00
173 178  0  5 1.00
173 580  0  5 1.00
174 175  0  5 1.00
174 176  0  5 1.00
174 177  0  5 1.00
174 178  0  5 1.00
174 225  0  5 1.00
174 229  0  5 1.00
175 176  0  5 1.00
175 177  0  5 1.00
175 178  0  5 1.00
175 179  0  5 1.00
175 696  0  5 1.00
176 177  0  5 1.00
176 178  0  5 1.00
176 179  0  5 1.00
176 180  0  5 1.00
176 181  0  5 1.00
177 178  0  5 1.00
177 179  0  5 1.00
177 180  0  5 1.00
177 181  0  5 1.00
177 182  0  5 1.00
177 229  0  5 1.00
178 179  0  5 1.00
178 180  0  5 1.00
178 181  0  5 1.00
178 182  0  5 1.00
178 228  0  5 1.00
178 229  0  5 1.00
178 232  0  5 1.00
178 233  0  5 1.00
179 180  0  5 1.00
179 181  0  5 1.00
179 182  0  5 1.00
179 183  0  5 1.00
180 181  0  5 1.00
180 182  0  5 1.00
180 183  0  5 1.00
180 184  0  5 1.00
180 185  0  5 1.00
181 182  0  5 1.00
181 183  0  5 1.00
181 184  0  5 1.00
181 185  0  5 1.00
181 186  0  5 1.00
181 233  0  5 1.00
182 183  0  5 1.00
182 184  0  5 1.00
182 185  0  5 1.00
182 186  0  5 1.00
182 232  0  5 1.00
182 233  0  5 1.00
183 184  0  5 1.00
183 185  0  5 1.00
183 186  0  5 1.00
183 187  0  5 1.00
184 185  0  5 1.00
184 186  0  5 1.00
184 187  0  5 1.00
184 188  0  5 1.00
184 189  0  5 1.00
185 186  0  5 1.00
185 187  0  5 1.00
185 188  0  5 1.00
185 189  0  5 1.00
185 190  0  5 1.00
186 187  0  5 1.00
186 188  0  5 1.00
186 189  0  5 1.00
186 190  0  5 1.00
187 188  0  5 1.00
187 189  0  5 1.00
187 190  0  5 1.00
187 191  0  5 1.00
188 189  0  5 1.00
188 190  0  5 1.00
188 191  0  5 1.00
188 192  0  5 1.00
188 193  0  5 1.00
189 190  0  5 1.00
189 191  0  5 1.00
189 192  0  5 1.00
189 193  0  5 1.00
190 191  0  5 1.00
190 192  0  5 1.00
191 192  0  5 1.00
191 193  0  5 1.00
192 193  0  5 1.00
192 194  0  5 1.00
192 353  0  5 1.00
193 194  0  5 1.00
193 195  0  5 1.00
194 195  0  5 1.00
194 196  0  5 1.00
195 196  0  5 1.00
195 197  0  5 1.00
195 240  0  5 1.00
195 241  0  5 1.00
196 197  0  5 1.00
196 198  0  5 1.00
196 241  0  5 1.00
196 242  0  5 1.00
196 243  0  5 1.00
197 198  0  5 1.00
197 199  0  5 1.00
197 200  0  5 1.00
197 241  0  5 1.00
197 242  0  5 1.00
197 243  0  5 1.00
198 199  0  5 1.00
198 200  0  5 1.00
198 243  0  5 1.00
199 200  0  5 1.00
199 201  0  5 1.00
199 202  0  5 1.00
199 203  0  5 1.00
199 243  0  5 1.00
199 244  0  5 1.00
199 245  0  5 1.00
200 201  0  5 1.00
200 202  0  5 1.00
200 243  0  5 1.00
200 244  0  5 1.00
200 245  0  5 1.00
200 254  0  5 1.00
201 202  0  5 1.00
201 203  0  5 1.00
201 245  0  5 1.00
202 203  0  5 1.00
202 204  0  5 1.00
202 205  0  5 1.00
203 204  0  5 1.00
203 205  0  5 1.00
203 206  0  5 1.00
203 213  0  5 1.00
204 205  0  5 1.00
204 206  0  5 1.00
205 206  0  5 1.00
205 207  0  5 1.00
205 214  0  5 1.00
205 215  0  5 1.00
205 216  0  5 1.00
206 207  0  5 1.00
206 208  0  5 1.00
206 209  0  5 1.00
206 210  0  5 1.00
206 213  0  5 1.00
206 214  0  5 1.00
207 208  0  5 1.00
207 209  0  5 1.00
207 210  0  5 1.00
207 213  0  5 1.00
207 214  0  5 1.00
208 209  0  5 1.00
208 210  0  5 1.00
209 210  0  5 1.00
209 211  0  5 1.00
209 505  0  5 1.00
210 211  0  5 1.00
210 212  0  5 1.00
210 213  0  5 1.00
211 212  0  5 1.00
211 213  0  5 1.00
212 213  0  5 1.00
212 214  0  5 1.00
212 246  0  5 1.00
212 247  0  5 1.00
213 214  0  5 1.00
213 215  0  5 1.00
213 247  0  5 1.00
214 215  0  5 1.00
214 216  0  5 1.00
214 248  0  5 1.00
215 216  0  5 1.00
215 217  0  5 1.00
215 248  0  5 1.00
215 249  0  5 1.00
215 250  0  5 1.00
215 251  0  5 1.00
216 217  0  5 1.00
216 218  0  5 1.00
216 250  0  5 1.00
217 218  0  5 1.00
217 219  0  5 1.00
217 250  0  5 1.00
218 219  0  5 1.00
218 220  0  5 1.00
218 221  0  5 1.00
218 222  0  5 1.00
219 220  0  5 1.00
219 221  0  5 1.00
219 222  0  5 1.00
219 223  0  5 1.00
219 224  0  5 1.00
220 221  0  5 1.00
220 222  0  5 1.00
220 223  0  5 1.00
220 224  0  5 1.00
220 225  0  5 1.00
221 222  0  5 1.00
221 223  0  5 1.00
221 224  0  5 1.00
221 225  0  5 1.00
221 226  0  5 1.00
222 223  0  5 1.00
222 224  0  5 1.00
222 225  0  5 1.00
222 226  0  5 1.00
222 227  0  5 1.00
223 224  0  5 1.00
223 225  0  5 1.00
223 226  0  5 1.00
223 227  0  5 1.00
223 228  0  5 1.00
224 225  0  5 1.00
224 226  0  5 1.00
225 226  0  5 1.00
225 227  0  5 1.00
225 228  0  5 1.00
226 227  0  5 1.00
226 228  0  5 1.00
226 229  0  5 1.00
226 230  0  5 1.00
227 228  0  5 1.00
227 229  0  5 1.00
227 230  0  5 1.00
227 231  0  5 1.00
228 229  0  5 1.00
228 230  0  5 1.00
228 231  0  5 1.00
228 232  0  5 1.00
229 230  0  5 1.00
229 231  0  5 1.00
229 232  0  5 1.00
229 233  0  5 1.00
230 231  0  5 1.00
230 232  0  5 1.00
230 233  0  5 1.00
230 234  0  5 1.00
230 235  0  5 1.00
231 232  0  5 1.00
231 233  0  5 1.00
231 234  0  5 1.00
231 235  0  5 1.00
231 236  0  5 1.00
232 233  0  5 1.00
232 234  0  5 1.00
232 235  0  5 1.00
232 236  0  5 1.00
232 237  0  5 1.00
233 234  0  5 1.00
233 235  0  5 1.00
233 236  0  5 1.00
233 237  0  5 1.00
233 238  0  5 1.00
233 239  0  5 1.00
234 235  0  5 1.00
234 236  0  5 1.00
234 237  0  5 1.00
234 238  0  5 1.00
234 239  0  5 1.00
235 236  0  5 1.00
235 237  0  5 1.00
235 238  0  5 1.00
236 237  0  5 1.00
236 238  0  5 1.00
237 238  0  5 1.00
237 239  0  5 1.00
238 239  0  5 1.00
238 240  0  5 1.00
239 240  0  5 1.00
239 241  0  5 1.00
240 241  0  5 1.00
240 242  0  5 1.00
240 273  0  5 1.00
240 274  0  5 1.00
241 242  0  5 1.00
241 243  0  5 1.00
241 274  0  5 1.00
242 243  0  5 1.00
242 244  0  5 1.00
242 274  0  5 1.00
242 275  0  5 1.00
242 276  0  5 1.00
243 244  0  5 1.00
243 245  0  5 1.00
243 276  0  5 1.00
244 245  0  5 1.00
244 246  0  5 1.00
244 276  0  5 1.00
244 277  0  5 1.00
244 278  0  5 1.00
245 246  0  5 1.00
245 247  0  5 1.00
245 254  0  5 1.00
245 255  0  5 1.00
246 247  0  5 1.00
246 248  0  5 1.00
247 248  0  5 1.00
247 249  0  5 1.00
247 252  0  5 1.00
247 253  0  5 1.00
247 254  0  5 1.00
247 255  0  5 1.00
248 249  0  5 1.00
248 250  0  5 1.00
248 251  0  5 1.00
248 252  0  5 1.00
248 253  0  5 1.00
248 254  0  5 1.00
249 250  0  5 1.00
249 251  0  5 1.00
249 252  0  5 1.00
249 253  0  5 1.00
249 254  0  5 1.00
250 251  0  5 1.00
250 252  0  5 1.00
251 252  0  5 1.00
251 253  0  5 1.00
252 253  0  5 1.00
252 254  0  5 1.00
253 254  0  5 1.00
253 255  0  5 1.00
253 256  0  5 1.00
253 257  0  5 1.00
254 255  0  5 1.00
254 256  0  5 1.00
254 257  0  5 1.00
255 256  0  5 1.00
255 257  0  5 1.00
255 305  0  5 1.00
255 306  0  5 1.00
255 311  0  5 1.00
256 257  0  5 1.00
256 258  0  5 1.00
256 305  0  5 1.00
256 306  0  5 1.00
256 309  0  5 1.00
257 258  0  5 1.00
257 259  0  5 1.00
257 260  0  5 1.00
257 261  0  5 1.00
257 262  0  5 1.00
257 309  0  5 1.00
258 259  0  5 1.00
258 260  0  5 1.00
258 261  0  5 1.00
258 262  0  5 1.00
258 263  0  5 1.00
258 309  0  5 1.00
259 260  0  5 1.00
259 261  0  5 1.00
259 262  0  5 1.00
259 263  0  5 1.00
259 264  0  5 1.00
259 265  0  5 1.00
260 261  0  5 1.00
260 262  0  5 1.00
260 263  0  5 1.00
260 264  0  5 1.00
260 265  0  5 1.00
261 262  0  5 1.00
261 263  0  5 1.00
261 265  0  5 1.00
261 266  0  5 1.00
261 309  0  5 1.00
261 310  0  5 1.00
262 263  0  5 1.00
262 264  0  5 1.00
262 265  0  5 1.00
262 266  0  5 1.00
262 267  0  5 1.00
262 309  0  5 1.00
263 264  0  5 1.00
263 265  0  5 1.00
263 266  0  5 1.00
263 267  0  5 1.00
263 268  0  5 1.00
264 265  0  5 1.00
264 266  0  5 1.00
264 267  0  5 1.00
264 268  0  5 1.00
264 269  0  5 1.00
265 266  0  5 1.00
265 267  0  5 1.00
265 268  0  5 1.00
265 269  0  5 1.00
265 270  0  5 1.00
265 271  0  5 1.00
266 267  0  5 1.00
266 268  0  5 1.00
266 269  0  5 1.00
266 270  0  5 1.00
266 271  0  5 1.00
267 268  0  5 1.00
267 269  0  5 1.00
267 270  0  5 1.00
268 269  0  5 1.00
268 270  0  5 1.00
269 270  0  5 1.00
269 271  0  5 1.00
270 271  0  5 1.00
270 272  0  5 1.00
271 272  0  5 1.00
271 273  0  5 1.00
272 273  0  5 1.00
272 274  0  5 1.00
272 345  0  5 1.00
273 274  0  5 1.00
273 275  0  5 1.00
273 345  0  5 1.00
274 275  0  5 1.00
274 276  0  5 1.00
274 345  0  5 1.00
275 276  0  5 1.00
275 277  0  5 1.00
275 310  0  5 1.00
275 311  0  5 1.00
275 312  0  5 1.00
275 313  0  5 1.00
276 277  0  5 1.00
276 278  0  5 1.00
276 313  0  5 1.00
277 278  0  5 1.00
277 279  0  5 1.00
277 313  0  5 1.00
277 314  0  5 1.00
277 315  0  5 1.00
278 279  0  5 1.00
278 280  0  5 1.00
278 281  0  5 1.00
278 282  0  5 1.00
278 315  0  5 1.00
278 316  0  5 1.00
279 280  0  5 1.00
279 281  0  5 1.00
279 316  0  5 1.00
279 317  0  5 1.00
280 281  0  5 1.00
280 282  0  5 1.00
280 283  0  5 1.00
280 284  0  5 1.00
280 315  0  5 1.00
280 316  0  5 1.00
280 317  0  5 1.00
280 318  0  5 1.00
281 282  0  5 1.00
281 283  0  5 1.00
281 284  0  5 1.00
281 285  0  5 1.00
282 283  0  5 1.00
282 284  0  5 1.00
282 285  0  5 1.00
282 286  0  5 1.00
283 284  0  5 1.00
283 285  0  5 1.00
283 286  0  5 1.00
283 287  0  5 1.00
283 288  0  5 1.00
284 285  0  5 1.00
284 286  0  5 1.00
284 287  0  5 1.00
284 288  0  5 1.00
284 289  0  5 1.00
284 290  0  5 1.00
285 286  0  5 1.00
285 287  0  5 1.00
285 289  0  5 1.00
285 290  0  5 1.00
285 291  0  5 1.00
285 292  0  5 1.00
286 287  0  5 1.00
286 288  0  5 1.00
286 289  0  5 1.00
286 290  0  5 1.00
286 291  0  5 1.00
286 292  0  5 1.00
286 294  0  5 1.00
287 288  0  5 1.00
287 289  0  5 1.00
287 290  0  5 1.00
288 289  0  5 1.00
288 290  0  5 1.00
289 290  0  5 1.00
289 291  0  5 1.00
290 291  0  5 1.00
290 292  0  5 1.00
291 292  0  5 1.00
291 293  0  5 1.00
292 293  0  5 1.00
292 294  0  5 1.00
293 294  0  5 1.00
293 295  0  5 1.00
293 296  0  5 1.00
293 297  0  5 1.00
293 298  0  5 1.00
294 295  0  5 1.00
294 296  0  5 1.00
294 297  0  5 1.00
295 296  0  5 1.00
295 297  0  5 1.00
296 297  0  5 1.00
296 298  0  5 1.00
297 298  0  5 1.00
297 299  0  5 1.00
298 299  0  5 1.00
298 300  0  5 1.00
298 301  0  5 1.00
298 302  0  5 1.00
299 300  0  5 1.00
299 301  0  5 1.00
299 302  0  5 1.00
299 303  0  5 1.00
299 321  0  5 1.00
300 301  0  5 1.00
300 302  0  5 1.00
300 303  0  5 1.00
300 304  0  5 1.00
300 305  0  5 1.00
301 302  0  5 1.00
301 303  0  5 1.00
301 304  0  5 1.00
301 305  0  5 1.00
302 303  0  5 1.00
302 304  0  5 1.00
302 305  0  5 1.00
302 306  0  5 1.00
302 307  0  5 1.00
303 304  0  5 1.00
303 305  0  5 1.00
303 306  0  5 1.00
303 307  0  5 1.00
303 308  0  5 1.00
304 305  0  5 1.00
304 306  0  5 1.00
304 307  0  5 1.00
304 308  0  5 1.00
305 306  0  5 1.00
305 307  0  5 1.00
305 309  0  5 1.00
306 307  0  5 1.00
306 308  0  5 1.00
306 309  0  5 1.00
306 310  0  5 1.00
306 311  0  5 1.00
307 308  0  5 1.00
307 309  0  5 1.00
307 310  0  5 1.00
307 311  0  5 1.00
308 309  0  5 1.00
308 310  0  5 1.00
309 310  0  5 1.00
309 311  0  5 1.00
310 311  0  5 1.00
310 312  0  5 1.00
311 312  0  5 1.00
311 313  0  5 1.00
312 313  0  5 1.00
312 314  0  5 1.00
312 342  0  5 1.00
313 314  0  5 1.00
313 315  0  5 1.00
314 315  0  5 1.00
314 316  0  5 1.00
315 316  0  5 1.00
315 317  0  5 1.00
315 318  0  5 1.00
316 317  0  5 1.00
316 318  0  5 1.00
317 318  0  5 1.00
317 319  0  5 1.00
318 319  0  5 1.00
318 320  0  5 1.00
319 320  0  5 1.00
319 321  0  5 1.00
320 321  0  5 1.00
320 322  0  5 1.00
320 323  0  5 1.00
321 322  0  5 1.00
321 323  0  5 1.00
321 324  0  5 1.00
321 325  0  5 1.00
322 323  0  5 1.00
322 324  0  5 1.00
322 325  0  5 1.00
323 324  0  5 1.00
323 325  0  5 1.00
323 326  0  5 1.00
323 327  0  5 1.00
324 325  0  5 1.00
324 326  0  5 1.00
324 327  0  5 1.00
324 328  0  5 1.00
324 329  0  5 1.00
325 326  0  5 1.00
325 327  0  5 1.00
325 328  0  5 1.00
325 329  0  5 1.00
325 330  0  5 1.00
326 327  0  5 1.00
326 328  0  5 1.00
326 329  0  5 1.00
326 330  0  5 1.00
327 328  0  5 1.00
327 329  0  5 1.00
327 330  0  5 1.00
327 331  0  5 1.00
328 329  0  5 1.00
328 330  0  5 1.00
328 331  0  5 1.00
328 332  0  5 1.00
328 333  0  5 1.00
328 334  0  5 1.00
329 330  0  5 1.00
329 331  0  5 1.00
329 332  0  5 1.00
329 333  0  5 1.00
329 334  0  5 1.00
330 331  0  5 1.00
330 332  0  5 1.00
331 332  0  5 1.00
331 333  0  5 1.00
332 333  0  5 1.00
332 334  0  5 1.00
333 334  0  5 1.00
333 335  0  5 1.00
334 335  0  5 1.00
334 336  0  5 1.00
335 336  0  5 1.00
335 337  0  5 1.00
335 338  0  5 1.00
335 339  0  5 1.00
336 337  0  5 1.00
336 338  0  5 1.00
336 339  0  5 1.00
336 340  0  5 1.00
336 341  0  5 1.00
337 338  0  5 1.00
337 339  0  5 1.00
337 340  0  5 1.00
337 341  0  5 1.00
337 342  0  5 1.00
338 339  0  5 1.00
338 340  0  5 1.00
338 341  0  5 1.00
338 342  0  5 1.00
339 340  0  5 1.00
339 341  0  5 1.00
339 342  0  5 1.00
339 343  0  5 1.00
339 344  0  5 1.00
340 341  0  5 1.00
340 342  0  5 1.00
340 343  0  5 1.00
340 344  0  5 1.00
340 345  0  5 1.00
341 342  0  5 1.00
341 343  0  5 1.00
341 344  0  5 1.00
341 345  0  5 1.00
342 343  0  5 1.00
342 344  0  5 1.00
342 345  0  5 1.00
342 346  0  5 1.00
343 344  0  5 1.00
343 345  0  5 1.00
343 346  0  5 1.00
343 347  0  5 1.00
343 348  0  5 1.00
344 345  0  5 1.00
344 346  0  5 1.00
344 347  0  5 1.00
344 348  0  5 1.00
344 349  0  5 1.00
345 346  0  5 1.00
345 347  0  5 1.00
345 348  0  5 1.00
345 349  0  5 1.00
346 347  0  5 1.00
346 348  0  5 1.00
346 349  0  5 1.00
346 350  0  5 1.00
347 348  0  5 1.00
347 349  0  5 1.00
347 350  0  5 1.00
347 351  0  5 1.00
348 349  0  5 1.00
348 350  0  5 1.00
348 351  0  5 1.00
348 352  0  5 1.00
348 353  0  5 1.00
349 350  0  5 1.00
349 351  0  5 1.00
349 352  0  5 1.00
349 353  0  5 1.00
350 351  0  5 1.00
350 352  0  5 1.00
350 353  0  5 1.00
350 354  0  5 1.00
350 355  0  5 1.00
350 356  0  5 1.00
351 352  0  5 1.00
351 353  0  5 1.00
351 354  0  5 1.00
351 355  0  5 1.00
352 353  0  5 1.00
352 354  0  5 1.00
353 354  0  5 1.00
353 355  0  5 1.00
354 355  0  5 1.00
354 356  0  5 1.00
354 357  0  5 1.00
354 358  0  5 1.00
354 359  0  5 1.00
355 356  0  5 1.00
355 357  0  5 1.00
355 358  0  5 1.00
355 359  0  5 1.00
356 357  0  5 1.00
356 358  0  5 1.00
356 359  0  5 1.00
357 358  0  5 1.00
357 359  0  5 1.00
358 359  0  5 1.00
358 360  0  5 1.00
359 360  0  5 1.00
359 361  0  5 1.00
360 361  0  5 1.00
360 362  0  5 1.00
361 362  0  5 1.00
361 363  0  5 1.00
362 363  0  5 1.00
362 364  0  5 1.00
363 364  0  5 1.00
363 365  0  5 1.00
364 365  0  5 1.00
364 366  0  5 1.00
364 367  0  5 1.00
364 368  0  5 1.00
365 366  0  5 1.00
365 367  0  5 1.00
365 368  0  5 1.00
365 369  0  5 1.00
366 367  0  5 1.00
366 368  0  5 1.00
367 368  0  5 1.00
367 369  0  5 1.00
367 370  0  5 1.00
367 371  0  5 1.00
368 369  0  5 1.00
368 370  0  5 1.00
368 371  0  5 1.00
368 372  0  5 1.00
369 370  0  5 1.00
369 371  0  5 1.00
369 372  0  5 1.00
370 371  0  5 1.00
370 372  0  5 1.00
371 372  0  5 1.00
371 373  0  5 1.00
371 374  0  5 1.00
372 373  0  5 1.00
372 374  0  5 1.00
373 374  0  5 1.00
373 375  0  5 1.00
374 375  0  5 1.00
374 376  0  5 1.00
374 377  0  5 1.00
374 378  0  5 1.00
374 379  0  5 1.00
375 376  0  5 1.00
375 377  0  5 1.00
375 378  0  5 1.00
375 379  0  5 1.00
375 380  0  5 1.00
376 377  0  5 1.00
376 378  0  5 1.00
376 379  0  5 1.00
376 380  0  5 1.00
377 378  0  5 1.00
377 379  0  5 1.00
377 380  0  5 1.00
377 381  0  5 1.00
378 379  0  5 1.00
378 380  0  5 1.00
378 381  0  5 1.00
378 382  0  5 1.00
379 380  0  5 1.00
379 381  0  5 1.00
379 382  0  5 1.00
379 383  0  5 1.00
380 381  0  5 1.00
380 382  0  5 1.00
380 383  0  5 1.00
380 384  0  5 1.00
380 385  0  5 1.00
381 382  0  5 1.00
381 383  0  5 1.00
381 384  0  5 1.00
381 385  0  5 1.00
381 386  0  5 1.00
382 383  0  5 1.00
382 384  0  5 1.00
382 385  0  5 1.00
382 386  0  5 1.00
382 387  0  5 1.00
382 560  0  5 1.00
382 564  0  5 1.00
383 384  0  5 1.00
383 385  0  5 1.00
383 386  0  5 1.00
383 387  0  5 1.00
384 385  0  5 1.00
384 386  0  5 1.00
384 387  0  5 1.00
384 388  0  5 1.00
385 386  0  5 1.00
385 387  0  5 1.00
385 388  0  5 1.00
385 389  0  5 1.00
386 387  0  5 1.00
386 388  0  5 1.00
386 389  0  5 1.00
386 564  0  5 1.00
387 388  0  5 1.00
387 389  0  5 1.00
387 576  0  5 1.00
387 577  0  5 1.00
388 389  0  5 1.00
388 390  0  5 1.00
388 553  0  5 1.00
388 577  0  5 1.00
389 390  0  5 1.00
389 391  0  5 1.00
389 553  0  5 1.00
389 554  0  5 1.00
389 575  0  5 1.00
389 576  0  5 1.00
389 577  0  5 1.00
390 391  0  5 1.00
390 392  0  5 1.00
390 551  0  5 1.00
390 552  0  5 1.00
390 553  0  5 1.00
390 577  0  5 1.00
391 392  0  5 1.00
391 393  0  5 1.00
391 551  0  5 1.00
391 552  0  5 1.00
391 577  0  5 1.00
391 635  0  5 1.00
391 636  0  5 1.00
392 393  0  5 1.00
392 394  0  5 1.00
392 551  0  5 1.00
392 552  0  5 1.00
393 394  0  5 1.00
393 395  0  5 1.00
393 549  0  5 1.00
393 550  0  5 1.00
393 551  0  5 1.00
394 395  0  5 1.00
394 396  0  5 1.00
394 397  0  5 1.00
394 549  0  5 1.00
394 550  0  5 1.00
394 551  0  5 1.00
395 396  0  5 1.00
395 397  0  5 1.00
395 398  0  5 1.00
395 549  0  5 1.00
395 550  0  5 1.00
396 397  0  5 1.00
396 398  0  5 1.00
397 398  0  5 1.00
397 399  0  5 1.00
397 400  0  5 1.00
398 399  0  5 1.00
398 400  0  5 1.00
398 401  0  5 1.00
399 400  0  5 1.00
399 401  0  5 1.00
399 569  0  5 1.00
400 401  0  5 1.00
400 402  0  5 1.00
400 568  0  5 1.00
400 569  0  5 1.00
400 570  0  5 1.00
400 571  0  5 1.00
401 402  0  5 1.00
401 403  0  5 1.00
401 569  0  5 1.00
401 570  0  5 1.00
402 403  0  5 1.00
402 404  0  5 1.00
403 404  0  5 1.00
403 405  0  5 1.00
403 446  0  5 1.00
403 447  0  5 1.00
404 405  0  5 1.00
404 406  0  5 1.00
404 446  0  5 1.00
404 447  0  5 1.00
405 406  0  5 1.00
405 407  0  5 1.00
405 446  0  5 1.00
405 447  0  5 1.00
405 448  0  5 1.00
406 407  0  5 1.00
406 408  0  5 1.00
406 448  0  5 1.00
406 475  0  5 1.00
406 476  0  5 1.00
406 477  0  5 1.00
407 408  0  5 1.00
407 409  0  5 1.00
407 448  0  5 1.00
407 449  0  5 1.00
407 450  0  5 1.00
407 475  0  5 1.00
407 476  0  5 1.00
407 477  0  5 1.00
408 409  0  5 1.00
408 410  0  5 1.00
408 450  0  5 1.00
408 471  0  5 1.00
408 477  0  5 1.00
408 478  0  5 1.00
408 479  0  5 1.00
409 410  0  5 1.00
409 411  0  5 1.00
409 450  0  5 1.00
409 451  0  5 1.00
409 452  0  5 1.00
409 479  0  5 1.00
410 411  0  5 1.00
410 412  0  5 1.00
410 414  0  5 1.00
410 452  0  5 1.00
410 453  0  5 1.00
410 479  0  5 1.00
410 480  0  5 1.00
410 481  0  5 1.00
411 412  0  5 1.00
411 413  0  5 1.00
411 414  0  5 1.00
411 415  0  5 1.00
411 452  0  5 1.00
411 453  0  5 1.00
411 454  0  5 1.00
411 455  0  5 1.00
411 481  0  5 1.00
412 413  0  5 1.00
412 414  0  5 1.00
412 415  0  5 1.00
412 453  0  5 1.00
412 455  0  5 1.00
412 481  0  5 1.00
413 414  0  5 1.00
413 415  0  5 1.00
413 417  0  5 1.00
413 435  0  5 1.00
413 481  0  5 1.00
413 482  0  5 1.00
414 415  0  5 1.00
414 416  0  5 1.00
414 434  0  5 1.00
414 435  0  5 1.00
414 436  0  5 1.00
414 437  0  5 1.00
414 481  0  5 1.00
415 416  0  5 1.00
415 417  0  5 1.00
416 417  0  5 1.00
416 418  0  5 1.00
417 418  0  5 1.00
417 419  0  5 1.00
417 429  0  5 1.00
418 419  0  5 1.00
418 420  0  5 1.00
418 429  0  5 1.00
419 420  0  5 1.00
419 421  0  5 1.00
419 556  0  5 1.00
419 557  0  5 1.00
420 421  0  5 1.00
420 422  0  5 1.00
420 486  0  5 1.00
420 487  0  5 1.00
420 557  0  5 1.00
421 422  0  5 1.00
421 423  0  5 1.00
421 424  0  5 1.00
421 487  0  5 1.00
421 556  0  5 1.00
422 423  0  5 1.00
422 424  0  5 1.00
422 487  0  5 1.00
423 424  0  5 1.00
423 425  0  5 1.00
423 487  0  5 1.00
424 425  0  5 1.00
424 426  0  5 1.00
424 488  0  5 1.00
424 489  0  5 1.00
425 426  0  5 1.00
425 427  0  5 1.00
425 428  0  5 1.00
425 488  0  5 1.00
425 489  0  5 1.00
426 427  0  5 1.00
426 428  0  5 1.00
426 489  0  5 1.00
426 490  0  5 1.00
427 428  0  5 1.00
427 429  0  5 1.00
427 430  0  5 1.00
427 431  0  5 1.00
428 429  0  5 1.00
428 430  0  5 1.00
428 431  0  5 1.00
429 430  0  5 1.00
429 431  0  5 1.00
430 431  0  5 1.00
430 432  0  5 1.00
431 432  0  5 1.00
431 433  0  5 1.00
432 433  0  5 1.00
432 434  0  5 1.00
432 559  0  5 1.00
433 434  0  5 1.00
433 435  0  5 1.00
433 559  0  5 1.00
433 560  0  5 1.00
433 561  0  5 1.00
433 562  0  5 1.00
433 563  0  5 1.00
434 435  0  5 1.00
434 436  0  5 1.00
434 437  0  5 1.00
434 438  0  5 1.00
434 562  0  5 1.00
434 563  0  5 1.00
435 436  0  5 1.00
435 437  0  5 1.00
435 438  0  5 1.00
435 439  0  5 1.00
435 562  0  5 1.00
436 437  0  5 1.00
436 438  0  5 1.00
436 439  0  5 1.00
436 440  0  5 1.00
437 438  0  5 1.00
437 439  0  5 1.00
437 440  0  5 1.00
437 441  0  5 1.00
438 439  0  5 1.00
438 440  0  5 1.00
438 441  0  5 1.00
438 442  0  5 1.00
438 562  0  5 1.00
438 563  0  5 1.00
439 440  0  5 1.00
439 441  0  5 1.00
439 442  0  5 1.00
439 443  0  5 1.00
439 444  0  5 1.00
439 562  0  5 1.00
440 441  0  5 1.00
440 442  0  5 1.00
440 443  0  5 1.00
440 444  0  5 1.00
441 442  0  5 1.00
441 443  0  5 1.00
441 444  0  5 1.00
442 443  0  5 1.00
442 444  0  5 1.00
443 444  0  5 1.00
443 445  0  5 1.00
443 446  0  5 1.00
443 447  0  5 1.00
444 445  0  5 1.00
444 446  0  5 1.00
444 447  0  5 1.00
445 446  0  5 1.00
445 447  0  5 1.00
446 447  0  5 1.00
446 448  0  5 1.00
447 448  0  5 1.00
447 449  0  5 1.00
448 449  0  5 1.00
448 450  0  5 1.00
449 450  0  5 1.00
449 451  0  5 1.00
450 451  0  5 1.00
450 452  0  5 1.00
450 471  0  5 1.00
451 452  0  5 1.00
451 453  0  5 1.00
452 453  0  5 1.00
452 454  0  5 1.00
453 454  0  5 1.00
453 455  0  5 1.00
454 455  0  5 1.00
454 456  0  5 1.00
454 461  0  5 1.00
454 464  0  5 1.00
454 465  0  5 1.00
455 456  0  5 1.00
455 457  0  5 1.00
455 461  0  5 1.00
456 457  0  5 1.00
456 458  0  5 1.00
456 459  0  5 1.00
457 458  0  5 1.00
457 459  0  5 1.00
457 512  0  5 1.00
457 513  0  5 1.00
458 459  0  5 1.00
458 460  0  5 1.00
459 460  0  5 1.00
459 461  0  5 1.00
459 513  0  5 1.00
459 514  0  5 1.00
460 461  0  5 1.00
460 462  0  5 1.00
460 513  0  5 1.00
460 514  0  5 1.00
461 462  0  5 1.00
461 463  0  5 1.00
462 463  0  5 1.00
462 464  0  5 1.00
462 465  0  5 1.00
462 466  0  5 1.00
463 464  0  5 1.00
463 465  0  5 1.00
463 466  0  5 1.00
464 465  0  5 1.00
464 466  0  5 1.00
464 467  0  5 1.00
464 468  0  5 1.00
465 466  0  5 1.00
465 467  0  5 1.00
465 468  0  5 1.00
465 469  0  5 1.00
465 470  0  5 1.00
466 467  0  5 1.00
466 468  0  5 1.00
466 469  0  5 1.00
466 470  0  5 1.00
466 471  0  5 1.00
467 468  0  5 1.00
467 469  0  5 1.00
467 470  0  5 1.00
467 471  0  5 1.00
468 469  0  5 1.00
468 470  0  5 1.00
468 471  0  5 1.00
468 472  0  5 1.00
469 470  0  5 1.00
469 471  0  5 1.00
469 472  0  5 1.00
469 473  0  5 1.00
469 474  0  5 1.00
470 471  0  5 1.00
470 472  0  5 1.00
470 473  0  5 1.00
470 474  0  5 1.00
471 472  0  5 1.00
471 473  0  5 1.00
471 474  0  5 1.00
471 475  0  5 1.00
472 473  0  5 1.00
472 474  0  5 1.00
472 475  0  5 1.00
473 474  0  5 1.00
473 475  0  5 1.00
474 475  0  5 1.00
474 476  0  5 1.00
475 476  0  5 1.00
475 477  0  5 1.00
476 477  0  5 1.00
476 478  0  5 1.00
476 528  0  5 1.00
477 478  0  5 1.00
477 479  0  5 1.00
477 528  0  5 1.00
478 479  0  5 1.00
478 480  0  5 1.00
478 528  0  5 1.00
478 529  0  5 1.00
478 530  0  5 1.00
479 480  0  5 1.00
479 481  0  5 1.00
479 530  0  5 1.00
480 481  0  5 1.00
480 482  0  5 1.00
480 530  0  5 1.00
480 531  0  5 1.00
480 532  0  5 1.00
481 482  0  5 1.00
481 483  0  5 1.00
481 532  0  5 1.00
482 483  0  5 1.00
482 484  0  5 1.00
482 532  0  5 1.00
482 533  0  5 1.00
482 534  0  5 1.00
483 484  0  5 1.00
483 485  0  5 1.00
483 534  0  5 1.00
484 485  0  5 1.00
484 486  0  5 1.00
484 534  0  5 1.00
484 535  0  5 1.00
485 486  0  5 1.00
485 487  0  5 1.00
485 498  0  5 1.00
485 499  0  5 1.00
485 500  0  5 1.00
486 487  0  5 1.00
486 488  0  5 1.00
486 497  0  5 1.00
486 500  0  5 1.00
487 488  0  5 1.00
487 489  0  5 1.00
487 492  0  5 1.00
487 500  0  5 1.00
488 489  0  5 1.00
488 490  0  5 1.00
488 491  0  5 1.00
488 492  0  5 1.00
488 493  0  5 1.00
489 490  0  5 1.00
489 491  0  5 1.00
489 492  0  5 1.00
489 493  0  5 1.00
490 491  0  5 1.00
490 492  0  5 1.00
490 493  0  5 1.00
490 494  0  5 1.00
491 492  0  5 1.00
491 493  0  5 1.00
491 494  0  5 1.00
491 495  0  5 1.00
491 496  0  5 1.00
492 493  0  5 1.00
492 494  0  5 1.00
492 495  0  5 1.00
492 496  0  5 1.00
493 494  0  5 1.00
493 495  0  5 1.00
494 495  0  5 1.00
494 496  0  5 1.00
495 496  0  5 1.00
495 497  0  5 1.00
496 497  0  5 1.00
496 498  0  5 1.00
497 498  0  5 1.00
497 499  0  5 1.00
498 499  0  5 1.00
498 500  0  5 1.00
499 500  0  5 1.00
499 501  0  5 1.00
499 504  0  5 1.00
500 501  0  5 1.00
500 502  0  5 1.00
500 504  0  5 1.00
501 502  0  5 1.00
501 503  0  5 1.00
501 504  0  5 1.00
501 505  0  5 1.00
502 503  0  5 1.00
502 504  0  5 1.00
503 504  0  5 1.00
503 505  0  5 1.00
504 505  0  5 1.00
504 506  0  5 1.00
505 506  0  5 1.00
505 507  0  5 1.00
506 507  0  5 1.00
506 508  0  5 1.00
507 508  0  5 1.00
507 509  0  5 1.00
508 509  0  5 1.00
508 510  0  5 1.00
509 510  0  5 1.00
509 511  0  5 1.00
509 538  0  5 1.00
509 539  0  5 1.00
509 540  0  5 1.00
510 511  0  5 1.00
510 512  0  5 1.00
510 540  0  5 1.00
511 512  0  5 1.00
511 513  0  5 1.00
511 540  0  5 1.00
512 513  0  5 1.00
512 514  0  5 1.00
512 515  0  5 1.00
513 514  0  5 1.00
513 515  0  5 1.00
513 516  0  5 1.00
514 515  0  5 1.00
514 516  0  5 1.00
514 517  0  5 1.00
514 518  0  5 1.00
515 516  0  5 1.00
515 517  0  5 1.00
515 518  0  5 1.00
515 519  0  5 1.00
516 517  0  5 1.00
516 518  0  5 1.00
516 519  0  5 1.00
516 520  0  5 1.00
517 518  0  5 1.00
517 519  0  5 1.00
517 520  0  5 1.00
517 521  0  5 1.00
517 522  0  5 1.00
518 519  0  5 1.00
518 520  0  5 1.00
518 521  0  5 1.00
518 522  0  5 1.00
519 520  0  5 1.00
519 521  0  5 1.00
519 522  0  5 1.00
519 523  0  5 1.00
520 521  0  5 1.00
520 522  0  5 1.00
520 523  0  5 1.00
520 524  0  5 1.00
521 522  0  5 1.00
521 523  0  5 1.00
521 524  0  5 1.00
521 525  0  5 1.00
522 523  0  5 1.00
522 524  0  5 1.00
522 525  0  5 1.00
522 526  0  5 1.00
522 527  0  5 1.00
523 524  0  5 1.00
523 525  0  5 1.00
523 526  0  5 1.00
523 527  0  5 1.00
524 525  0  5 1.00
524 526  0  5 1.00
525 526  0  5 1.00
525 527  0  5 1.00
526 527  0  5 1.00
526 528  0  5 1.00
527 528  0  5 1.00
527 529  0  5 1.00
528 529  0  5 1.00
528 530  0  5 1.00
529 530  0  5 1.00
529 531  0  5 1.00
529 548  0  5 1.00
529 549  0  5 1.00
529 550  0  5 1.00
530 531  0  5 1.00
530 532  0  5 1.00
530 549  0  5 1.00
530 550  0  5 1.00
531 532  0  5 1.00
531 533  0  5 1.00
531 550  0  5 1.00
531 551  0  5 1.00
531 552  0  5 1.00
532 533  0  5 1.00
532 534  0  5 1.00
532 552  0  5 1.00
533 534  0  5 1.00
533 535  0  5 1.00
533 552  0  5 1.00
533 553  0  5 1.00
533 554  0  5 1.00
533 555  0  5 1.00
534 535  0  5 1.00
534 536  0  5 1.00
534 554  0  5 1.00
535 536  0  5 1.00
535 537  0  5 1.00
535 554  0  5 1.00
535 555  0  5 1.00
535 556  0  5 1.00
536 537  0  5 1.00
536 538  0  5 1.00
536 556  0  5 1.00
537 538  0  5 1.00
537 539  0  5 1.00
538 539  0  5 1.00
538 540  0  5 1.00
539 540  0  5 1.00
539 541  0  5 1.00
539 584  0  5 1.00
540 541  0  5 1.00
540 542  0  5 1.00
540 584  0  5 1.00
540 585  0  5 1.00
541 542  0  5 1.00
541 543  0  5 1.00
541 544  0  5 1.00
541 545  0  5 1.00
542 543  0  5 1.00
542 544  0  5 1.00
542 545  0  5 1.00
542 546  0  5 1.00
543 544  0  5 1.00
543 545  0  5 1.00
543 546  0  5 1.00
543 547  0  5 1.00
544 545  0  5 1.00
544 546  0  5 1.00
544 547  0  5 1.00
544 548  0  5 1.00
545 546  0  5 1.00
545 547  0  5 1.00
545 548  0  5 1.00
546 547  0  5 1.00
546 548  0  5 1.00
547 548  0  5 1.00
547 549  0  5 1.00
548 549  0  5 1.00
548 550  0  5 1.00
549 550  0  5 1.00
549 551  0  5 1.00
550 551  0  5 1.00
550 552  0  5 1.00
551 552  0  5 1.00
551 553  0  5 1.00
552 553  0  5 1.00
552 554  0  5 1.00
553 554  0  5 1.00
553 555  0  5 1.00
554 555  0  5 1.00
554 556  0  5 1.00
555 556  0  5 1.00
555 557  0  5 1.00
556 557  0  5 1.00
556 558  0  5 1.00
557 558  0  5 1.00
557 559  0  5 1.00
557 561  0  5 1.00
558 559  0  5 1.00
558 560  0  5 1.00
558 561  0  5 1.00
559 560  0  5 1.00
559 561  0  5 1.00
560 561  0  5 1.00
560 562  0  5 1.00
560 563  0  5 1.00
560 564  0  5 1.00
560 565  0  5 1.00
561 562  0  5 1.00
561 563  0  5 1.00
561 564  0  5 1.00
561 565  0  5 1.00
562 563  0  5 1.00
562 564  0  5 1.00
562 565  0  5 1.00
562 566  0  5 1.00
562 567  0  5 1.00
563 564  0  5 1.00
563 565  0  5 1.00
563 566  0  5 1.00
563 567  0  5 1.00
564 565  0  5 1.00
564 566  0  5 1.00
564 567  0  5 1.00
564 568  0  5 1.00
565 566  0  5 1.00
565 567  0  5 1.00
565 568  0  5 1.00
565 569  0  5 1.00
565 570  0  5 1.00
566 567  0  5 1.00
566 568  0  5 1.00
566 569  0  5 1.00
566 570  0  5 1.00
566 571  0  5 1.00
567 568  0  5 1.00
567 569  0  5 1.00
567 570  0  5 1.00
567 571  0  5 1.00
567 572  0  5 1.00
567 573  0  5 1.00
568 569  0  5 1.00
568 570  0  5 1.00
568 571  0  5 1.00
568 573  0  5 1.00
569 570  0  5 1.00
569 571  0  5 1.00
570 571  0  5 1.00
570 572  0  5 1.00
571 572  0  5 1.00
571 573  0  5 1.00
571 574  0  5 1.00
572 573  0  5 1.00
572 574  0  5 1.00
573 574  0  5 1.00
573 575  0  5 1.00
574 575  0  5 1.00
574 576  0  5 1.00
575 576  0  5 1.00
575 577  0  5 1.00
575 636  0  5 1.00
575 637  0  5 1.00
575 638  0  5 1.00
575 675  0  5 1.00
576 577  0  5 1.00
576 578  0  5 1.00
576 636  0  5 1.00
576 675  0  5 1.00
577 578  0  5 1.00
577 579  0  5 1.00
577 634  0  5 1.00
577 635  0  5 1.00
577 636  0  5 1.00
578 579  0  5 1.00
578 580  0  5 1.00
578 633  0  5 1.00
578 634  0  5 1.00
578 635  0  5 1.00
579 580  0  5 1.00
579 581  0  5 1.00
579 632  0  5 1.00
579 633  0  5 1.00
579 634  0  5 1.00
579 635  0  5 1.00
580 581  0  5 1.00
580 582  0  5 1.00
580 633  0  5 1.00
581 582  0  5 1.00
581 583  0  5 1.00
581 630  0  5 1.00
581 632  0  5 1.00
582 583  0  5 1.00
582 584  0  5 1.00
582 592  0  5 1.00
582 630  0  5 1.00
582 631  0  5 1.00
582 632  0  5 1.00
583 584  0  5 1.00
583 585  0  5 1.00
583 628  0  5 1.00
583 629  0  5 1.00
583 630  0  5 1.00
584 585  0  5 1.00
584 586  0  5 1.00
584 628  0  5 1.00
584 629  0  5 1.00
585 586  0  5 1.00
585 587  0  5 1.00
585 627  0  5 1.00
585 629  0  5 1.00
586 587  0  5 1.00
586 588  0  5 1.00
586 589  0  5 1.00
586 590  0  5 1.00
587 588  0  5 1.00
587 589  0  5 1.00
587 590  0  5 1.00
588 589  0  5 1.00
588 590  0  5 1.00
589 590  0  5 1.00
589 591  0  5 1.00
589 592  0  5 1.00
589 626  0  5 1.00
590 591  0  5 1.00
590 592  0  5 1.00
591 592  0  5 1.00
591 593  0  5 1.00
592 593  0  5 1.00
592 594  0  5 1.00
593 594  0  5 1.00
593 595  0  5 1.00
593 596  0  5 1.00
594 595  0  5 1.00
594 596  0  5 1.00
594 694  0  5 1.00
595 596  0  5 1.00
595 597  0  5 1.00
595 692  0  5 1.00
595 693  0  5 1.00
595 694  0  5 1.00
596 597  0  5 1.00
596 598  0  5 1.00
596 691  0  5 1.00
596 692  0  5 1.00
596 693  0  5 1.00
596 694  0  5 1.00
597 598  0  5 1.00
597 599  0  5 1.00
597 600  0  5 1.00
597 691  0  5 1.00
597 692  0  5 1.00
597 693  0  5 1.00
598 599  0  5 1.00
598 600  0  5 1.00
598 691  0  5 1.00
598 692  0  5 1.00
598 693  0  5 1.00
599 600  0  5 1.00
599 601  0  5 1.00
600 601  0  5 1.00
600 602  0  5 1.00
601 602  0  5 1.00
601 603  0  5 1.00
602 603  0  5 1.00
602 604  0  5 1.00
603 604  0  5 1.00
603 605  0  5 1.00
604 605  0  5 1.00
604 606  0  5 1.00
605 606  0  5 1.00
605 607  0  5 1.00
605 618  0  5 1.00
605 619  0  5 1.00
605 620  0  5 1.00
605 621  0  5 1.00
606 607  0  5 1.00
606 608  0  5 1.00
606 618  0  5 1.00
606 619  0  5 1.00
606 620  0  5 1.00
606 621  0  5 1.00
606 624  0  5 1.00
607 608  0  5 1.00
607 609  0  5 1.00
607 616  0  5 1.00
607 617  0  5 1.00
607 618  0  5 1.00
607 619  0  5 1.00
607 621  0  5 1.00
607 622  0  5 1.00
607 623  0  5 1.00
607 624  0  5 1.00
607 625  0  5 1.00
608 609  0  5 1.00
608 610  0  5 1.00
608 614  0  5 1.00
608 615  0  5 1.00
608 616  0  5 1.00
608 622  0  5 1.00
608 623  0  5 1.00
608 624  0  5 1.00
609 610  0  5 1.00
609 611  0  5 1.00
609 614  0  5 1.00
609 615  0  5 1.00
609 616  0  5 1.00
609 623  0  5 1.00
610 611  0  5 1.00
610 612  0  5 1.00
610 613  0  5 1.00
610 614  0  5 1.00
611 612  0  5 1.00
611 613  0  5 1.00
612 613  0  5 1.00
612 614  0  5 1.00
613 614  0  5 1.00
613 615  0  5 1.00
614 615  0  5 1.00
614 616  0  5 1.00
615 616  0  5 1.00
615 617  0  5 1.00
616 617  0  5 1.00
616 618  0  5 1.00
616 622  0  5 1.00
616 623  0  5 1.00
617 618  0  5 1.00
617 619  0  5 1.00
617 622  0  5 1.00
618 619  0  5 1.00
618 620  0  5 1.00
618 621  0  5 1.00
618 622  0  5 1.00
618 623  0  5 1.00
619 620  0  5 1.00
619 621  0  5 1.00
619 622  0  5 1.00
620 621  0  5 1.00
620 622  0  5 1.00
620 624  0  5 1.00
620 625  0  5 1.00
620 626  0  5 1.00
621 622  0  5 1.00
621 623  0  5 1.00
621 624  0  5 1.00
621 625  0  5 1.00
621 626  0  5 1.00
622 623  0  5 1.00
622 624  0  5 1.00
623 624  0  5 1.00
623 625  0  5 1.00
624 625  0  5 1.00
624 626  0  5 1.00
625 626  0  5 1.00
625 627  0  5 1.00
626 627  0  5 1.00
626 628  0  5 1.00
627 628  0  5 1.00
627 629  0  5 1.00
628 629  0  5 1.00
628 630  0  5 1.00
628 631  0  5 1.00
629 630  0  5 1.00
629 631  0  5 1.00
630 631  0  5 1.00
630 632  0  5 1.00
631 632  0  5 1.00
631 633  0  5 1.00
631 634  0  5 1.00
632 633  0  5 1.00
632 634  0  5 1.00
632 744  0  5 1.00
632 745  0  5 1.00
632 746  0  5 1.00
633 634  0  5 1.00
633 635  0  5 1.00
633 743  0  5 1.00
633 744  0  5 1.00
633 745  0  5 1.00
634 635  0  5 1.00
634 636  0  5 1.00
634 743  0  5 1.00
634 744  0  5 1.00
635 636  0  5 1.00
635 637  0  5 1.00
635 743  0  5 1.00
636 637  0  5 1.00
636 638  0  5 1.00
637 638  0  5 1.00
637 639  0  5 1.00
638 639  0  5 1.00
638 640  0  5 1.00
639 640  0  5 1.00
639 641  0  5 1.00
640 641  0  5 1.00
640 642  0  5 1.00
640 666  0  5 1.00
640 667  0  5 1.00
640 668  0  5 1.00
640 669  0  5 1.00
641 642  0  5 1.00
641 643  0  5 1.00
641 666  0  5 1.00
641 667  0  5 1.00
641 668  0  5 1.00
642 643  0  5 1.00
642 644  0  5 1.00
642 664  0  5 1.00
642 665  0  5 1.00
642 666  0  5 1.00
643 644  0  5 1.00
643 645  0  5 1.00
643 664  0  5 1.00
643 665  0  5 1.00
643 666  0  5 1.00
644 645  0  5 1.00
644 646  0  5 1.00
644 664  0  5 1.00
644 665  0  5 1.00
644 749  0  5 1.00
645 646  0  5 1.00
645 647  0  5 1.00
645 662  0  5 1.00
645 663  0  5 1.00
645 664  0  5 1.00
646 647  0  5 1.00
646 648  0  5 1.00
646 662  0  5 1.00
646 663  0  5 1.00
646 751  0  5 1.00
647 648  0  5 1.00
647 649  0  5 1.00
647 660  0  5 1.00
647 661  0  5 1.00
647 662  0  5 1.00
648 649  0  5 1.00
648 650  0  5 1.00
648 651  0  5 1.00
648 660  0  5 1.00
649 650  0  5 1.00
649 651  0  5 1.00
649 660  0  5 1.00
650 651  0  5 1.00
650 652  0  5 1.00
651 652  0  5 1.00
651 653  0  5 1.00
651 753  0  5 1.00
651 754  0  5 1.00
651 755  0  5 1.00
652 653  0  5 1.00
652 654  0  5 1.00
652 755  0  5 1.00
653 654  0  5 1.00
653 655  0  5 1.00
653 755  0  5 1.00
653 756  0  5 1.00
653 757  0  5 1.00
654 655  0  5 1.00
654 656  0  5 1.00
654 657  0  5 1.00
654 757  0  5 1.00
655 656  0  5 1.00
655 657  0  5 1.00
655 718  0  5 1.00
655 719  0  5 1.00
655 757  0  5 1.00
656 657  0  5 1.00
656 658  0  5 1.00
657 658  0  5 1.00
657 659  0  5 1.00
657 716  0  5 1.00
657 717  0  5 1.00
657 718  0  5 1.00
657 719  0  5 1.00
658 659  0  5 1.00
658 660  0  5 1.00
658 716  0  5 1.00
658 717  0  5 1.00
658 718  0  5 1.00
659 660  0  5 1.00
659 661  0  5 1.00
659 714  0  5 1.00
659 715  0  5 1.00
659 716  0  5 1.00
660 661  0  5 1.00
660 662  0  5 1.00
660 714  0  5 1.00
660 715  0  5 1.00
660 716  0  5 1.00
661 662  0  5 1.00
661 663  0  5 1.00
661 712  0  5 1.00
661 713  0  5 1.00
661 714  0  5 1.00
661 715  0  5 1.00
662 663  0  5 1.00
662 664  0  5 1.00
662 712  0  5 1.00
662 713  0  5 1.00
662 714  0  5 1.00
663 664  0  5 1.00
663 665  0  5 1.00
663 710  0  5 1.00
663 711  0  5 1.00
663 712  0  5 1.00
664 665  0  5 1.00
664 666  0  5 1.00
664 710  0  5 1.00
664 711  0  5 1.00
665 666  0  5 1.00
665 667  0  5 1.00
665 708  0  5 1.00
665 709  0  5 1.00
665 710  0  5 1.00
665 711  0  5 1.00
666 667  0  5 1.00
666 668  0  5 1.00
666 708  0  5 1.00
666 709  0  5 1.00
666 710  0  5 1.00
667 668  0  5 1.00
667 669  0  5 1.00
667 705  0  5 1.00
667 706  0  5 1.00
667 707  0  5 1.00
667 708  0  5 1.00
668 669  0  5 1.00
668 670  0  5 1.00
669 670  0  5 1.00
669 671  0  5 1.00
669 672  0  5 1.00
669 706  0  5 1.00
669 707  0  5 1.00
670 671  0  5 1.00
670 672  0  5 1.00
670 706  0  5 1.00
670 707  0  5 1.00
671 672  0  5 1.00
671 673  0  5 1.00
672 673  0  5 1.00
672 674  0  5 1.00
672 704  0  5 1.00
672 706  0  5 1.00
673 674  0  5 1.00
673 675  0  5 1.00
673 704  0  5 1.00
673 705  0  5 1.00
673 706  0  5 1.00
674 675  0  5 1.00
674 676  0  5 1.00
674 702  0  5 1.00
674 703  0  5 1.00
674 704  0  5 1.00
675 676  0  5 1.00
675 677  0  5 1.00
675 702  0  5 1.00
675 703  0  5 1.00
675 704  0  5 1.00
676 677  0  5 1.00
676 678  0  5 1.00
676 700  0  5 1.00
676 701  0  5 1.00
676 702  0  5 1.00
677 678  0  5 1.00
677 679  0  5 1.00
677 700  0  5 1.00
677 701  0  5 1.00
677 742  0  5 1.00
677 743  0  5 1.00
678 679  0  5 1.00
678 680  0  5 1.00
678 698  0  5 1.00
678 699  0  5 1.00
678 700  0  5 1.00
678 742  0  5 1.00
679 680  0  5 1.00
679 681  0  5 1.00
679 698  0  5 1.00
679 699  0  5 1.00
679 740  0  5 1.00
679 741  0  5 1.00
679 742  0  5 1.00
680 681  0  5 1.00
680 682  0  5 1.00
680 695  0  5 1.00
680 696  0  5 1.00
680 697  0  5 1.00
680 698  0  5 1.00
680 699  0  5 1.00
680 740  0  5 1.00
680 741  0  5 1.00
681 682  0  5 1.00
681 683  0  5 1.00
681 695  0  5 1.00
681 696  0  5 1.00
681 697  0  5 1.00
681 738  0  5 1.00
681 739  0  5 1.00
681 740  0  5 1.00
681 741  0  5 1.00
682 683  0  5 1.00
682 684  0  5 1.00
682 693  0  5 1.00
682 694  0  5 1.00
682 695  0  5 1.00
682 697  0  5 1.00
682 738  0  5 1.00
682 739  0  5 1.00
683 684  0  5 1.00
683 685  0  5 1.00
683 693  0  5 1.00
683 694  0  5 1.00
683 736  0  5 1.00
683 737  0  5 1.00
683 738  0  5 1.00
683 739  0  5 1.00
684 685  0  5 1.00
684 686  0  5 1.00
684 687  0  5 1.00
684 736  0  5 1.00
684 737  0  5 1.00
684 738  0  5 1.00
685 686  0  5 1.00
685 687  0  5 1.00
685 736  0  5 1.00
685 737  0  5 1.00
686 687  0  5 1.00
686 688  0  5 1.00
686 736  0  5 1.00
687 688  0  5 1.00
687 689  0  5 1.00
688 689  0  5 1.00
688 690  0  5 1.00
689 690  0  5 1.00
689 691  0  5 1.00
690 691  0  5 1.00
690 692  0  5 1.00
691 692  0  5 1.00
691 693  0  5 1.00
692 693  0  5 1.00
692 694  0  5 1.00
693 694  0  5 1.00
693 695  0  5 1.00
694 695  0  5 1.00
694 696  0  5 1.00
695 696  0  5 1.00
695 697  0  5 1.00
696 697  0  5 1.00
696 698  0  5 1.00
697 698  0  5 1.00
697 699  0  5 1.00
697 715  0  5 1.00
698 699  0  5 1.00
698 700  0  5 1.00
699 700  0  5 1.00
699 701  0  5 1.00
700 701  0  5 1.00
700 702  0  5 1.00
701 702  0  5 1.00
701 703  0  5 1.00
702 703  0  5 1.00
702 704  0  5 1.00
703 704  0  5 1.00
703 705  0  5 1.00
704 705  0  5 1.00
704 706  0  5 1.00
705 706  0  5 1.00
705 707  0  5 1.00
705 708  0  5 1.00
706 707  0  5 1.00
706 708  0  5 1.00
707 708  0  5 1.00
707 709  0  5 1.00
708 709  0  5 1.00
708 710  0  5 1.00
709 710  0  5 1.00
709 711  0  5 1.00
710 711  0  5 1.00
710 712  0  5 1.00
711 712  0  5 1.00
711 713  0  5 1.00
712 713  0  5 1.00
712 714  0  5 1.00
713 714  0  5 1.00
713 715  0  5 1.00
714 715  0  5 1.00
714 716  0  5 1.00
715 716  0  5 1.00
715 717  0  5 1.00
716 717  0  5 1.00
716 718  0  5 1.00
717 718  0  5 1.00
717 719  0  5 1.00
717 720  0  5 1.00
717 721  0  5 1.00
718 719  0  5 1.00
718 720  0  5 1.00
718 721  0  5 1.00
718 722  0  5 1.00
719 720  0  5 1.00
719 721  0  5 1.00
719 722  0  5 1.00
720 721  0  5 1.00
720 722  0  5 1.00
721 722  0  5 1.00
721 723  0  5 1.00
722 723  0  5 1.00
722 724  0  5 1.00
722 731  0  5 1.00
722 732  0  5 1.00
723 724  0  5 1.00
723 725  0  5 1.00
723 729  0  5 1.00
723 730  0  5 1.00
723 731  0  5 1.00
724 725  0  5 1.00
724 726  0  5 1.00
724 728  0  5 1.00
724 729  0  5 1.00
724 730  0  5 1.00
725 726  0  5 1.00
725 727  0  5 1.00
725 728  0  5 1.00
725 729  0  5 1.00
726 727  0  5 1.00
726 728  0  5 1.00
727 728  0  5 1.00
727 729  0  5 1.00
728 729  0  5 1.00
728 730  0  5 1.00
729 730  0  5 1.00
729 731  0  5 1.00
730 731  0  5 1.00
730 732  0  5 1.00
731 732  0  5 1.00
731 733  0  5 1.00
732 733  0  5 1.00
732 734  0  5 1.00
733 734  0  5 1.00
733 735  0  5 1.00
734 735  0  5 1.00
734 736  0  5 1.00
734 756  0  5 1.00
734 757  0  5 1.00
735 736  0  5 1.00
735 737  0  5 1.00
735 754  0  5 1.00
735 755  0  5 1.00
735 756  0  5 1.00
736 737  0  5 1.00
736 738  0  5 1.00
736 754  0  5 1.00
736 755  0  5 1.00
737 738  0  5 1.00
737 739  0  5 1.00
737 752  0  5 1.00
737 753  0  5 1.00
737 754  0  5 1.00
738 739  0  5 1.00
738 740  0  5 1.00
738 752  0  5 1.00
738 753  0  5 1.00
739 740  0  5 1.00
739 741  0  5 1.00
739 750  0  5 1.00
739 751  0  5 1.00
739 752  0  5 1.00
739 753  0  5 1.00
740 741  0  5 1.00
740 742  0  5 1.00
740 750  0  5 1.00
740 751  0  5 1.00
741 742  0  5 1.00
741 743  0  5 1.00
741 747  0  5 1.00
741 748  0  5 1.00
741 749  0  5 1.00
741 750  0  5 1.00
741 751  0  5 1.00
742 743  0  5 1.00
742 744  0  5 1.00
742 747  0  5 1.00
742 748  0  5 1.00
742 749  0  5 1.00
743 744  0  5 1.00
743 745  0  5 1.00
743 747  0  5 1.00
744 745  0  5 1.00
744 746  0  5 1.00
744 747  0  5 1.00
744 748  0  5 1.00
745 746  0  5 1.00
745 747  0  5 1.00
746 747  0  5 1.00
746 748  0  5 1.00
747 748  0  5 1.00
747 749  0  5 1.00
748 749  0  5 1.00
748 750  0  5 1.00
749 750  0  5 1.00
749 751  0  5 1.00
750 751  0  5 1.00
750 752  0  5 1.00
751 752  0  5 1.00
751 753  0  5 1.00
752 753  0  5 1.00
752 754  0  5 1.00
753 754  0  5 1.00
753 755  0  5 1.00
754 755  0  5 1.00
754 756  0  5 1.00
755 756  0  5 1.00
755 757  0  5 1.00
756 757  0  5 1.00
END
HELX_P HELX_P1  AA1 PRO A 5   ? ASP A 9   ? PRO A 27  ASP A 31  5 ? 5  
HELX_P HELX_P2  AA2 PRO A 13  ? GLY A 23  ? PRO A 35  GLY A 45  1 ? 11 
HELX_P HELX_P3  AA3 THR A 26  ? LEU A 34  ? THR A 48  LEU A 56  1 ? 9  
HELX_P HELX_P4  AA4 THR A 40  ? TRP A 42  ? THR A 62  TRP A 64  5 ? 3  
HELX_P HELX_P5  AA5 ASN A 51  ? GLY A 63  ? ASN A 73  GLY A 85  1 ? 13 
HELX_P HELX_P6  AA6 PRO A 73  ? THR A 92  ? PRO A 95  THR A 114 1 ? 20 
HELX_P HELX_P7  AA7 SER A 118 ? CYS A 124 ? SER A 140 CYS A 146 1 ? 7  
HELX_P HELX_P8  AA8 ASN A 127 ? ALA A 144 ? ASN A 149 ALA A 166 1 ? 18 
HELX_P HELX_P9  AA9 ARG A 165 ? THR A 169 ? ARG A 187 THR A 191 5 ? 5  
HELX_P HELX_P10 AB1 ASP A 173 ? SER A 190 ? ASP A 195 SER A 212 1 ? 18 
HELX_P HELX_P11 AB2 PRO A 206 ? LEU A 210 ? PRO A 228 LEU A 232 5 ? 5  
HELX_P HELX_P12 AB3 GLY A 218 ? TRP A 226 ? GLY A 240 TRP A 248 1 ? 9  
HELX_P HELX_P13 AB4 LEU A 227 ? ASP A 236 ? LEU A 249 ASP A 258 1 ? 10 
HELX_P HELX_P14 AB5 ASP A 257 ? THR A 262 ? ASP A 279 THR A 284 1 ? 6  
HELX_P HELX_P15 AB6 GLY A 280 ? ALA A 288 ? GLY A 302 ALA A 310 1 ? 9  
HELX_P HELX_P16 AB7 ASP A 298 ? LEU A 307 ? ASP A 320 LEU A 329 1 ? 10 
HELX_P HELX_P17 AB8 TYR A 320 ? GLU A 323 ? TYR A 342 GLU A 345 5 ? 4  
HELX_P HELX_P18 AB9 THR A 324 ? ALA A 331 ? THR A 346 ALA A 353 1 ? 8  
HELX_P HELX_P19 AC1 ASP A 335 ? MET A 353 ? ASP A 357 MET A 375 1 ? 19 
HELX_P HELX_P20 AC2 PRO A 364 ? SER A 366 ? PRO A 386 SER A 388 5 ? 3  
HELX_P HELX_P21 AC3 GLU A 367 ? ILE A 372 ? GLU A 389 ILE A 394 1 ? 6  
HELX_P HELX_P22 AC4 THR A 374 ? GLU A 387 ? THR A 396 GLU A 409 1 ? 14 
HELX_P HELX_P23 AC5 PRO A 412 ? HIS A 415 ? PRO A 434 HIS A 437 5 ? 4  
HELX_P HELX_P24 AC6 GLU A 427 ? ARG A 431 ? GLU A 449 ARG A 453 5 ? 5  
HELX_P HELX_P25 AC7 THR A 434 ? GLY A 444 ? THR A 456 GLY A 466 1 ? 11 
HELX_P HELX_P26 AC8 GLY A 464 ? LYS A 474 ? GLY A 486 LYS A 496 1 ? 11 
HELX_P HELX_P27 AC9 ASP A 488 ? ALA A 494 ? ASP A 510 ALA A 516 1 ? 7  
HELX_P HELX_P28 AD1 ALA A 514 ? THR A 525 ? ALA A 536 THR A 547 1 ? 12 
HELX_P HELX_P29 AD2 TRP A 543 ? THR A 548 ? TRP A 565 THR A 570 1 ? 6  
HELX_P HELX_P30 AD3 GLN A 560 ? PHE A 570 ? GLN A 582 PHE A 592 1 ? 11 
HELX_P HELX_P31 AD4 SER A 586 ? LEU A 590 ? SER A 608 LEU A 612 5 ? 5  
HELX_P HELX_P32 AD5 GLN A 719 ? LEU A 721 ? GLN A 741 LEU A 743 5 ? 3  