6dju 848
159 160  0  5 1.00
159 161  0  5 1.00
159 162  0  5 1.00
159 163  0  5 1.00
160 161  0  5 1.00
160 162  0  5 1.00
160 163  0  5 1.00
160 164  0  5 1.00
160 165  0  5 1.00
161 162  0  5 1.00
161 163  0  5 1.00
161 164  0  5 1.00
161 165  0  5 1.00
161 166  0  5 1.00
162 163  0  5 1.00
162 164  0  5 1.00
162 165  0  5 1.00
163 164  0  5 1.00
163 165  0  5 1.00
164 165  0  5 1.00
164 166  0  5 1.00
164 241  0  5 1.00
165 166  0  5 1.00
165 167  0  5 1.00
165 239  0  5 1.00
165 240  0  5 1.00
165 241  0  5 1.00
166 167  0  5 1.00
166 168  0  5 1.00
166 238  0  5 1.00
166 239  0  5 1.00
167 168  0  5 1.00
167 169  0  5 1.00
167 170  0  5 1.00
167 171  0  5 1.00
167 237  0  5 1.00
167 238  0  5 1.00
167 239  0  5 1.00
168 169  0  5 1.00
168 170  0  5 1.00
168 171  0  5 1.00
168 172  0  5 1.00
168 173  0  5 1.00
168 237  0  5 1.00
169 170  0  5 1.00
169 171  0  5 1.00
169 172  0  5 1.00
169 173  0  5 1.00
169 237  0  5 1.00
170 171  0  5 1.00
170 172  0  5 1.00
170 173  0  5 1.00
170 174  0  5 1.00
171 172  0  5 1.00
171 173  0  5 1.00
171 174  0  5 1.00
171 175  0  5 1.00
171 176  0  5 1.00
171 177  0  5 1.00
172 173  0  5 1.00
172 174  0  5 1.00
172 175  0  5 1.00
172 176  0  5 1.00
173 174  0  5 1.00
173 175  0  5 1.00
174 175  0  5 1.00
174 176  0  5 1.00
175 176  0  5 1.00
175 177  0  5 1.00
176 177  0  5 1.00
176 178  0  5 1.00
177 178  0  5 1.00
177 179  0  5 1.00
178 179  0  5 1.00
178 180  0  5 1.00
179 180  0  5 1.00
179 181  0  5 1.00
180 181  0  5 1.00
180 182  0  5 1.00
181 182  0  5 1.00
181 183  0  5 1.00
181 350  0  5 1.00
182 183  0  5 1.00
182 184  0  5 1.00
183 184  0  5 1.00
183 185  0  5 1.00
183 186  0  5 1.00
183 187  0  5 1.00
184 185  0  5 1.00
184 186  0  5 1.00
184 187  0  5 1.00
184 188  0  5 1.00
184 189  0  5 1.00
185 186  0  5 1.00
185 187  0  5 1.00
185 188  0  5 1.00
185 189  0  5 1.00
186 187  0  5 1.00
186 188  0  5 1.00
186 189  0  5 1.00
186 190  0  5 1.00
186 191  0  5 1.00
187 188  0  5 1.00
187 189  0  5 1.00
187 190  0  5 1.00
187 191  0  5 1.00
187 192  0  5 1.00
188 189  0  5 1.00
188 190  0  5 1.00
188 191  0  5 1.00
188 192  0  5 1.00
188 193  0  5 1.00
189 190  0  5 1.00
189 191  0  5 1.00
189 192  0  5 1.00
189 193  0  5 1.00
189 194  0  5 1.00
190 191  0  5 1.00
190 192  0  5 1.00
190 193  0  5 1.00
190 194  0  5 1.00
191 192  0  5 1.00
191 193  0  5 1.00
191 194  0  5 1.00
191 195  0  5 1.00
192 193  0  5 1.00
192 194  0  5 1.00
192 195  0  5 1.00
192 196  0  5 1.00
193 194  0  5 1.00
193 195  0  5 1.00
193 196  0  5 1.00
193 200  0  5 1.00
194 195  0  5 1.00
194 196  0  5 1.00
194 200  0  5 1.00
195 196  0  5 1.00
195 197  0  5 1.00
196 197  0  5 1.00
196 198  0  5 1.00
197 198  0  5 1.00
197 199  0  5 1.00
198 199  0  5 1.00
198 200  0  5 1.00
199 200  0  5 1.00
199 201  0  5 1.00
199 335  0  5 1.00
200 201  0  5 1.00
200 202  0  5 1.00
200 310  0  5 1.00
200 311  0  5 1.00
201 202  0  5 1.00
201 203  0  5 1.00
201 310  0  5 1.00
201 311  0  5 1.00
201 333  0  5 1.00
201 334  0  5 1.00
201 335  0  5 1.00
202 203  0  5 1.00
202 204  0  5 1.00
202 310  0  5 1.00
202 311  0  5 1.00
202 312  0  5 1.00
202 313  0  5 1.00
202 335  0  5 1.00
203 204  0  5 1.00
203 205  0  5 1.00
203 313  0  5 1.00
203 335  0  5 1.00
203 336  0  5 1.00
203 337  0  5 1.00
204 205  0  5 1.00
204 206  0  5 1.00
204 313  0  5 1.00
204 314  0  5 1.00
204 315  0  5 1.00
204 337  0  5 1.00
205 206  0  5 1.00
205 207  0  5 1.00
205 315  0  5 1.00
205 316  0  5 1.00
205 337  0  5 1.00
205 338  0  5 1.00
205 339  0  5 1.00
206 207  0  5 1.00
206 208  0  5 1.00
206 315  0  5 1.00
206 316  0  5 1.00
206 317  0  5 1.00
206 339  0  5 1.00
207 208  0  5 1.00
207 209  0  5 1.00
207 210  0  5 1.00
207 317  0  5 1.00
208 209  0  5 1.00
208 210  0  5 1.00
209 210  0  5 1.00
209 211  0  5 1.00
209 386  0  5 1.00
209 388  0  5 1.00
209 389  0  5 1.00
210 211  0  5 1.00
210 212  0  5 1.00
211 212  0  5 1.00
211 213  0  5 1.00
211 214  0  5 1.00
211 215  0  5 1.00
212 213  0  5 1.00
212 214  0  5 1.00
212 215  0  5 1.00
212 216  0  5 1.00
213 214  0  5 1.00
213 215  0  5 1.00
213 216  0  5 1.00
213 217  0  5 1.00
214 215  0  5 1.00
214 216  0  5 1.00
214 217  0  5 1.00
214 218  0  5 1.00
214 219  0  5 1.00
215 216  0  5 1.00
215 217  0  5 1.00
215 218  0  5 1.00
215 219  0  5 1.00
216 217  0  5 1.00
216 218  0  5 1.00
216 219  0  5 1.00
216 220  0  5 1.00
217 218  0  5 1.00
217 219  0  5 1.00
217 220  0  5 1.00
217 221  0  5 1.00
218 219  0  5 1.00
218 220  0  5 1.00
218 221  0  5 1.00
218 222  0  5 1.00
219 220  0  5 1.00
219 221  0  5 1.00
219 222  0  5 1.00
219 223  0  5 1.00
219 224  0  5 1.00
220 221  0  5 1.00
220 222  0  5 1.00
220 223  0  5 1.00
220 224  0  5 1.00
221 222  0  5 1.00
221 223  0  5 1.00
221 224  0  5 1.00
221 225  0  5 1.00
221 226  0  5 1.00
222 223  0  5 1.00
222 224  0  5 1.00
222 225  0  5 1.00
222 226  0  5 1.00
222 227  0  5 1.00
222 228  0  5 1.00
223 224  0  5 1.00
223 225  0  5 1.00
223 226  0  5 1.00
224 225  0  5 1.00
224 226  0  5 1.00
225 226  0  5 1.00
225 227  0  5 1.00
226 227  0  5 1.00
226 228  0  5 1.00
227 228  0  5 1.00
227 229  0  5 1.00
228 229  0  5 1.00
228 230  0  5 1.00
229 230  0  5 1.00
229 231  0  5 1.00
229 232  0  5 1.00
230 231  0  5 1.00
230 232  0  5 1.00
230 233  0  5 1.00
231 232  0  5 1.00
231 233  0  5 1.00
232 233  0  5 1.00
232 234  0  5 1.00
233 234  0  5 1.00
233 235  0  5 1.00
234 235  0  5 1.00
234 236  0  5 1.00
234 272  0  5 1.00
235 236  0  5 1.00
235 237  0  5 1.00
235 272  0  5 1.00
235 273  0  5 1.00
235 274  0  5 1.00
236 237  0  5 1.00
236 238  0  5 1.00
236 272  0  5 1.00
236 273  0  5 1.00
236 274  0  5 1.00
237 238  0  5 1.00
237 239  0  5 1.00
237 274  0  5 1.00
238 239  0  5 1.00
238 240  0  5 1.00
238 274  0  5 1.00
238 275  0  5 1.00
238 276  0  5 1.00
239 240  0  5 1.00
239 241  0  5 1.00
239 276  0  5 1.00
240 241  0  5 1.00
240 242  0  5 1.00
240 276  0  5 1.00
241 242  0  5 1.00
241 243  0  5 1.00
241 244  0  5 1.00
241 245  0  5 1.00
242 243  0  5 1.00
242 244  0  5 1.00
242 245  0  5 1.00
242 246  0  5 1.00
243 244  0  5 1.00
243 245  0  5 1.00
243 246  0  5 1.00
243 247  0  5 1.00
244 245  0  5 1.00
244 246  0  5 1.00
244 247  0  5 1.00
245 246  0  5 1.00
245 247  0  5 1.00
246 247  0  5 1.00
246 248  0  5 1.00
247 248  0  5 1.00
247 249  0  5 1.00
248 249  0  5 1.00
248 250  0  5 1.00
249 250  0  5 1.00
249 251  0  5 1.00
250 251  0  5 1.00
250 252  0  5 1.00
251 252  0  5 1.00
251 253  0  5 1.00
251 254  0  5 1.00
252 253  0  5 1.00
252 254  0  5 1.00
253 254  0  5 1.00
253 255  0  5 1.00
253 256  0  5 1.00
253 257  0  5 1.00
254 255  0  5 1.00
254 256  0  5 1.00
254 257  0  5 1.00
254 258  0  5 1.00
255 256  0  5 1.00
255 257  0  5 1.00
255 258  0  5 1.00
255 259  0  5 1.00
255 260  0  5 1.00
256 257  0  5 1.00
256 258  0  5 1.00
256 259  0  5 1.00
256 260  0  5 1.00
256 261  0  5 1.00
257 258  0  5 1.00
257 259  0  5 1.00
257 260  0  5 1.00
257 261  0  5 1.00
258 259  0  5 1.00
258 260  0  5 1.00
258 261  0  5 1.00
258 262  0  5 1.00
259 260  0  5 1.00
259 261  0  5 1.00
259 262  0  5 1.00
259 263  0  5 1.00
259 264  0  5 1.00
260 261  0  5 1.00
260 262  0  5 1.00
260 263  0  5 1.00
260 264  0  5 1.00
260 265  0  5 1.00
261 262  0  5 1.00
261 263  0  5 1.00
261 264  0  5 1.00
261 265  0  5 1.00
262 263  0  5 1.00
262 264  0  5 1.00
262 265  0  5 1.00
262 266  0  5 1.00
263 264  0  5 1.00
263 265  0  5 1.00
263 266  0  5 1.00
263 267  0  5 1.00
264 265  0  5 1.00
264 266  0  5 1.00
264 267  0  5 1.00
264 268  0  5 1.00
265 266  0  5 1.00
265 267  0  5 1.00
265 268  0  5 1.00
265 269  0  5 1.00
266 267  0  5 1.00
266 268  0  5 1.00
266 269  0  5 1.00
267 268  0  5 1.00
267 269  0  5 1.00
268 269  0  5 1.00
268 270  0  5 1.00
269 270  0  5 1.00
269 271  0  5 1.00
270 271  0  5 1.00
270 272  0  5 1.00
271 272  0  5 1.00
271 273  0  5 1.00
272 273  0  5 1.00
272 274  0  5 1.00
273 274  0  5 1.00
273 275  0  5 1.00
274 275  0  5 1.00
274 276  0  5 1.00
275 276  0  5 1.00
275 277  0  5 1.00
275 310  0  5 1.00
275 311  0  5 1.00
275 312  0  5 1.00
276 277  0  5 1.00
276 278  0  5 1.00
276 312  0  5 1.00
277 278  0  5 1.00
277 279  0  5 1.00
277 280  0  5 1.00
277 312  0  5 1.00
277 313  0  5 1.00
277 314  0  5 1.00
278 279  0  5 1.00
278 280  0  5 1.00
278 314  0  5 1.00
279 280  0  5 1.00
279 281  0  5 1.00
279 282  0  5 1.00
279 314  0  5 1.00
279 315  0  5 1.00
280 281  0  5 1.00
280 282  0  5 1.00
280 283  0  5 1.00
280 284  0  5 1.00
280 314  0  5 1.00
281 282  0  5 1.00
281 283  0  5 1.00
281 284  0  5 1.00
282 283  0  5 1.00
282 284  0  5 1.00
282 285  0  5 1.00
282 286  0  5 1.00
283 284  0  5 1.00
283 285  0  5 1.00
283 286  0  5 1.00
283 296  0  5 1.00
283 297  0  5 1.00
284 285  0  5 1.00
284 286  0  5 1.00
284 296  0  5 1.00
285 286  0  5 1.00
285 287  0  5 1.00
285 296  0  5 1.00
285 297  0  5 1.00
286 287  0  5 1.00
286 288  0  5 1.00
287 288  0  5 1.00
287 296  0  5 1.00
287 297  0  5 1.00
288 296  0  5 1.00
296 297  0  5 1.00
296 298  0  5 1.00
297 298  0  5 1.00
297 299  0  5 1.00
298 299  0  5 1.00
298 300  0  5 1.00
298 301  0  5 1.00
299 300  0  5 1.00
299 301  0  5 1.00
300 301  0  5 1.00
300 302  0  5 1.00
300 303  0  5 1.00
300 304  0  5 1.00
300 305  0  5 1.00
301 302  0  5 1.00
301 303  0  5 1.00
301 304  0  5 1.00
301 305  0  5 1.00
302 303  0  5 1.00
302 304  0  5 1.00
302 305  0  5 1.00
302 306  0  5 1.00
303 304  0  5 1.00
303 305  0  5 1.00
303 306  0  5 1.00
303 307  0  5 1.00
303 308  0  5 1.00
303 309  0  5 1.00
304 305  0  5 1.00
304 306  0  5 1.00
304 307  0  5 1.00
305 306  0  5 1.00
305 307  0  5 1.00
306 307  0  5 1.00
306 308  0  5 1.00
307 308  0  5 1.00
307 309  0  5 1.00
308 309  0  5 1.00
308 310  0  5 1.00
309 310  0  5 1.00
309 311  0  5 1.00
310 311  0  5 1.00
310 312  0  5 1.00
311 312  0  5 1.00
311 313  0  5 1.00
312 313  0  5 1.00
312 314  0  5 1.00
313 314  0  5 1.00
313 315  0  5 1.00
314 315  0  5 1.00
314 316  0  5 1.00
315 316  0  5 1.00
315 317  0  5 1.00
316 317  0  5 1.00
316 318  0  5 1.00
316 319  0  5 1.00
316 320  0  5 1.00
317 318  0  5 1.00
317 319  0  5 1.00
317 320  0  5 1.00
317 321  0  5 1.00
318 319  0  5 1.00
318 320  0  5 1.00
318 321  0  5 1.00
318 322  0  5 1.00
319 320  0  5 1.00
319 321  0  5 1.00
319 322  0  5 1.00
319 323  0  5 1.00
319 324  0  5 1.00
320 321  0  5 1.00
320 322  0  5 1.00
320 323  0  5 1.00
320 324  0  5 1.00
320 325  0  5 1.00
321 322  0  5 1.00
321 323  0  5 1.00
321 324  0  5 1.00
321 325  0  5 1.00
321 326  0  5 1.00
322 323  0  5 1.00
322 324  0  5 1.00
322 326  0  5 1.00
323 324  0  5 1.00
323 325  0  5 1.00
323 326  0  5 1.00
323 327  0  5 1.00
324 325  0  5 1.00
324 326  0  5 1.00
324 327  0  5 1.00
324 328  0  5 1.00
325 326  0  5 1.00
325 327  0  5 1.00
325 328  0  5 1.00
326 327  0  5 1.00
326 328  0  5 1.00
327 328  0  5 1.00
327 329  0  5 1.00
327 330  0  5 1.00
328 329  0  5 1.00
328 330  0  5 1.00
328 331  0  5 1.00
328 332  0  5 1.00
329 330  0  5 1.00
329 331  0  5 1.00
330 331  0  5 1.00
330 332  0  5 1.00
330 333  0  5 1.00
330 334  0  5 1.00
331 332  0  5 1.00
331 333  0  5 1.00
331 334  0  5 1.00
332 333  0  5 1.00
332 334  0  5 1.00
333 334  0  5 1.00
333 335  0  5 1.00
334 335  0  5 1.00
334 336  0  5 1.00
335 336  0  5 1.00
335 337  0  5 1.00
336 337  0  5 1.00
336 338  0  5 1.00
337 338  0  5 1.00
337 339  0  5 1.00
338 339  0  5 1.00
338 340  0  5 1.00
339 340  0  5 1.00
339 341  0  5 1.00
340 341  0  5 1.00
340 342  0  5 1.00
341 342  0  5 1.00
341 343  0  5 1.00
342 343  0  5 1.00
342 344  0  5 1.00
343 344  0  5 1.00
343 345  0  5 1.00
343 346  0  5 1.00
343 347  0  5 1.00
344 345  0  5 1.00
344 346  0  5 1.00
344 347  0  5 1.00
344 348  0  5 1.00
345 346  0  5 1.00
345 347  0  5 1.00
345 348  0  5 1.00
345 349  0  5 1.00
346 347  0  5 1.00
346 348  0  5 1.00
346 349  0  5 1.00
346 350  0  5 1.00
347 348  0  5 1.00
347 349  0  5 1.00
347 350  0  5 1.00
347 351  0  5 1.00
348 349  0  5 1.00
348 350  0  5 1.00
348 351  0  5 1.00
348 352  0  5 1.00
348 371  0  5 1.00
349 350  0  5 1.00
349 351  0  5 1.00
349 352  0  5 1.00
349 353  0  5 1.00
350 351  0  5 1.00
350 352  0  5 1.00
350 353  0  5 1.00
350 354  0  5 1.00
351 352  0  5 1.00
351 353  0  5 1.00
351 354  0  5 1.00
351 355  0  5 1.00
352 353  0  5 1.00
352 354  0  5 1.00
352 355  0  5 1.00
353 354  0  5 1.00
353 355  0  5 1.00
354 355  0  5 1.00
354 356  0  5 1.00
354 357  0  5 1.00
354 358  0  5 1.00
355 356  0  5 1.00
355 357  0  5 1.00
355 358  0  5 1.00
355 359  0  5 1.00
356 357  0  5 1.00
356 358  0  5 1.00
356 359  0  5 1.00
356 360  0  5 1.00
357 358  0  5 1.00
357 359  0  5 1.00
357 360  0  5 1.00
357 361  0  5 1.00
358 359  0  5 1.00
358 360  0  5 1.00
358 361  0  5 1.00
358 362  0  5 1.00
358 364  0  5 1.00
359 360  0  5 1.00
359 361  0  5 1.00
359 362  0  5 1.00
359 363  0  5 1.00
359 364  0  5 1.00
360 361  0  5 1.00
360 362  0  5 1.00
361 362  0  5 1.00
361 363  0  5 1.00
362 363  0  5 1.00
362 364  0  5 1.00
363 364  0  5 1.00
363 365  0  5 1.00
363 531  0  5 1.00
364 365  0  5 1.00
364 366  0  5 1.00
364 531  0  5 1.00
365 366  0  5 1.00
365 367  0  5 1.00
365 531  0  5 1.00
365 532  0  5 1.00
365 533  0  5 1.00
366 367  0  5 1.00
366 368  0  5 1.00
366 533  0  5 1.00
367 368  0  5 1.00
367 369  0  5 1.00
367 370  0  5 1.00
367 371  0  5 1.00
367 533  0  5 1.00
368 369  0  5 1.00
368 370  0  5 1.00
368 371  0  5 1.00
368 372  0  5 1.00
369 370  0  5 1.00
369 371  0  5 1.00
369 372  0  5 1.00
369 373  0  5 1.00
369 374  0  5 1.00
370 371  0  5 1.00
370 372  0  5 1.00
370 373  0  5 1.00
370 374  0  5 1.00
370 375  0  5 1.00
370 534  0  5 1.00
371 372  0  5 1.00
371 373  0  5 1.00
371 374  0  5 1.00
371 375  0  5 1.00
372 373  0  5 1.00
372 374  0  5 1.00
372 375  0  5 1.00
372 376  0  5 1.00
373 374  0  5 1.00
373 375  0  5 1.00
373 376  0  5 1.00
373 377  0  5 1.00
373 378  0  5 1.00
374 375  0  5 1.00
374 376  0  5 1.00
374 377  0  5 1.00
374 378  0  5 1.00
374 391  0  5 1.00
375 376  0  5 1.00
375 377  0  5 1.00
375 378  0  5 1.00
375 379  0  5 1.00
376 377  0  5 1.00
376 378  0  5 1.00
376 379  0  5 1.00
376 380  0  5 1.00
377 378  0  5 1.00
377 379  0  5 1.00
377 380  0  5 1.00
377 381  0  5 1.00
377 382  0  5 1.00
378 379  0  5 1.00
378 380  0  5 1.00
378 381  0  5 1.00
378 382  0  5 1.00
379 380  0  5 1.00
379 381  0  5 1.00
379 382  0  5 1.00
380 381  0  5 1.00
380 382  0  5 1.00
380 383  0  5 1.00
381 382  0  5 1.00
381 383  0  5 1.00
382 383  0  5 1.00
382 384  0  5 1.00
382 385  0  5 1.00
383 384  0  5 1.00
383 385  0  5 1.00
384 385  0  5 1.00
384 386  0  5 1.00
385 386  0  5 1.00
385 387  0  5 1.00
386 387  0  5 1.00
386 388  0  5 1.00
386 389  0  5 1.00
386 390  0  5 1.00
387 388  0  5 1.00
387 389  0  5 1.00
387 390  0  5 1.00
387 391  0  5 1.00
388 389  0  5 1.00
388 390  0  5 1.00
388 391  0  5 1.00
388 392  0  5 1.00
389 390  0  5 1.00
389 391  0  5 1.00
389 392  0  5 1.00
389 393  0  5 1.00
390 391  0  5 1.00
390 392  0  5 1.00
390 393  0  5 1.00
390 394  0  5 1.00
391 392  0  5 1.00
391 393  0  5 1.00
391 394  0  5 1.00
391 395  0  5 1.00
392 393  0  5 1.00
392 394  0  5 1.00
392 395  0  5 1.00
392 396  0  5 1.00
392 397  0  5 1.00
393 394  0  5 1.00
393 395  0  5 1.00
393 396  0  5 1.00
393 397  0  5 1.00
393 398  0  5 1.00
394 395  0  5 1.00
394 396  0  5 1.00
394 397  0  5 1.00
394 398  0  5 1.00
394 399  0  5 1.00
395 396  0  5 1.00
395 397  0  5 1.00
395 398  0  5 1.00
395 399  0  5 1.00
396 397  0  5 1.00
396 398  0  5 1.00
396 399  0  5 1.00
396 400  0  5 1.00
397 398  0  5 1.00
397 399  0  5 1.00
397 400  0  5 1.00
397 401  0  5 1.00
398 399  0  5 1.00
398 400  0  5 1.00
398 401  0  5 1.00
398 402  0  5 1.00
398 403  0  5 1.00
399 400  0  5 1.00
399 401  0  5 1.00
399 402  0  5 1.00
399 403  0  5 1.00
400 401  0  5 1.00
400 402  0  5 1.00
400 403  0  5 1.00
400 404  0  5 1.00
401 402  0  5 1.00
401 403  0  5 1.00
401 404  0  5 1.00
401 405  0  5 1.00
402 403  0  5 1.00
402 404  0  5 1.00
402 405  0  5 1.00
402 406  0  5 1.00
402 407  0  5 1.00
403 404  0  5 1.00
403 405  0  5 1.00
403 406  0  5 1.00
403 407  0  5 1.00
404 405  0  5 1.00
404 406  0  5 1.00
404 407  0  5 1.00
404 409  0  5 1.00
405 406  0  5 1.00
405 407  0  5 1.00
405 410  0  5 1.00
406 407  0  5 1.00
406 408  0  5 1.00
407 408  0  5 1.00
407 409  0  5 1.00
407 410  0  5 1.00
408 409  0  5 1.00
408 410  0  5 1.00
409 410  0  5 1.00
409 411  0  5 1.00
410 411  0  5 1.00
410 412  0  5 1.00
410 414  0  5 1.00
411 412  0  5 1.00
411 413  0  5 1.00
411 414  0  5 1.00
411 415  0  5 1.00
412 413  0  5 1.00
412 414  0  5 1.00
412 415  0  5 1.00
412 416  0  5 1.00
412 417  0  5 1.00
413 414  0  5 1.00
413 415  0  5 1.00
413 416  0  5 1.00
413 417  0  5 1.00
413 418  0  5 1.00
414 415  0  5 1.00
414 416  0  5 1.00
414 417  0  5 1.00
414 418  0  5 1.00
414 419  0  5 1.00
415 416  0  5 1.00
415 417  0  5 1.00
415 418  0  5 1.00
415 419  0  5 1.00
416 417  0  5 1.00
416 418  0  5 1.00
416 419  0  5 1.00
416 420  0  5 1.00
416 421  0  5 1.00
417 418  0  5 1.00
417 419  0  5 1.00
417 420  0  5 1.00
417 421  0  5 1.00
417 422  0  5 1.00
418 419  0  5 1.00
418 420  0  5 1.00
418 421  0  5 1.00
418 422  0  5 1.00
419 420  0  5 1.00
419 421  0  5 1.00
419 422  0  5 1.00
419 423  0  5 1.00
419 424  0  5 1.00
420 421  0  5 1.00
420 422  0  5 1.00
420 423  0  5 1.00
420 424  0  5 1.00
420 425  0  5 1.00
421 422  0  5 1.00
421 423  0  5 1.00
421 424  0  5 1.00
421 425  0  5 1.00
422 423  0  5 1.00
422 424  0  5 1.00
422 425  0  5 1.00
422 426  0  5 1.00
422 427  0  5 1.00
423 424  0  5 1.00
423 425  0  5 1.00
423 426  0  5 1.00
423 427  0  5 1.00
423 428  0  5 1.00
424 425  0  5 1.00
424 426  0  5 1.00
424 427  0  5 1.00
424 428  0  5 1.00
424 429  0  5 1.00
425 426  0  5 1.00
425 427  0  5 1.00
425 428  0  5 1.00
425 429  0  5 1.00
425 430  0  5 1.00
426 427  0  5 1.00
426 428  0  5 1.00
426 429  0  5 1.00
426 430  0  5 1.00
427 428  0  5 1.00
427 429  0  5 1.00
427 430  0  5 1.00
427 431  0  5 1.00
428 429  0  5 1.00
428 430  0  5 1.00
428 431  0  5 1.00
429 430  0  5 1.00
429 431  0  5 1.00
430 431  0  5 1.00
442 443  0  5 1.00
442 444  0  5 1.00
442 445  0  5 1.00
443 444  0  5 1.00
443 445  0  5 1.00
443 446  0  5 1.00
443 447  0  5 1.00
444 445  0  5 1.00
444 446  0  5 1.00
444 447  0  5 1.00
444 448  0  5 1.00
445 446  0  5 1.00
445 447  0  5 1.00
445 448  0  5 1.00
445 449  0  5 1.00
445 450  0  5 1.00
446 447  0  5 1.00
446 448  0  5 1.00
446 449  0  5 1.00
446 450  0  5 1.00
447 448  0  5 1.00
447 449  0  5 1.00
447 450  0  5 1.00
447 451  0  5 1.00
447 452  0  5 1.00
448 449  0  5 1.00
448 450  0  5 1.00
448 451  0  5 1.00
448 452  0  5 1.00
448 453  0  5 1.00
449 450  0  5 1.00
449 451  0  5 1.00
449 452  0  5 1.00
449 453  0  5 1.00
449 454  0  5 1.00
450 451  0  5 1.00
450 452  0  5 1.00
450 453  0  5 1.00
450 454  0  5 1.00
451 452  0  5 1.00
451 453  0  5 1.00
451 454  0  5 1.00
451 455  0  5 1.00
452 453  0  5 1.00
452 454  0  5 1.00
452 455  0  5 1.00
452 456  0  5 1.00
452 457  0  5 1.00
453 454  0  5 1.00
453 455  0  5 1.00
453 456  0  5 1.00
453 457  0  5 1.00
454 455  0  5 1.00
454 456  0  5 1.00
454 457  0  5 1.00
454 458  0  5 1.00
455 456  0  5 1.00
455 457  0  5 1.00
455 458  0  5 1.00
455 459  0  5 1.00
455 460  0  5 1.00
456 457  0  5 1.00
456 458  0  5 1.00
456 459  0  5 1.00
456 460  0  5 1.00
457 458  0  5 1.00
457 459  0  5 1.00
457 460  0  5 1.00
457 461  0  5 1.00
457 462  0  5 1.00
458 459  0  5 1.00
458 460  0  5 1.00
458 461  0  5 1.00
458 462  0  5 1.00
458 463  0  5 1.00
459 460  0  5 1.00
459 461  0  5 1.00
459 462  0  5 1.00
459 463  0  5 1.00
459 464  0  5 1.00
460 461  0  5 1.00
460 462  0  5 1.00
460 463  0  5 1.00
460 464  0  5 1.00
461 462  0  5 1.00
461 463  0  5 1.00
461 464  0  5 1.00
461 465  0  5 1.00
461 466  0  5 1.00
462 463  0  5 1.00
462 464  0  5 1.00
462 465  0  5 1.00
462 466  0  5 1.00
462 467  0  5 1.00
463 464  0  5 1.00
463 465  0  5 1.00
463 466  0  5 1.00
463 467  0  5 1.00
464 465  0  5 1.00
464 466  0  5 1.00
464 467  0  5 1.00
464 468  0  5 1.00
465 466  0  5 1.00
465 467  0  5 1.00
465 468  0  5 1.00
465 469  0  5 1.00
466 467  0  5 1.00
466 468  0  5 1.00
466 469  0  5 1.00
467 468  0  5 1.00
467 469  0  5 1.00
468 469  0  5 1.00
530 531  0  5 1.00
530 532  0  5 1.00
531 532  0  5 1.00
531 533  0  5 1.00
532 533  0  5 1.00
532 534  0  5 1.00
533 534  0  5 1.00
533 535  0  5 1.00
534 535  0  5 1.00
534 536  0  5 1.00
534 537  0  5 1.00
534 538  0  5 1.00
535 536  0  5 1.00
535 537  0  5 1.00
535 538  0  5 1.00
535 539  0  5 1.00
536 537  0  5 1.00
536 538  0  5 1.00
536 539  0  5 1.00
536 540  0  5 1.00
537 538  0  5 1.00
537 539  0  5 1.00
537 540  0  5 1.00
537 541  0  5 1.00
538 539  0  5 1.00
538 540  0  5 1.00
538 541  0  5 1.00
538 542  0  5 1.00
538 543  0  5 1.00
539 540  0  5 1.00
539 541  0  5 1.00
539 542  0  5 1.00
539 543  0  5 1.00
539 544  0  5 1.00
539 550  0  5 1.00
540 541  0  5 1.00
540 542  0  5 1.00
540 543  0  5 1.00
540 544  0  5 1.00
540 545  0  5 1.00
541 542  0  5 1.00
541 543  0  5 1.00
541 544  0  5 1.00
541 545  0  5 1.00
542 543  0  5 1.00
542 544  0  5 1.00
542 545  0  5 1.00
542 546  0  5 1.00
542 548  0  5 1.00
543 544  0  5 1.00
543 545  0  5 1.00
543 546  0  5 1.00
543 547  0  5 1.00
543 548  0  5 1.00
543 549  0  5 1.00
543 550  0  5 1.00
544 545  0  5 1.00
544 546  0  5 1.00
544 547  0  5 1.00
545 546  0  5 1.00
545 547  0  5 1.00
545 548  0  5 1.00
546 547  0  5 1.00
546 548  0  5 1.00
546 671  0  5 1.00
546 672  0  5 1.00
547 548  0  5 1.00
547 549  0  5 1.00
548 549  0  5 1.00
548 550  0  5 1.00
549 550  0  5 1.00
549 551  0  5 1.00
550 551  0  5 1.00
550 552  0  5 1.00
551 552  0  5 1.00
551 553  0  5 1.00
552 553  0  5 1.00
552 554  0  5 1.00
553 554  0  5 1.00
553 555  0  5 1.00
554 555  0  5 1.00
554 556  0  5 1.00
554 557  0  5 1.00
555 556  0  5 1.00
555 557  0  5 1.00
555 558  0  5 1.00
555 559  0  5 1.00
556 557  0  5 1.00
556 558  0  5 1.00
556 559  0  5 1.00
556 560  0  5 1.00
557 558  0  5 1.00
557 559  0  5 1.00
557 560  0  5 1.00
557 561  0  5 1.00
557 562  0  5 1.00
558 559  0  5 1.00
558 560  0  5 1.00
558 561  0  5 1.00
558 562  0  5 1.00
559 560  0  5 1.00
559 561  0  5 1.00
559 562  0  5 1.00
559 563  0  5 1.00
560 561  0  5 1.00
560 562  0  5 1.00
560 563  0  5 1.00
560 564  0  5 1.00
561 562  0  5 1.00
561 563  0  5 1.00
561 564  0  5 1.00
562 563  0  5 1.00
562 564  0  5 1.00
562 565  0  5 1.00
563 564  0  5 1.00
563 565  0  5 1.00
563 566  0  5 1.00
563 567  0  5 1.00
564 565  0  5 1.00
564 566  0  5 1.00
564 567  0  5 1.00
564 568  0  5 1.00
564 569  0  5 1.00
565 566  0  5 1.00
565 567  0  5 1.00
565 568  0  5 1.00
565 569  0  5 1.00
566 567  0  5 1.00
566 568  0  5 1.00
566 569  0  5 1.00
566 570  0  5 1.00
567 568  0  5 1.00
567 569  0  5 1.00
567 570  0  5 1.00
568 569  0  5 1.00
568 570  0  5 1.00
568 571  0  5 1.00
568 572  0  5 1.00
569 570  0  5 1.00
569 571  0  5 1.00
569 572  0  5 1.00
570 571  0  5 1.00
570 572  0  5 1.00
571 572  0  5 1.00
571 573  0  5 1.00
572 573  0  5 1.00
572 574  0  5 1.00
573 574  0  5 1.00
573 575  0  5 1.00
574 575  0  5 1.00
574 576  0  5 1.00
575 576  0  5 1.00
575 577  0  5 1.00
575 578  0  5 1.00
575 579  0  5 1.00
576 577  0  5 1.00
576 578  0  5 1.00
576 579  0  5 1.00
576 580  0  5 1.00
577 578  0  5 1.00
577 579  0  5 1.00
577 580  0  5 1.00
577 581  0  5 1.00
578 579  0  5 1.00
578 580  0  5 1.00
578 581  0  5 1.00
578 582  0  5 1.00
578 583  0  5 1.00
579 580  0  5 1.00
579 581  0  5 1.00
579 582  0  5 1.00
579 583  0  5 1.00
579 584  0  5 1.00
580 581  0  5 1.00
580 582  0  5 1.00
580 583  0  5 1.00
580 584  0  5 1.00
581 582  0  5 1.00
581 583  0  5 1.00
581 584  0  5 1.00
581 585  0  5 1.00
582 583  0  5 1.00
582 584  0  5 1.00
582 585  0  5 1.00
582 586  0  5 1.00
583 584  0  5 1.00
583 585  0  5 1.00
583 586  0  5 1.00
583 587  0  5 1.00
584 585  0  5 1.00
584 586  0  5 1.00
584 587  0  5 1.00
584 588  0  5 1.00
585 586  0  5 1.00
585 587  0  5 1.00
585 588  0  5 1.00
585 589  0  5 1.00
585 600  0  5 1.00
586 587  0  5 1.00
586 588  0  5 1.00
586 589  0  5 1.00
586 590  0  5 1.00
586 591  0  5 1.00
587 588  0  5 1.00
587 589  0  5 1.00
587 590  0  5 1.00
587 591  0  5 1.00
588 589  0  5 1.00
588 590  0  5 1.00
588 591  0  5 1.00
588 592  0  5 1.00
588 593  0  5 1.00
588 594  0  5 1.00
589 590  0  5 1.00
589 591  0  5 1.00
589 592  0  5 1.00
589 594  0  5 1.00
590 591  0  5 1.00
590 592  0  5 1.00
591 592  0  5 1.00
591 593  0  5 1.00
592 593  0  5 1.00
592 594  0  5 1.00
593 594  0  5 1.00
593 595  0  5 1.00
594 595  0  5 1.00
594 596  0  5 1.00
595 596  0  5 1.00
595 597  0  5 1.00
595 598  0  5 1.00
596 597  0  5 1.00
596 598  0  5 1.00
597 598  0  5 1.00
597 599  0  5 1.00
597 698  0  5 1.00
598 599  0  5 1.00
598 600  0  5 1.00
598 711  0  5 1.00
598 712  0  5 1.00
598 713  0  5 1.00
599 600  0  5 1.00
599 601  0  5 1.00
599 602  0  5 1.00
599 711  0  5 1.00
599 712  0  5 1.00
599 713  0  5 1.00
599 714  0  5 1.00
600 601  0  5 1.00
600 602  0  5 1.00
600 712  0  5 1.00
600 713  0  5 1.00
600 714  0  5 1.00
601 602  0  5 1.00
601 603  0  5 1.00
601 714  0  5 1.00
601 715  0  5 1.00
601 716  0  5 1.00
602 603  0  5 1.00
602 604  0  5 1.00
602 716  0  5 1.00
602 747  0  5 1.00
602 748  0  5 1.00
603 604  0  5 1.00
603 605  0  5 1.00
603 716  0  5 1.00
603 717  0  5 1.00
603 718  0  5 1.00
603 748  0  5 1.00
603 749  0  5 1.00
604 605  0  5 1.00
604 606  0  5 1.00
604 718  0  5 1.00
604 749  0  5 1.00
604 750  0  5 1.00
604 751  0  5 1.00
605 606  0  5 1.00
605 607  0  5 1.00
605 718  0  5 1.00
605 719  0  5 1.00
605 720  0  5 1.00
605 751  0  5 1.00
606 607  0  5 1.00
606 608  0  5 1.00
606 720  0  5 1.00
606 751  0  5 1.00
606 752  0  5 1.00
606 753  0  5 1.00
607 608  0  5 1.00
607 609  0  5 1.00
607 720  0  5 1.00
607 721  0  5 1.00
607 722  0  5 1.00
607 724  0  5 1.00
607 753  0  5 1.00
608 609  0  5 1.00
608 610  0  5 1.00
608 611  0  5 1.00
609 610  0  5 1.00
609 611  0  5 1.00
609 802  0  5 1.00
609 803  0  5 1.00
610 611  0  5 1.00
610 612  0  5 1.00
610 802  0  5 1.00
610 803  0  5 1.00
610 804  0  5 1.00
610 805  0  5 1.00
611 612  0  5 1.00
611 613  0  5 1.00
612 613  0  5 1.00
612 614  0  5 1.00
612 615  0  5 1.00
612 616  0  5 1.00
613 614  0  5 1.00
613 615  0  5 1.00
613 616  0  5 1.00
613 617  0  5 1.00
614 615  0  5 1.00
614 616  0  5 1.00
614 617  0  5 1.00
614 618  0  5 1.00
615 616  0  5 1.00
615 617  0  5 1.00
615 618  0  5 1.00
615 619  0  5 1.00
616 617  0  5 1.00
616 618  0  5 1.00
616 619  0  5 1.00
616 620  0  5 1.00
616 621  0  5 1.00
617 618  0  5 1.00
617 619  0  5 1.00
617 620  0  5 1.00
617 621  0  5 1.00
618 619  0  5 1.00
618 620  0  5 1.00
618 621  0  5 1.00
618 622  0  5 1.00
619 620  0  5 1.00
619 621  0  5 1.00
619 622  0  5 1.00
619 623  0  5 1.00
620 621  0  5 1.00
620 622  0  5 1.00
620 623  0  5 1.00
620 624  0  5 1.00
621 622  0  5 1.00
621 623  0  5 1.00
621 624  0  5 1.00
621 625  0  5 1.00
621 626  0  5 1.00
621 627  0  5 1.00
621 628  0  5 1.00
622 623  0  5 1.00
622 624  0  5 1.00
622 625  0  5 1.00
622 626  0  5 1.00
622 627  0  5 1.00
622 628  0  5 1.00
623 624  0  5 1.00
623 625  0  5 1.00
623 626  0  5 1.00
624 625  0  5 1.00
624 626  0  5 1.00
625 626  0  5 1.00
625 627  0  5 1.00
626 627  0  5 1.00
626 628  0  5 1.00
627 628  0  5 1.00
627 629  0  5 1.00
627 630  0  5 1.00
628 629  0  5 1.00
628 630  0  5 1.00
628 631  0  5 1.00
629 630  0  5 1.00
629 631  0  5 1.00
630 631  0  5 1.00
630 632  0  5 1.00
631 632  0  5 1.00
631 633  0  5 1.00
631 675  0  5 1.00
632 633  0  5 1.00
632 634  0  5 1.00
632 675  0  5 1.00
632 676  0  5 1.00
632 677  0  5 1.00
633 634  0  5 1.00
633 635  0  5 1.00
633 677  0  5 1.00
634 635  0  5 1.00
634 636  0  5 1.00
634 677  0  5 1.00
634 678  0  5 1.00
634 679  0  5 1.00
635 636  0  5 1.00
635 637  0  5 1.00
635 638  0  5 1.00
635 679  0  5 1.00
636 637  0  5 1.00
636 638  0  5 1.00
636 639  0  5 1.00
636 679  0  5 1.00
636 680  0  5 1.00
636 683  0  5 1.00
636 684  0  5 1.00
637 638  0  5 1.00
637 639  0  5 1.00
637 679  0  5 1.00
637 680  0  5 1.00
638 639  0  5 1.00
638 640  0  5 1.00
639 640  0  5 1.00
639 641  0  5 1.00
639 683  0  5 1.00
639 684  0  5 1.00
639 685  0  5 1.00
640 641  0  5 1.00
640 642  0  5 1.00
640 683  0  5 1.00
640 684  0  5 1.00
640 685  0  5 1.00
641 642  0  5 1.00
641 643  0  5 1.00
641 644  0  5 1.00
641 685  0  5 1.00
642 643  0  5 1.00
642 644  0  5 1.00
642 645  0  5 1.00
643 644  0  5 1.00
643 645  0  5 1.00
643 646  0  5 1.00
644 645  0  5 1.00
644 646  0  5 1.00
644 647  0  5 1.00
645 646  0  5 1.00
645 647  0  5 1.00
645 648  0  5 1.00
645 649  0  5 1.00
646 647  0  5 1.00
646 648  0  5 1.00
646 649  0  5 1.00
646 650  0  5 1.00
646 651  0  5 1.00
647 648  0  5 1.00
647 649  0  5 1.00
647 650  0  5 1.00
647 662  0  5 1.00
647 663  0  5 1.00
647 664  0  5 1.00
648 649  0  5 1.00
648 650  0  5 1.00
648 662  0  5 1.00
648 663  0  5 1.00
648 664  0  5 1.00
648 665  0  5 1.00
649 650  0  5 1.00
649 651  0  5 1.00
649 662  0  5 1.00
649 703  0  5 1.00
649 704  0  5 1.00
650 651  0  5 1.00
650 652  0  5 1.00
650 661  0  5 1.00
650 662  0  5 1.00
650 704  0  5 1.00
651 652  0  5 1.00
651 653  0  5 1.00
651 657  0  5 1.00
651 704  0  5 1.00
651 705  0  5 1.00
652 653  0  5 1.00
652 654  0  5 1.00
652 655  0  5 1.00
652 704  0  5 1.00
653 654  0  5 1.00
653 655  0  5 1.00
653 704  0  5 1.00
654 655  0  5 1.00
654 656  0  5 1.00
655 656  0  5 1.00
655 657  0  5 1.00
655 658  0  5 1.00
656 657  0  5 1.00
656 658  0  5 1.00
656 659  0  5 1.00
657 658  0  5 1.00
657 659  0  5 1.00
657 660  0  5 1.00
657 661  0  5 1.00
658 659  0  5 1.00
658 660  0  5 1.00
658 661  0  5 1.00
659 660  0  5 1.00
659 661  0  5 1.00
660 661  0  5 1.00
660 662  0  5 1.00
661 662  0  5 1.00
661 663  0  5 1.00
662 663  0  5 1.00
662 664  0  5 1.00
662 665  0  5 1.00
662 666  0  5 1.00
663 664  0  5 1.00
663 665  0  5 1.00
663 666  0  5 1.00
663 667  0  5 1.00
664 665  0  5 1.00
664 666  0  5 1.00
664 667  0  5 1.00
664 668  0  5 1.00
665 666  0  5 1.00
665 667  0  5 1.00
665 668  0  5 1.00
665 669  0  5 1.00
666 667  0  5 1.00
666 668  0  5 1.00
666 669  0  5 1.00
667 668  0  5 1.00
667 669  0  5 1.00
667 670  0  5 1.00
668 669  0  5 1.00
668 670  0  5 1.00
668 671  0  5 1.00
668 672  0  5 1.00
669 670  0  5 1.00
669 671  0  5 1.00
669 672  0  5 1.00
670 671  0  5 1.00
670 672  0  5 1.00
671 672  0  5 1.00
671 673  0  5 1.00
671 674  0  5 1.00
672 673  0  5 1.00
672 674  0  5 1.00
672 713  0  5 1.00
673 674  0  5 1.00
673 675  0  5 1.00
673 713  0  5 1.00
673 714  0  5 1.00
674 675  0  5 1.00
674 676  0  5 1.00
674 714  0  5 1.00
674 715  0  5 1.00
675 676  0  5 1.00
675 677  0  5 1.00
675 715  0  5 1.00
676 677  0  5 1.00
676 678  0  5 1.00
676 715  0  5 1.00
676 716  0  5 1.00
676 717  0  5 1.00
677 678  0  5 1.00
677 679  0  5 1.00
677 717  0  5 1.00
678 679  0  5 1.00
678 680  0  5 1.00
678 681  0  5 1.00
678 717  0  5 1.00
678 718  0  5 1.00
678 719  0  5 1.00
679 680  0  5 1.00
679 681  0  5 1.00
679 719  0  5 1.00
680 681  0  5 1.00
680 682  0  5 1.00
680 683  0  5 1.00
680 684  0  5 1.00
680 719  0  5 1.00
680 720  0  5 1.00
681 682  0  5 1.00
681 683  0  5 1.00
681 684  0  5 1.00
681 719  0  5 1.00
682 683  0  5 1.00
682 684  0  5 1.00
682 719  0  5 1.00
683 684  0  5 1.00
683 685  0  5 1.00
684 685  0  5 1.00
684 686  0  5 1.00
685 686  0  5 1.00
685 687  0  5 1.00
685 688  0  5 1.00
685 689  0  5 1.00
686 687  0  5 1.00
686 688  0  5 1.00
686 689  0  5 1.00
687 688  0  5 1.00
687 689  0  5 1.00
687 690  0  5 1.00
687 691  0  5 1.00
688 689  0  5 1.00
688 690  0  5 1.00
688 691  0  5 1.00
688 692  0  5 1.00
689 690  0  5 1.00
689 691  0  5 1.00
689 692  0  5 1.00
689 693  0  5 1.00
690 691  0  5 1.00
690 692  0  5 1.00
690 693  0  5 1.00
691 692  0  5 1.00
691 693  0  5 1.00
691 694  0  5 1.00
691 695  0  5 1.00
692 693  0  5 1.00
692 694  0  5 1.00
692 695  0  5 1.00
692 696  0  5 1.00
693 694  0  5 1.00
693 695  0  5 1.00
693 696  0  5 1.00
693 697  0  5 1.00
694 695  0  5 1.00
694 696  0  5 1.00
694 698  0  5 1.00
694 699  0  5 1.00
694 700  0  5 1.00
694 701  0  5 1.00
695 696  0  5 1.00
695 697  0  5 1.00
695 698  0  5 1.00
695 699  0  5 1.00
695 700  0  5 1.00
696 697  0  5 1.00
696 698  0  5 1.00
696 699  0  5 1.00
697 698  0  5 1.00
697 699  0  5 1.00
698 699  0  5 1.00
698 700  0  5 1.00
699 700  0  5 1.00
699 701  0  5 1.00
699 709  0  5 1.00
699 710  0  5 1.00
699 711  0  5 1.00
699 712  0  5 1.00
700 701  0  5 1.00
700 702  0  5 1.00
700 709  0  5 1.00
700 710  0  5 1.00
700 711  0  5 1.00
701 702  0  5 1.00
701 703  0  5 1.00
701 707  0  5 1.00
701 708  0  5 1.00
701 709  0  5 1.00
702 703  0  5 1.00
702 704  0  5 1.00
702 707  0  5 1.00
702 708  0  5 1.00
703 704  0  5 1.00
703 705  0  5 1.00
703 706  0  5 1.00
703 707  0  5 1.00
704 705  0  5 1.00
704 706  0  5 1.00
705 706  0  5 1.00
705 707  0  5 1.00
706 707  0  5 1.00
706 708  0  5 1.00
707 708  0  5 1.00
707 709  0  5 1.00
708 709  0  5 1.00
708 710  0  5 1.00
709 710  0  5 1.00
709 711  0  5 1.00
710 711  0  5 1.00
710 712  0  5 1.00
711 712  0  5 1.00
711 713  0  5 1.00
711 714  0  5 1.00
712 713  0  5 1.00
712 714  0  5 1.00
713 714  0  5 1.00
713 715  0  5 1.00
714 715  0  5 1.00
714 716  0  5 1.00
715 716  0  5 1.00
715 717  0  5 1.00
716 717  0  5 1.00
716 718  0  5 1.00
717 718  0  5 1.00
717 719  0  5 1.00
718 719  0  5 1.00
718 720  0  5 1.00
719 720  0  5 1.00
719 721  0  5 1.00
720 721  0  5 1.00
720 722  0  5 1.00
721 722  0  5 1.00
721 723  0  5 1.00
721 724  0  5 1.00
722 723  0  5 1.00
722 724  0  5 1.00
722 731  0  5 1.00
723 724  0  5 1.00
723 725  0  5 1.00
723 726  0  5 1.00
723 731  0  5 1.00
724 725  0  5 1.00
724 726  0  5 1.00
725 726  0  5 1.00
725 727  0  5 1.00
726 727  0  5 1.00
726 728  0  5 1.00
726 730  0  5 1.00
726 731  0  5 1.00
727 728  0  5 1.00
727 729  0  5 1.00
727 730  0  5 1.00
728 729  0  5 1.00
728 730  0  5 1.00
728 731  0  5 1.00
728 732  0  5 1.00
729 730  0  5 1.00
729 731  0  5 1.00
729 732  0  5 1.00
729 733  0  5 1.00
730 731  0  5 1.00
730 732  0  5 1.00
730 733  0  5 1.00
730 734  0  5 1.00
731 732  0  5 1.00
731 733  0  5 1.00
731 734  0  5 1.00
731 735  0  5 1.00
732 733  0  5 1.00
732 734  0  5 1.00
732 735  0  5 1.00
732 736  0  5 1.00
732 737  0  5 1.00
733 734  0  5 1.00
733 735  0  5 1.00
733 736  0  5 1.00
733 737  0  5 1.00
734 735  0  5 1.00
734 736  0  5 1.00
734 737  0  5 1.00
734 738  0  5 1.00
734 739  0  5 1.00
735 736  0  5 1.00
735 737  0  5 1.00
735 738  0  5 1.00
735 739  0  5 1.00
736 737  0  5 1.00
736 738  0  5 1.00
736 739  0  5 1.00
737 738  0  5 1.00
737 739  0  5 1.00
738 739  0  5 1.00
738 740  0  5 1.00
739 740  0  5 1.00
739 741  0  5 1.00
740 741  0  5 1.00
740 742  0  5 1.00
740 743  0  5 1.00
740 744  0  5 1.00
741 742  0  5 1.00
741 743  0  5 1.00
741 744  0  5 1.00
741 745  0  5 1.00
742 743  0  5 1.00
742 744  0  5 1.00
742 745  0  5 1.00
742 746  0  5 1.00
743 744  0  5 1.00
743 745  0  5 1.00
743 746  0  5 1.00
743 747  0  5 1.00
744 745  0  5 1.00
744 746  0  5 1.00
744 747  0  5 1.00
745 746  0  5 1.00
745 747  0  5 1.00
746 747  0  5 1.00
746 748  0  5 1.00
747 748  0  5 1.00
747 749  0  5 1.00
748 749  0  5 1.00
748 750  0  5 1.00
749 750  0  5 1.00
749 751  0  5 1.00
750 751  0  5 1.00
750 752  0  5 1.00
751 752  0  5 1.00
751 753  0  5 1.00
752 753  0  5 1.00
752 754  0  5 1.00
753 754  0  5 1.00
753 755  0  5 1.00
754 755  0  5 1.00
754 756  0  5 1.00
755 756  0  5 1.00
755 757  0  5 1.00
756 757  0  5 1.00
756 758  0  5 1.00
757 758  0  5 1.00
757 759  0  5 1.00
757 760  0  5 1.00
757 761  0  5 1.00
758 759  0  5 1.00
758 760  0  5 1.00
758 761  0  5 1.00
758 762  0  5 1.00
759 760  0  5 1.00
759 761  0  5 1.00
759 762  0  5 1.00
759 763  0  5 1.00
760 761  0  5 1.00
760 762  0  5 1.00
760 763  0  5 1.00
760 764  0  5 1.00
761 762  0  5 1.00
761 763  0  5 1.00
761 764  0  5 1.00
761 765  0  5 1.00
762 763  0  5 1.00
762 764  0  5 1.00
762 765  0  5 1.00
762 766  0  5 1.00
762 767  0  5 1.00
763 764  0  5 1.00
763 765  0  5 1.00
763 766  0  5 1.00
763 767  0  5 1.00
764 765  0  5 1.00
764 766  0  5 1.00
764 767  0  5 1.00
764 768  0  5 1.00
765 766  0  5 1.00
765 767  0  5 1.00
765 768  0  5 1.00
765 769  0  5 1.00
766 767  0  5 1.00
766 768  0  5 1.00
766 769  0  5 1.00
766 770  0  5 1.00
766 771  0  5 1.00
767 768  0  5 1.00
767 769  0  5 1.00
767 770  0  5 1.00
767 771  0  5 1.00
767 772  0  5 1.00
768 769  0  5 1.00
768 770  0  5 1.00
768 771  0  5 1.00
768 772  0  5 1.00
769 770  0  5 1.00
769 771  0  5 1.00
769 772  0  5 1.00
769 773  0  5 1.00
770 771  0  5 1.00
770 772  0  5 1.00
770 773  0  5 1.00
770 774  0  5 1.00
771 772  0  5 1.00
771 773  0  5 1.00
771 774  0  5 1.00
771 775  0  5 1.00
772 773  0  5 1.00
772 774  0  5 1.00
772 775  0  5 1.00
772 776  0  5 1.00
773 774  0  5 1.00
773 775  0  5 1.00
773 776  0  5 1.00
773 777  0  5 1.00
774 775  0  5 1.00
774 776  0  5 1.00
774 777  0  5 1.00
775 776  0  5 1.00
775 777  0  5 1.00
775 778  0  5 1.00
776 777  0  5 1.00
776 778  0  5 1.00
776 779  0  5 1.00
776 780  0  5 1.00
776 781  0  5 1.00
777 778  0  5 1.00
777 779  0  5 1.00
777 780  0  5 1.00
778 779  0  5 1.00
778 780  0  5 1.00
779 780  0  5 1.00
779 781  0  5 1.00
779 830  0  5 1.00
779 831  0  5 1.00
780 781  0  5 1.00
780 782  0  5 1.00
780 830  0  5 1.00
780 831  0  5 1.00
780 832  0  5 1.00
781 782  0  5 1.00
781 783  0  5 1.00
781 832  0  5 1.00
782 783  0  5 1.00
782 784  0  5 1.00
782 832  0  5 1.00
782 833  0  5 1.00
782 834  0  5 1.00
783 784  0  5 1.00
783 785  0  5 1.00
783 833  0  5 1.00
783 834  0  5 1.00
784 785  0  5 1.00
784 786  0  5 1.00
784 834  0  5 1.00
784 835  0  5 1.00
784 836  0  5 1.00
785 786  0  5 1.00
785 787  0  5 1.00
786 787  0  5 1.00
786 788  0  5 1.00
786 789  0  5 1.00
786 790  0  5 1.00
786 836  0  5 1.00
787 788  0  5 1.00
787 789  0  5 1.00
787 790  0  5 1.00
787 791  0  5 1.00
787 792  0  5 1.00
788 789  0  5 1.00
788 790  0  5 1.00
788 791  0  5 1.00
788 792  0  5 1.00
789 790  0  5 1.00
789 791  0  5 1.00
789 792  0  5 1.00
789 793  0  5 1.00
790 791  0  5 1.00
790 792  0  5 1.00
790 793  0  5 1.00
790 794  0  5 1.00
791 792  0  5 1.00
791 793  0  5 1.00
791 794  0  5 1.00
791 795  0  5 1.00
792 793  0  5 1.00
792 794  0  5 1.00
792 795  0  5 1.00
792 796  0  5 1.00
793 794  0  5 1.00
793 795  0  5 1.00
793 796  0  5 1.00
793 797  0  5 1.00
794 795  0  5 1.00
794 796  0  5 1.00
794 797  0  5 1.00
794 798  0  5 1.00
795 796  0  5 1.00
795 797  0  5 1.00
795 798  0  5 1.00
796 797  0  5 1.00
796 798  0  5 1.00
797 798  0  5 1.00
797 799  0  5 1.00
798 799  0  5 1.00
798 800  0  5 1.00
798 803  0  5 1.00
799 800  0  5 1.00
799 801  0  5 1.00
799 802  0  5 1.00
799 803  0  5 1.00
800 801  0  5 1.00
800 802  0  5 1.00
800 803  0  5 1.00
801 802  0  5 1.00
801 803  0  5 1.00
802 803  0  5 1.00
802 804  0  5 1.00
802 805  0  5 1.00
802 806  0  5 1.00
803 804  0  5 1.00
803 805  0  5 1.00
803 806  0  5 1.00
804 805  0  5 1.00
804 806  0  5 1.00
804 807  0  5 1.00
804 808  0  5 1.00
805 806  0  5 1.00
805 807  0  5 1.00
805 808  0  5 1.00
805 809  0  5 1.00
806 807  0  5 1.00
806 808  0  5 1.00
806 809  0  5 1.00
806 810  0  5 1.00
807 808  0  5 1.00
807 809  0  5 1.00
807 810  0  5 1.00
807 811  0  5 1.00
808 809  0  5 1.00
808 810  0  5 1.00
808 811  0  5 1.00
808 812  0  5 1.00
809 810  0  5 1.00
809 811  0  5 1.00
809 812  0  5 1.00
809 813  0  5 1.00
810 811  0  5 1.00
810 812  0  5 1.00
810 813  0  5 1.00
810 814  0  5 1.00
810 815  0  5 1.00
811 812  0  5 1.00
811 813  0  5 1.00
811 814  0  5 1.00
811 815  0  5 1.00
811 816  0  5 1.00
812 813  0  5 1.00
812 814  0  5 1.00
812 815  0  5 1.00
812 816  0  5 1.00
812 817  0  5 1.00
813 814  0  5 1.00
813 815  0  5 1.00
813 816  0  5 1.00
813 817  0  5 1.00
814 815  0  5 1.00
814 816  0  5 1.00
814 817  0  5 1.00
814 818  0  5 1.00
814 843  0  5 1.00
815 816  0  5 1.00
815 817  0  5 1.00
815 818  0  5 1.00
815 819  0  5 1.00
815 820  0  5 1.00
816 817  0  5 1.00
816 818  0  5 1.00
816 819  0  5 1.00
816 820  0  5 1.00
816 821  0  5 1.00
817 818  0  5 1.00
817 819  0  5 1.00
817 820  0  5 1.00
817 821  0  5 1.00
817 822  0  5 1.00
818 819  0  5 1.00
818 820  0  5 1.00
818 821  0  5 1.00
818 822  0  5 1.00
818 823  0  5 1.00
819 820  0  5 1.00
819 821  0  5 1.00
819 822  0  5 1.00
819 823  0  5 1.00
819 824  0  5 1.00
820 821  0  5 1.00
820 822  0  5 1.00
820 823  0  5 1.00
820 824  0  5 1.00
821 822  0  5 1.00
821 823  0  5 1.00
821 824  0  5 1.00
821 825  0  5 1.00
822 823  0  5 1.00
822 824  0  5 1.00
822 825  0  5 1.00
822 826  0  5 1.00
822 828  0  5 1.00
823 824  0  5 1.00
823 825  0  5 1.00
823 826  0  5 1.00
824 825  0  5 1.00
824 826  0  5 1.00
825 826  0  5 1.00
825 827  0  5 1.00
826 827  0  5 1.00
826 828  0  5 1.00
826 829  0  5 1.00
827 828  0  5 1.00
827 829  0  5 1.00
828 829  0  5 1.00
828 830  0  5 1.00
829 830  0  5 1.00
829 831  0  5 1.00
829 832  0  5 1.00
830 831  0  5 1.00
830 832  0  5 1.00
831 832  0  5 1.00
831 833  0  5 1.00
832 833  0  5 1.00
832 834  0  5 1.00
833 834  0  5 1.00
833 835  0  5 1.00
834 835  0  5 1.00
834 836  0  5 1.00
835 836  0  5 1.00
835 837  0  5 1.00
835 844  0  5 1.00
835 845  0  5 1.00
836 837  0  5 1.00
836 838  0  5 1.00
836 844  0  5 1.00
837 838  0  5 1.00
837 839  0  5 1.00
837 842  0  5 1.00
837 843  0  5 1.00
837 844  0  5 1.00
838 839  0  5 1.00
838 840  0  5 1.00
838 842  0  5 1.00
838 843  0  5 1.00
839 840  0  5 1.00
839 841  0  5 1.00
839 842  0  5 1.00
839 843  0  5 1.00
840 841  0  5 1.00
840 842  0  5 1.00
841 842  0  5 1.00
841 843  0  5 1.00
842 843  0  5 1.00
842 844  0  5 1.00
843 844  0  5 1.00
843 845  0  5 1.00
844 845  0  5 1.00
END
HELX_P HELX_P1   AA1 GLN A 159 ? TYR A 164 ? GLN A 159 TYR A 164 1 ? 6  
HELX_P HELX_P2   AA2 ASP A 167 ? ARG A 173 ? ASP A 167 ARG A 173 1 ? 7  
HELX_P HELX_P3   AA3 ARG A 183 ? SER A 195 ? ARG A 183 SER A 195 1 ? 13 
HELX_P HELX_P4   AA4 LYS A 212 ? GLY A 226 ? LYS A 212 GLY A 226 1 ? 15 
HELX_P HELX_P5   AA5 ASP A 241 ? VAL A 246 ? ASP A 241 VAL A 246 1 ? 6  
HELX_P HELX_P6   AA6 GLU A 254 ? ASN A 268 ? GLU A 254 ASN A 268 1 ? 15 
HELX_P HELX_P7   AA7 GLU A 279 ? ILE A 283 ? GLU A 279 ILE A 283 5 ? 5  
HELX_P HELX_P8   AA8 ILE A 300 ? ALA A 305 ? ILE A 300 ALA A 305 1 ? 6  
HELX_P HELX_P9   AA9 LEU A 317 ? ILE A 324 ? LEU A 317 ILE A 324 1 ? 8  
HELX_P HELX_P10  AB1 LEU A 330 ? PHE A 334 ? LEU A 330 PHE A 334 5 ? 5  
HELX_P HELX_P11  AB2 SER A 343 ? GLY A 353 ? SER A 343 GLY A 353 1 ? 11 
HELX_P HELX_P12  AB3 LEU A 354 ? HIS A 362 ? LEU A 354 HIS A 362 1 ? 9  
HELX_P HELX_P13  AB4 THR A 367 ? TYR A 381 ? THR A 367 TYR A 381 1 ? 15 
HELX_P HELX_P14  AB5 PHE A 386 ? ASP A 407 ? PHE A 386 ASP A 407 1 ? 22 
HELX_P HELX_P15  AB6 GLU A 412 ? SER A 431 ? GLU A 412 SER A 431 1 ? 20 
HELX_P HELX_P16  AB7 LYS A 444 ? ALA A 469 ? LYS A 444 ALA A 469 1 ? 26 
HELX_P HELX_P17  AB8 GLY A 534 ? TRP A 545 ? GLY A 534 TRP A 545 1 ? 12 
HELX_P HELX_P18  AB9 GLU A 557 ? GLY A 569 ? GLU A 557 GLY A 569 1 ? 13 
HELX_P HELX_P19  AC1 GLN A 575 ? SER A 583 ? GLN A 575 SER A 583 1 ? 9  
HELX_P HELX_P20  AC2 ALA A 585 ? ALA A 591 ? ALA A 585 ALA A 591 1 ? 7  
HELX_P HELX_P21  AC3 LEU A 616 ? ALA A 621 ? LEU A 616 ALA A 621 1 ? 6  
HELX_P HELX_P22  AC4 LYS A 642 ? LEU A 648 ? LYS A 642 LEU A 648 5 ? 7  
HELX_P HELX_P23  AC5 LEU A 664 ? VAL A 668 ? LEU A 664 VAL A 668 5 ? 5  
HELX_P HELX_P24  AC6 VAL A 691 ? LEU A 696 ? VAL A 691 LEU A 696 1 ? 6  
HELX_P HELX_P25  AC7 GLU A 729 ? PHE A 739 ? GLU A 729 PHE A 739 1 ? 11 
HELX_P HELX_P26  AC8 LYS A 740 ? ASN A 745 ? LYS A 740 ASN A 745 1 ? 6  
HELX_P HELX_P27  AC9 PRO A 758 ? GLU A 760 ? PRO A 758 GLU A 760 5 ? 3  
HELX_P HELX_P28  AD1 LEU A 761 ? LEU A 776 ? LEU A 761 LEU A 776 1 ? 16 
HELX_P HELX_P29  AD2 SER A 786 ? ARG A 796 ? SER A 786 ARG A 796 1 ? 11 
HELX_P HELX_P30  AD3 ALA A 804 ? LEU A 824 ? ALA A 804 LEU A 824 1 ? 21