6e0w 626
 23  24  0  5 1.00
 23  25  0  5 1.00
 24  25  0  5 1.00
 24  26  0  5 1.00
 25  26  0  5 1.00
 25  27  0  5 1.00
 26  27  0  5 1.00
 26  28  0  5 1.00
 26  29  0  5 1.00
 26  30  0  5 1.00
 27  28  0  5 1.00
 27  29  0  5 1.00
 27  30  0  5 1.00
 27  31  0  5 1.00
 28  29  0  5 1.00
 28  30  0  5 1.00
 28  31  0  5 1.00
 29  30  0  5 1.00
 29  31  0  5 1.00
 29  32  0  5 1.00
 29  34  0  5 1.00
 29  35  0  5 1.00
 30  31  0  5 1.00
 30  32  0  5 1.00
 30  35  0  5 1.00
 30  36  0  5 1.00
 31  32  0  5 1.00
 31  33  0  5 1.00
 31  35  0  5 1.00
 32  33  0  5 1.00
 32  34  0  5 1.00
 32  35  0  5 1.00
 32  36  0  5 1.00
 33  34  0  5 1.00
 33  35  0  5 1.00
 34  35  0  5 1.00
 34  36  0  5 1.00
 34  37  0  5 1.00
 34  38  0  5 1.00
 35  36  0  5 1.00
 35  37  0  5 1.00
 35  38  0  5 1.00
 35  39  0  5 1.00
 36  37  0  5 1.00
 36  38  0  5 1.00
 36  39  0  5 1.00
 36  46  0  5 1.00
 36  47  0  5 1.00
 36  48  0  5 1.00
 37  38  0  5 1.00
 37  39  0  5 1.00
 37  46  0  5 1.00
 37  48  0  5 1.00
 38  39  0  5 1.00
 38  40  0  5 1.00
 39  40  0  5 1.00
 39  41  0  5 1.00
 39  45  0  5 1.00
 39  46  0  5 1.00
 39  47  0  5 1.00
 40  41  0  5 1.00
 40  42  0  5 1.00
 40  45  0  5 1.00
 40  46  0  5 1.00
 41  42  0  5 1.00
 41  43  0  5 1.00
 41  44  0  5 1.00
 41  45  0  5 1.00
 41  46  0  5 1.00
 42  43  0  5 1.00
 42  44  0  5 1.00
 43  44  0  5 1.00
 43  45  0  5 1.00
 44  45  0  5 1.00
 44  46  0  5 1.00
 45  46  0  5 1.00
 45  47  0  5 1.00
 46  47  0  5 1.00
 46  48  0  5 1.00
 46  49  0  5 1.00
 46  50  0  5 1.00
 47  48  0  5 1.00
 47  49  0  5 1.00
 47  50  0  5 1.00
 47  51  0  5 1.00
 48  49  0  5 1.00
 48  50  0  5 1.00
 48  51  0  5 1.00
 49  50  0  5 1.00
 49  51  0  5 1.00
 50  51  0  5 1.00
 50  52  0  5 1.00
 51  52  0  5 1.00
 51  53  0  5 1.00
 52  53  0  5 1.00
 52  54  0  5 1.00
 52  86  0  5 1.00
 53  54  0  5 1.00
 53  55  0  5 1.00
 53  86  0  5 1.00
 54  55  0  5 1.00
 54  56  0  5 1.00
 54  86  0  5 1.00
 54  87  0  5 1.00
 54  88  0  5 1.00
 55  56  0  5 1.00
 55  57  0  5 1.00
 55  58  0  5 1.00
 55  59  0  5 1.00
 55  88  0  5 1.00
 56  57  0  5 1.00
 56  58  0  5 1.00
 56  59  0  5 1.00
 56  60  0  5 1.00
 56  61  0  5 1.00
 56  72  0  5 1.00
 56  88  0  5 1.00
 57  58  0  5 1.00
 57  59  0  5 1.00
 57  60  0  5 1.00
 57  61  0  5 1.00
 58  59  0  5 1.00
 58  60  0  5 1.00
 59  60  0  5 1.00
 59  61  0  5 1.00
 59  72  0  5 1.00
 60  61  0  5 1.00
 60  62  0  5 1.00
 61  62  0  5 1.00
 61  63  0  5 1.00
 61  72  0  5 1.00
 62  63  0  5 1.00
 62  64  0  5 1.00
 63  64  0  5 1.00
 63  65  0  5 1.00
 63  91  0  5 1.00
 63  92  0  5 1.00
 63  93  0  5 1.00
 64  65  0  5 1.00
 64  66  0  5 1.00
 64  67  0  5 1.00
 64  92  0  5 1.00
 65  66  0  5 1.00
 65  67  0  5 1.00
 65  92  0  5 1.00
 65  93  0  5 1.00
 65  94  0  5 1.00
 66  67  0  5 1.00
 66  68  0  5 1.00
 67  68  0  5 1.00
 67  69  0  5 1.00
 67  94  0  5 1.00
 68  69  0  5 1.00
 68  70  0  5 1.00
 68  94  0  5 1.00
 69  70  0  5 1.00
 69  71  0  5 1.00
 69  72  0  5 1.00
 69  73  0  5 1.00
 69  94  0  5 1.00
 69  95  0  5 1.00
 70  71  0  5 1.00
 70  72  0  5 1.00
 70  73  0  5 1.00
 70  74  0  5 1.00
 70  94  0  5 1.00
 70  95  0  5 1.00
 71  72  0  5 1.00
 71  73  0  5 1.00
 71  74  0  5 1.00
 71  75  0  5 1.00
 72  73  0  5 1.00
 72  74  0  5 1.00
 72  75  0  5 1.00
 72  76  0  5 1.00
 73  74  0  5 1.00
 73  75  0  5 1.00
 73  76  0  5 1.00
 73  77  0  5 1.00
 74  75  0  5 1.00
 74  76  0  5 1.00
 74  77  0  5 1.00
 74  78  0  5 1.00
 74  79  0  5 1.00
 75  76  0  5 1.00
 75  77  0  5 1.00
 75  78  0  5 1.00
 75  79  0  5 1.00
 75  80  0  5 1.00
 76  77  0  5 1.00
 76  78  0  5 1.00
 76  79  0  5 1.00
 76  80  0  5 1.00
 76  81  0  5 1.00
 77  78  0  5 1.00
 77  79  0  5 1.00
 77  80  0  5 1.00
 77  81  0  5 1.00
 77  82  0  5 1.00
 78  79  0  5 1.00
 78  80  0  5 1.00
 78  81  0  5 1.00
 78  82  0  5 1.00
 78  83  0  5 1.00
 79  80  0  5 1.00
 79  81  0  5 1.00
 79  82  0  5 1.00
 79  83  0  5 1.00
 79  84  0  5 1.00
 80  81  0  5 1.00
 80  82  0  5 1.00
 80  83  0  5 1.00
 80  84  0  5 1.00
 80  85  0  5 1.00
 81  82  0  5 1.00
 81  83  0  5 1.00
 81  84  0  5 1.00
 81 102  0  5 1.00
 82  83  0  5 1.00
 82  84  0  5 1.00
 83  84  0  5 1.00
 83  85  0  5 1.00
 84  85  0  5 1.00
 84  86  0  5 1.00
 85  86  0  5 1.00
 85  87  0  5 1.00
 85 105  0  5 1.00
 86  87  0  5 1.00
 86  88  0  5 1.00
 86 105  0  5 1.00
 87  88  0  5 1.00
 87  89  0  5 1.00
 87 105  0  5 1.00
 87 106  0  5 1.00
 87 107  0  5 1.00
 88  89  0  5 1.00
 88  90  0  5 1.00
 88 107  0  5 1.00
 89  90  0  5 1.00
 89  91  0  5 1.00
 89 107  0  5 1.00
 89 108  0  5 1.00
 89 109  0  5 1.00
 90  91  0  5 1.00
 90  92  0  5 1.00
 90 108  0  5 1.00
 90 109  0  5 1.00
 91  92  0  5 1.00
 91  93  0  5 1.00
 91 109  0  5 1.00
 91 110  0  5 1.00
 92  93  0  5 1.00
 92  94  0  5 1.00
 92 110  0  5 1.00
 93  94  0  5 1.00
 93  95  0  5 1.00
 93 110  0  5 1.00
 93 111  0  5 1.00
 93 112  0  5 1.00
 94  95  0  5 1.00
 94  96  0  5 1.00
 94 112  0  5 1.00
 95  96  0  5 1.00
 95  97  0  5 1.00
 95 112  0  5 1.00
 95 113  0  5 1.00
 95 114  0  5 1.00
 96  97  0  5 1.00
 96  98  0  5 1.00
 97  98  0  5 1.00
 97  99  0  5 1.00
 97 118  0  5 1.00
 98  99  0  5 1.00
 98 100  0  5 1.00
 98 118  0  5 1.00
 99 100  0  5 1.00
 99 101  0  5 1.00
 99 118  0  5 1.00
 99 119  0  5 1.00
 99 120  0  5 1.00
100 101  0  5 1.00
100 102  0  5 1.00
100 120  0  5 1.00
101 102  0  5 1.00
101 103  0  5 1.00
101 120  0  5 1.00
101 121  0  5 1.00
101 122  0  5 1.00
102 103  0  5 1.00
102 104  0  5 1.00
102 122  0  5 1.00
102 123  0  5 1.00
103 104  0  5 1.00
103 105  0  5 1.00
103 122  0  5 1.00
103 123  0  5 1.00
103 124  0  5 1.00
104 105  0  5 1.00
104 106  0  5 1.00
104 122  0  5 1.00
104 123  0  5 1.00
104 124  0  5 1.00
104 125  0  5 1.00
105 106  0  5 1.00
105 107  0  5 1.00
105 125  0  5 1.00
106 107  0  5 1.00
106 108  0  5 1.00
106 125  0  5 1.00
106 126  0  5 1.00
106 127  0  5 1.00
107 108  0  5 1.00
107 109  0  5 1.00
107 127  0  5 1.00
108 109  0  5 1.00
108 110  0  5 1.00
108 127  0  5 1.00
108 128  0  5 1.00
108 129  0  5 1.00
109 110  0  5 1.00
109 111  0  5 1.00
109 128  0  5 1.00
109 129  0  5 1.00
109 130  0  5 1.00
110 111  0  5 1.00
110 112  0  5 1.00
110 130  0  5 1.00
111 112  0  5 1.00
111 113  0  5 1.00
111 130  0  5 1.00
111 131  0  5 1.00
111 132  0  5 1.00
112 113  0  5 1.00
112 114  0  5 1.00
112 132  0  5 1.00
112 133  0  5 1.00
113 114  0  5 1.00
113 115  0  5 1.00
113 132  0  5 1.00
113 133  0  5 1.00
113 134  0  5 1.00
114 115  0  5 1.00
114 116  0  5 1.00
114 117  0  5 1.00
114 133  0  5 1.00
115 116  0  5 1.00
115 117  0  5 1.00
115 133  0  5 1.00
115 134  0  5 1.00
115 152  0  5 1.00
115 153  0  5 1.00
115 154  0  5 1.00
115 155  0  5 1.00
116 117  0  5 1.00
116 118  0  5 1.00
116 133  0  5 1.00
116 134  0  5 1.00
116 135  0  5 1.00
116 154  0  5 1.00
116 155  0  5 1.00
117 118  0  5 1.00
117 119  0  5 1.00
117 133  0  5 1.00
117 134  0  5 1.00
117 135  0  5 1.00
118 119  0  5 1.00
118 120  0  5 1.00
118 135  0  5 1.00
119 120  0  5 1.00
119 121  0  5 1.00
119 135  0  5 1.00
119 136  0  5 1.00
119 137  0  5 1.00
120 121  0  5 1.00
120 122  0  5 1.00
120 137  0  5 1.00
121 122  0  5 1.00
121 123  0  5 1.00
121 137  0  5 1.00
121 138  0  5 1.00
121 139  0  5 1.00
121 140  0  5 1.00
122 123  0  5 1.00
122 124  0  5 1.00
122 140  0  5 1.00
123 124  0  5 1.00
123 125  0  5 1.00
123 140  0  5 1.00
123 141  0  5 1.00
123 142  0  5 1.00
123 143  0  5 1.00
124 125  0  5 1.00
124 126  0  5 1.00
124 142  0  5 1.00
124 143  0  5 1.00
124 144  0  5 1.00
125 126  0  5 1.00
125 127  0  5 1.00
125 144  0  5 1.00
126 127  0  5 1.00
126 128  0  5 1.00
126 144  0  5 1.00
126 145  0  5 1.00
126 146  0  5 1.00
127 128  0  5 1.00
127 129  0  5 1.00
127 146  0  5 1.00
127 147  0  5 1.00
128 129  0  5 1.00
128 130  0  5 1.00
128 146  0  5 1.00
128 147  0  5 1.00
128 148  0  5 1.00
129 130  0  5 1.00
129 131  0  5 1.00
129 147  0  5 1.00
129 148  0  5 1.00
129 149  0  5 1.00
130 131  0  5 1.00
130 132  0  5 1.00
130 149  0  5 1.00
131 132  0  5 1.00
131 133  0  5 1.00
131 134  0  5 1.00
131 149  0  5 1.00
131 150  0  5 1.00
131 151  0  5 1.00
132 133  0  5 1.00
132 134  0  5 1.00
132 151  0  5 1.00
133 134  0  5 1.00
133 135  0  5 1.00
133 151  0  5 1.00
133 152  0  5 1.00
133 153  0  5 1.00
134 135  0  5 1.00
134 136  0  5 1.00
134 151  0  5 1.00
134 153  0  5 1.00
134 158  0  5 1.00
135 136  0  5 1.00
135 137  0  5 1.00
135 157  0  5 1.00
135 158  0  5 1.00
136 137  0  5 1.00
136 138  0  5 1.00
136 158  0  5 1.00
136 159  0  5 1.00
136 160  0  5 1.00
137 138  0  5 1.00
137 139  0  5 1.00
137 160  0  5 1.00
138 139  0  5 1.00
138 140  0  5 1.00
138 160  0  5 1.00
138 161  0  5 1.00
138 162  0  5 1.00
138 164  0  5 1.00
139 140  0  5 1.00
139 141  0  5 1.00
139 163  0  5 1.00
139 164  0  5 1.00
139 165  0  5 1.00
139 166  0  5 1.00
140 141  0  5 1.00
140 142  0  5 1.00
140 143  0  5 1.00
140 164  0  5 1.00
140 165  0  5 1.00
140 166  0  5 1.00
140 167  0  5 1.00
140 168  0  5 1.00
141 142  0  5 1.00
141 143  0  5 1.00
141 166  0  5 1.00
141 167  0  5 1.00
141 168  0  5 1.00
141 169  0  5 1.00
142 143  0  5 1.00
142 144  0  5 1.00
142 168  0  5 1.00
142 169  0  5 1.00
143 144  0  5 1.00
143 145  0  5 1.00
143 169  0  5 1.00
143 170  0  5 1.00
143 171  0  5 1.00
144 145  0  5 1.00
144 146  0  5 1.00
144 171  0  5 1.00
145 146  0  5 1.00
145 147  0  5 1.00
145 171  0  5 1.00
145 172  0  5 1.00
145 173  0  5 1.00
146 147  0  5 1.00
146 148  0  5 1.00
146 173  0  5 1.00
146 174  0  5 1.00
147 148  0  5 1.00
147 149  0  5 1.00
147 173  0  5 1.00
147 174  0  5 1.00
147 175  0  5 1.00
148 149  0  5 1.00
148 150  0  5 1.00
148 174  0  5 1.00
148 175  0  5 1.00
148 176  0  5 1.00
149 150  0  5 1.00
149 151  0  5 1.00
149 176  0  5 1.00
150 151  0  5 1.00
150 152  0  5 1.00
150 176  0  5 1.00
150 177  0  5 1.00
150 178  0  5 1.00
151 152  0  5 1.00
151 153  0  5 1.00
151 178  0  5 1.00
152 153  0  5 1.00
152 154  0  5 1.00
152 178  0  5 1.00
152 179  0  5 1.00
152 180  0  5 1.00
153 154  0  5 1.00
153 155  0  5 1.00
153 178  0  5 1.00
153 179  0  5 1.00
153 180  0  5 1.00
153 181  0  5 1.00
154 155  0  5 1.00
154 156  0  5 1.00
155 156  0  5 1.00
155 157  0  5 1.00
155 181  0  5 1.00
155 182  0  5 1.00
156 157  0  5 1.00
156 158  0  5 1.00
156 181  0  5 1.00
156 182  0  5 1.00
157 158  0  5 1.00
157 159  0  5 1.00
157 182  0  5 1.00
157 183  0  5 1.00
158 159  0  5 1.00
158 160  0  5 1.00
158 182  0  5 1.00
158 183  0  5 1.00
159 160  0  5 1.00
159 161  0  5 1.00
159 182  0  5 1.00
159 183  0  5 1.00
159 184  0  5 1.00
159 185  0  5 1.00
160 161  0  5 1.00
160 162  0  5 1.00
160 185  0  5 1.00
161 162  0  5 1.00
161 163  0  5 1.00
161 185  0  5 1.00
161 186  0  5 1.00
161 187  0  5 1.00
162 163  0  5 1.00
162 164  0  5 1.00
162 187  0  5 1.00
162 189  0  5 1.00
163 164  0  5 1.00
163 165  0  5 1.00
163 187  0  5 1.00
163 189  0  5 1.00
163 190  0  5 1.00
163 191  0  5 1.00
164 165  0  5 1.00
164 166  0  5 1.00
164 189  0  5 1.00
164 190  0  5 1.00
164 191  0  5 1.00
165 166  0  5 1.00
165 167  0  5 1.00
166 167  0  5 1.00
166 168  0  5 1.00
166 191  0  5 1.00
166 192  0  5 1.00
167 168  0  5 1.00
167 169  0  5 1.00
167 191  0  5 1.00
167 192  0  5 1.00
168 169  0  5 1.00
168 170  0  5 1.00
168 192  0  5 1.00
168 193  0  5 1.00
168 194  0  5 1.00
168 195  0  5 1.00
169 170  0  5 1.00
169 171  0  5 1.00
169 195  0  5 1.00
170 171  0  5 1.00
170 172  0  5 1.00
170 195  0  5 1.00
170 196  0  5 1.00
170 197  0  5 1.00
171 172  0  5 1.00
171 173  0  5 1.00
171 197  0  5 1.00
172 173  0  5 1.00
172 174  0  5 1.00
172 197  0  5 1.00
172 198  0  5 1.00
172 199  0  5 1.00
173 174  0  5 1.00
173 175  0  5 1.00
173 197  0  5 1.00
173 199  0  5 1.00
173 200  0  5 1.00
174 175  0  5 1.00
174 176  0  5 1.00
174 199  0  5 1.00
174 200  0  5 1.00
174 201  0  5 1.00
175 176  0  5 1.00
175 177  0  5 1.00
175 200  0  5 1.00
175 201  0  5 1.00
175 202  0  5 1.00
176 177  0  5 1.00
176 178  0  5 1.00
176 202  0  5 1.00
177 178  0  5 1.00
177 179  0  5 1.00
177 202  0  5 1.00
177 203  0  5 1.00
177 204  0  5 1.00
178 179  0  5 1.00
178 180  0  5 1.00
178 204  0  5 1.00
178 205  0  5 1.00
179 180  0  5 1.00
179 181  0  5 1.00
179 204  0  5 1.00
179 205  0  5 1.00
179 206  0  5 1.00
180 181  0  5 1.00
180 182  0  5 1.00
180 205  0  5 1.00
180 206  0  5 1.00
180 207  0  5 1.00
180 208  0  5 1.00
181 182  0  5 1.00
181 183  0  5 1.00
181 206  0  5 1.00
181 207  0  5 1.00
181 208  0  5 1.00
181 209  0  5 1.00
182 183  0  5 1.00
182 184  0  5 1.00
182 207  0  5 1.00
182 208  0  5 1.00
182 209  0  5 1.00
183 184  0  5 1.00
183 185  0  5 1.00
183 209  0  5 1.00
183 210  0  5 1.00
184 185  0  5 1.00
184 186  0  5 1.00
184 209  0  5 1.00
184 210  0  5 1.00
184 211  0  5 1.00
184 212  0  5 1.00
185 186  0  5 1.00
185 187  0  5 1.00
185 212  0  5 1.00
186 187  0  5 1.00
186 188  0  5 1.00
186 212  0  5 1.00
186 213  0  5 1.00
186 214  0  5 1.00
187 188  0  5 1.00
187 189  0  5 1.00
187 214  0  5 1.00
188 189  0  5 1.00
188 190  0  5 1.00
188 214  0  5 1.00
188 215  0  5 1.00
188 216  0  5 1.00
189 190  0  5 1.00
189 191  0  5 1.00
189 215  0  5 1.00
190 191  0  5 1.00
190 192  0  5 1.00
191 192  0  5 1.00
191 193  0  5 1.00
192 193  0  5 1.00
192 194  0  5 1.00
193 194  0  5 1.00
193 195  0  5 1.00
193 219  0  5 1.00
193 220  0  5 1.00
193 221  0  5 1.00
194 195  0  5 1.00
194 196  0  5 1.00
194 220  0  5 1.00
194 221  0  5 1.00
194 222  0  5 1.00
194 223  0  5 1.00
195 196  0  5 1.00
195 197  0  5 1.00
195 220  0  5 1.00
195 222  0  5 1.00
195 223  0  5 1.00
196 197  0  5 1.00
196 198  0  5 1.00
196 223  0  5 1.00
196 224  0  5 1.00
196 225  0  5 1.00
197 198  0  5 1.00
197 199  0  5 1.00
197 225  0  5 1.00
198 199  0  5 1.00
198 200  0  5 1.00
198 225  0  5 1.00
198 226  0  5 1.00
198 227  0  5 1.00
199 200  0  5 1.00
199 201  0  5 1.00
199 227  0  5 1.00
199 228  0  5 1.00
200 201  0  5 1.00
200 202  0  5 1.00
200 227  0  5 1.00
200 228  0  5 1.00
200 229  0  5 1.00
201 202  0  5 1.00
201 203  0  5 1.00
201 228  0  5 1.00
201 229  0  5 1.00
201 230  0  5 1.00
202 203  0  5 1.00
202 204  0  5 1.00
202 230  0  5 1.00
203 204  0  5 1.00
203 205  0  5 1.00
203 230  0  5 1.00
203 231  0  5 1.00
203 232  0  5 1.00
204 205  0  5 1.00
204 206  0  5 1.00
204 232  0  5 1.00
204 233  0  5 1.00
205 206  0  5 1.00
205 207  0  5 1.00
205 232  0  5 1.00
205 233  0  5 1.00
206 207  0  5 1.00
206 208  0  5 1.00
206 232  0  5 1.00
206 233  0  5 1.00
206 234  0  5 1.00
206 235  0  5 1.00
206 236  0  5 1.00
207 208  0  5 1.00
207 209  0  5 1.00
207 235  0  5 1.00
207 236  0  5 1.00
208 209  0  5 1.00
208 210  0  5 1.00
208 234  0  5 1.00
208 243  0  5 1.00
208 244  0  5 1.00
208 245  0  5 1.00
209 210  0  5 1.00
209 211  0  5 1.00
209 244  0  5 1.00
209 245  0  5 1.00
209 246  0  5 1.00
210 211  0  5 1.00
210 212  0  5 1.00
210 245  0  5 1.00
210 246  0  5 1.00
211 212  0  5 1.00
211 213  0  5 1.00
211 245  0  5 1.00
211 246  0  5 1.00
211 247  0  5 1.00
211 248  0  5 1.00
212 213  0  5 1.00
212 214  0  5 1.00
212 248  0  5 1.00
213 214  0  5 1.00
213 215  0  5 1.00
213 216  0  5 1.00
213 248  0  5 1.00
213 249  0  5 1.00
213 250  0  5 1.00
214 215  0  5 1.00
214 216  0  5 1.00
214 250  0  5 1.00
215 216  0  5 1.00
215 217  0  5 1.00
215 250  0  5 1.00
215 251  0  5 1.00
216 217  0  5 1.00
216 218  0  5 1.00
216 219  0  5 1.00
216 250  0  5 1.00
216 251  0  5 1.00
216 265  0  5 1.00
217 218  0  5 1.00
217 219  0  5 1.00
217 250  0  5 1.00
217 251  0  5 1.00
217 262  0  5 1.00
217 263  0  5 1.00
217 264  0  5 1.00
217 265  0  5 1.00
218 219  0  5 1.00
218 220  0  5 1.00
218 262  0  5 1.00
219 220  0  5 1.00
219 221  0  5 1.00
220 221  0  5 1.00
220 222  0  5 1.00
220 223  0  5 1.00
220 224  0  5 1.00
220 266  0  5 1.00
221 222  0  5 1.00
221 223  0  5 1.00
222 223  0  5 1.00
222 224  0  5 1.00
223 224  0  5 1.00
223 225  0  5 1.00
223 267  0  5 1.00
224 225  0  5 1.00
224 226  0  5 1.00
224 267  0  5 1.00
224 268  0  5 1.00
224 269  0  5 1.00
225 226  0  5 1.00
225 227  0  5 1.00
225 269  0  5 1.00
226 227  0  5 1.00
226 228  0  5 1.00
226 269  0  5 1.00
226 270  0  5 1.00
226 271  0  5 1.00
227 228  0  5 1.00
227 229  0  5 1.00
227 271  0  5 1.00
227 272  0  5 1.00
228 229  0  5 1.00
228 230  0  5 1.00
228 271  0  5 1.00
228 272  0  5 1.00
228 273  0  5 1.00
229 230  0  5 1.00
229 231  0  5 1.00
229 272  0  5 1.00
229 273  0  5 1.00
229 274  0  5 1.00
230 231  0  5 1.00
230 232  0  5 1.00
230 274  0  5 1.00
231 232  0  5 1.00
231 233  0  5 1.00
231 274  0  5 1.00
231 275  0  5 1.00
231 276  0  5 1.00
232 233  0  5 1.00
232 234  0  5 1.00
232 276  0  5 1.00
232 277  0  5 1.00
233 234  0  5 1.00
233 235  0  5 1.00
233 276  0  5 1.00
233 277  0  5 1.00
234 235  0  5 1.00
234 236  0  5 1.00
234 244  0  5 1.00
234 276  0  5 1.00
234 277  0  5 1.00
234 278  0  5 1.00
234 279  0  5 1.00
234 304  0  5 1.00
235 236  0  5 1.00
235 237  0  5 1.00
235 303  0  5 1.00
235 304  0  5 1.00
236 237  0  5 1.00
236 238  0  5 1.00
236 239  0  5 1.00
236 243  0  5 1.00
236 244  0  5 1.00
236 303  0  5 1.00
236 304  0  5 1.00
236 305  0  5 1.00
237 238  0  5 1.00
237 239  0  5 1.00
237 304  0  5 1.00
237 305  0  5 1.00
238 239  0  5 1.00
238 240  0  5 1.00
238 305  0  5 1.00
239 240  0  5 1.00
239 241  0  5 1.00
239 305  0  5 1.00
239 306  0  5 1.00
239 307  0  5 1.00
240 241  0  5 1.00
240 242  0  5 1.00
240 243  0  5 1.00
240 307  0  5 1.00
241 242  0  5 1.00
241 243  0  5 1.00
241 307  0  5 1.00
242 243  0  5 1.00
242 244  0  5 1.00
242 245  0  5 1.00
242 307  0  5 1.00
243 244  0  5 1.00
243 245  0  5 1.00
243 304  0  5 1.00
243 307  0  5 1.00
244 245  0  5 1.00
244 246  0  5 1.00
244 278  0  5 1.00
244 279  0  5 1.00
244 280  0  5 1.00
245 246  0  5 1.00
245 247  0  5 1.00
245 280  0  5 1.00
245 281  0  5 1.00
246 247  0  5 1.00
246 248  0  5 1.00
246 280  0  5 1.00
246 281  0  5 1.00
246 282  0  5 1.00
247 248  0  5 1.00
247 249  0  5 1.00
247 280  0  5 1.00
247 281  0  5 1.00
247 282  0  5 1.00
247 283  0  5 1.00
248 249  0  5 1.00
248 250  0  5 1.00
248 283  0  5 1.00
249 250  0  5 1.00
249 251  0  5 1.00
249 283  0  5 1.00
249 284  0  5 1.00
249 285  0  5 1.00
250 251  0  5 1.00
250 252  0  5 1.00
250 285  0  5 1.00
250 286  0  5 1.00
251 252  0  5 1.00
251 253  0  5 1.00
251 263  0  5 1.00
251 264  0  5 1.00
251 265  0  5 1.00
251 285  0  5 1.00
251 286  0  5 1.00
252 253  0  5 1.00
252 254  0  5 1.00
252 263  0  5 1.00
252 286  0  5 1.00
253 254  0  5 1.00
253 255  0  5 1.00
254 255  0  5 1.00
254 256  0  5 1.00
255 256  0  5 1.00
255 257  0  5 1.00
255 354  0  5 1.00
255 355  0  5 1.00
256 257  0  5 1.00
256 258  0  5 1.00
256 259  0  5 1.00
256 354  0  5 1.00
256 355  0  5 1.00
257 258  0  5 1.00
257 259  0  5 1.00
257 355  0  5 1.00
258 259  0  5 1.00
258 260  0  5 1.00
259 260  0  5 1.00
259 261  0  5 1.00
260 261  0  5 1.00
260 262  0  5 1.00
260 263  0  5 1.00
260 264  0  5 1.00
261 262  0  5 1.00
261 263  0  5 1.00
261 264  0  5 1.00
262 263  0  5 1.00
262 264  0  5 1.00
263 264  0  5 1.00
263 265  0  5 1.00
263 286  0  5 1.00
264 265  0  5 1.00
264 266  0  5 1.00
264 286  0  5 1.00
264 287  0  5 1.00
265 266  0  5 1.00
265 267  0  5 1.00
265 286  0  5 1.00
265 287  0  5 1.00
265 288  0  5 1.00
266 267  0  5 1.00
266 268  0  5 1.00
266 288  0  5 1.00
266 289  0  5 1.00
267 268  0  5 1.00
267 269  0  5 1.00
267 288  0  5 1.00
267 289  0  5 1.00
267 290  0  5 1.00
268 269  0  5 1.00
268 270  0  5 1.00
268 289  0  5 1.00
268 290  0  5 1.00
268 291  0  5 1.00
269 270  0  5 1.00
269 271  0  5 1.00
269 291  0  5 1.00
270 271  0  5 1.00
270 272  0  5 1.00
270 291  0  5 1.00
270 292  0  5 1.00
270 293  0  5 1.00
271 272  0  5 1.00
271 273  0  5 1.00
271 293  0  5 1.00
271 294  0  5 1.00
272 273  0  5 1.00
272 274  0  5 1.00
272 293  0  5 1.00
272 294  0  5 1.00
272 295  0  5 1.00
273 274  0  5 1.00
273 275  0  5 1.00
273 294  0  5 1.00
273 295  0  5 1.00
273 296  0  5 1.00
274 275  0  5 1.00
274 276  0  5 1.00
274 296  0  5 1.00
275 276  0  5 1.00
275 277  0  5 1.00
275 296  0  5 1.00
275 297  0  5 1.00
275 298  0  5 1.00
276 277  0  5 1.00
276 278  0  5 1.00
276 298  0  5 1.00
277 278  0  5 1.00
277 279  0  5 1.00
277 298  0  5 1.00
278 279  0  5 1.00
278 280  0  5 1.00
278 281  0  5 1.00
278 298  0  5 1.00
278 299  0  5 1.00
278 300  0  5 1.00
278 312  0  5 1.00
279 280  0  5 1.00
279 281  0  5 1.00
279 299  0  5 1.00
279 300  0  5 1.00
279 303  0  5 1.00
279 310  0  5 1.00
279 311  0  5 1.00
279 312  0  5 1.00
280 281  0  5 1.00
280 282  0  5 1.00
280 310  0  5 1.00
280 312  0  5 1.00
280 313  0  5 1.00
281 282  0  5 1.00
281 283  0  5 1.00
281 312  0  5 1.00
281 313  0  5 1.00
282 283  0  5 1.00
282 284  0  5 1.00
282 313  0  5 1.00
282 314  0  5 1.00
282 315  0  5 1.00
283 284  0  5 1.00
283 285  0  5 1.00
283 315  0  5 1.00
284 285  0  5 1.00
284 286  0  5 1.00
284 315  0  5 1.00
284 316  0  5 1.00
284 317  0  5 1.00
285 286  0  5 1.00
285 287  0  5 1.00
285 317  0  5 1.00
286 287  0  5 1.00
286 288  0  5 1.00
286 317  0  5 1.00
286 318  0  5 1.00
286 319  0  5 1.00
287 288  0  5 1.00
287 289  0  5 1.00
287 317  0  5 1.00
287 318  0  5 1.00
287 319  0  5 1.00
287 320  0  5 1.00
288 289  0  5 1.00
288 290  0  5 1.00
288 320  0  5 1.00
288 321  0  5 1.00
289 290  0  5 1.00
289 291  0  5 1.00
289 320  0  5 1.00
289 321  0  5 1.00
289 322  0  5 1.00
290 291  0  5 1.00
290 292  0  5 1.00
290 320  0  5 1.00
290 321  0  5 1.00
290 322  0  5 1.00
290 323  0  5 1.00
291 292  0  5 1.00
291 293  0  5 1.00
291 323  0  5 1.00
292 293  0  5 1.00
292 294  0  5 1.00
292 323  0  5 1.00
292 324  0  5 1.00
292 325  0  5 1.00
292 326  0  5 1.00
293 294  0  5 1.00
293 295  0  5 1.00
293 325  0  5 1.00
293 326  0  5 1.00
294 295  0  5 1.00
294 296  0  5 1.00
294 325  0  5 1.00
294 326  0  5 1.00
294 327  0  5 1.00
295 296  0  5 1.00
295 297  0  5 1.00
295 326  0  5 1.00
295 327  0  5 1.00
295 328  0  5 1.00
296 297  0  5 1.00
296 298  0  5 1.00
296 328  0  5 1.00
296 329  0  5 1.00
297 298  0  5 1.00
297 299  0  5 1.00
297 328  0  5 1.00
297 329  0  5 1.00
297 330  0  5 1.00
298 299  0  5 1.00
298 300  0  5 1.00
298 330  0  5 1.00
298 331  0  5 1.00
298 332  0  5 1.00
299 300  0  5 1.00
299 301  0  5 1.00
299 312  0  5 1.00
299 330  0  5 1.00
299 331  0  5 1.00
299 332  0  5 1.00
299 333  0  5 1.00
300 301  0  5 1.00
300 302  0  5 1.00
300 303  0  5 1.00
300 332  0  5 1.00
300 333  0  5 1.00
301 302  0  5 1.00
301 303  0  5 1.00
302 303  0  5 1.00
302 304  0  5 1.00
302 305  0  5 1.00
303 304  0  5 1.00
303 305  0  5 1.00
304 305  0  5 1.00
304 306  0  5 1.00
304 307  0  5 1.00
304 308  0  5 1.00
305 306  0  5 1.00
305 307  0  5 1.00
306 307  0  5 1.00
306 308  0  5 1.00
307 308  0  5 1.00
307 309  0  5 1.00
308 309  0  5 1.00
308 310  0  5 1.00
309 310  0  5 1.00
309 311  0  5 1.00
310 311  0  5 1.00
310 312  0  5 1.00
311 312  0  5 1.00
311 313  0  5 1.00
311 340  0  5 1.00
312 313  0  5 1.00
312 314  0  5 1.00
312 340  0  5 1.00
312 341  0  5 1.00
313 314  0  5 1.00
313 315  0  5 1.00
313 340  0  5 1.00
313 341  0  5 1.00
313 342  0  5 1.00
314 315  0  5 1.00
314 316  0  5 1.00
314 341  0  5 1.00
314 342  0  5 1.00
314 343  0  5 1.00
315 316  0  5 1.00
315 317  0  5 1.00
315 343  0  5 1.00
316 317  0  5 1.00
316 318  0  5 1.00
316 343  0  5 1.00
316 344  0  5 1.00
316 345  0  5 1.00
317 318  0  5 1.00
317 319  0  5 1.00
317 345  0  5 1.00
317 346  0  5 1.00
317 347  0  5 1.00
318 319  0  5 1.00
318 320  0  5 1.00
318 345  0  5 1.00
318 346  0  5 1.00
318 347  0  5 1.00
318 355  0  5 1.00
318 356  0  5 1.00
318 357  0  5 1.00
319 320  0  5 1.00
319 321  0  5 1.00
319 355  0  5 1.00
319 356  0  5 1.00
319 357  0  5 1.00
319 358  0  5 1.00
320 321  0  5 1.00
320 322  0  5 1.00
320 358  0  5 1.00
320 359  0  5 1.00
321 322  0  5 1.00
321 323  0  5 1.00
321 358  0  5 1.00
321 359  0  5 1.00
321 360  0  5 1.00
322 323  0  5 1.00
322 324  0  5 1.00
322 359  0  5 1.00
322 360  0  5 1.00
322 361  0  5 1.00
323 324  0  5 1.00
323 325  0  5 1.00
323 361  0  5 1.00
324 325  0  5 1.00
324 326  0  5 1.00
324 361  0  5 1.00
324 362  0  5 1.00
324 363  0  5 1.00
325 326  0  5 1.00
325 327  0  5 1.00
325 363  0  5 1.00
325 364  0  5 1.00
326 327  0  5 1.00
326 328  0  5 1.00
326 363  0  5 1.00
326 364  0  5 1.00
326 365  0  5 1.00
327 328  0  5 1.00
327 329  0  5 1.00
327 364  0  5 1.00
327 365  0  5 1.00
327 366  0  5 1.00
327 367  0  5 1.00
328 329  0  5 1.00
328 330  0  5 1.00
328 366  0  5 1.00
329 330  0  5 1.00
329 331  0  5 1.00
329 366  0  5 1.00
329 367  0  5 1.00
330 331  0  5 1.00
330 332  0  5 1.00
331 332  0  5 1.00
331 333  0  5 1.00
332 333  0  5 1.00
332 334  0  5 1.00
333 334  0  5 1.00
333 335  0  5 1.00
334 335  0  5 1.00
334 336  0  5 1.00
334 337  0  5 1.00
334 338  0  5 1.00
335 336  0  5 1.00
335 337  0  5 1.00
335 338  0  5 1.00
335 339  0  5 1.00
336 337  0  5 1.00
336 338  0  5 1.00
337 338  0  5 1.00
337 339  0  5 1.00
338 339  0  5 1.00
338 340  0  5 1.00
339 340  0  5 1.00
339 341  0  5 1.00
339 369  0  5 1.00
339 370  0  5 1.00
339 371  0  5 1.00
340 341  0  5 1.00
340 342  0  5 1.00
340 371  0  5 1.00
341 342  0  5 1.00
341 343  0  5 1.00
341 371  0  5 1.00
342 343  0  5 1.00
342 344  0  5 1.00
342 371  0  5 1.00
342 372  0  5 1.00
342 373  0  5 1.00
343 344  0  5 1.00
343 345  0  5 1.00
343 373  0  5 1.00
344 345  0  5 1.00
344 346  0  5 1.00
344 373  0  5 1.00
344 374  0  5 1.00
344 375  0  5 1.00
345 346  0  5 1.00
345 347  0  5 1.00
345 355  0  5 1.00
345 357  0  5 1.00
345 375  0  5 1.00
346 347  0  5 1.00
346 348  0  5 1.00
346 354  0  5 1.00
346 355  0  5 1.00
346 356  0  5 1.00
346 357  0  5 1.00
346 375  0  5 1.00
347 348  0  5 1.00
347 349  0  5 1.00
347 352  0  5 1.00
347 353  0  5 1.00
347 354  0  5 1.00
347 355  0  5 1.00
348 349  0  5 1.00
348 350  0  5 1.00
348 352  0  5 1.00
348 353  0  5 1.00
348 354  0  5 1.00
349 350  0  5 1.00
349 351  0  5 1.00
349 352  0  5 1.00
349 353  0  5 1.00
349 354  0  5 1.00
350 351  0  5 1.00
350 352  0  5 1.00
351 352  0  5 1.00
351 353  0  5 1.00
352 353  0  5 1.00
352 354  0  5 1.00
353 354  0  5 1.00
353 355  0  5 1.00
354 355  0  5 1.00
354 356  0  5 1.00
355 356  0  5 1.00
355 357  0  5 1.00
356 357  0  5 1.00
356 358  0  5 1.00
357 358  0  5 1.00
357 359  0  5 1.00
357 375  0  5 1.00
357 376  0  5 1.00
357 377  0  5 1.00
358 359  0  5 1.00
358 360  0  5 1.00
359 360  0  5 1.00
359 361  0  5 1.00
359 384  0  5 1.00
359 385  0  5 1.00
360 361  0  5 1.00
360 362  0  5 1.00
360 385  0  5 1.00
360 386  0  5 1.00
360 387  0  5 1.00
361 362  0  5 1.00
361 363  0  5 1.00
361 387  0  5 1.00
362 363  0  5 1.00
362 364  0  5 1.00
362 387  0  5 1.00
362 388  0  5 1.00
362 389  0  5 1.00
363 364  0  5 1.00
363 365  0  5 1.00
363 389  0  5 1.00
363 390  0  5 1.00
364 365  0  5 1.00
364 366  0  5 1.00
364 389  0  5 1.00
364 390  0  5 1.00
364 391  0  5 1.00
365 366  0  5 1.00
365 367  0  5 1.00
365 389  0  5 1.00
365 390  0  5 1.00
365 391  0  5 1.00
365 392  0  5 1.00
366 367  0  5 1.00
366 368  0  5 1.00
366 392  0  5 1.00
367 368  0  5 1.00
367 369  0  5 1.00
367 370  0  5 1.00
367 392  0  5 1.00
367 393  0  5 1.00
367 394  0  5 1.00
368 369  0  5 1.00
368 370  0  5 1.00
368 392  0  5 1.00
368 393  0  5 1.00
368 394  0  5 1.00
369 370  0  5 1.00
369 371  0  5 1.00
369 394  0  5 1.00
370 371  0  5 1.00
370 372  0  5 1.00
370 393  0  5 1.00
370 394  0  5 1.00
370 395  0  5 1.00
371 372  0  5 1.00
371 373  0  5 1.00
371 394  0  5 1.00
371 395  0  5 1.00
372 373  0  5 1.00
372 374  0  5 1.00
372 395  0  5 1.00
372 396  0  5 1.00
372 397  0  5 1.00
373 374  0  5 1.00
373 375  0  5 1.00
373 397  0  5 1.00
374 375  0  5 1.00
374 376  0  5 1.00
374 397  0  5 1.00
374 398  0  5 1.00
374 399  0  5 1.00
375 376  0  5 1.00
375 377  0  5 1.00
375 399  0  5 1.00
376 377  0  5 1.00
376 378  0  5 1.00
376 399  0  5 1.00
376 400  0  5 1.00
376 401  0  5 1.00
376 427  0  5 1.00
377 378  0  5 1.00
377 379  0  5 1.00
377 399  0  5 1.00
377 400  0  5 1.00
377 401  0  5 1.00
377 402  0  5 1.00
377 403  0  5 1.00
378 379  0  5 1.00
378 380  0  5 1.00
378 401  0  5 1.00
378 402  0  5 1.00
378 403  0  5 1.00
378 432  0  5 1.00
378 433  0  5 1.00
378 434  0  5 1.00
379 380  0  5 1.00
379 381  0  5 1.00
379 382  0  5 1.00
379 433  0  5 1.00
379 434  0  5 1.00
380 381  0  5 1.00
380 382  0  5 1.00
380 433  0  5 1.00
380 434  0  5 1.00
381 382  0  5 1.00
381 383  0  5 1.00
382 383  0  5 1.00
382 384  0  5 1.00
383 384  0  5 1.00
383 385  0  5 1.00
384 385  0  5 1.00
384 386  0  5 1.00
384 402  0  5 1.00
384 403  0  5 1.00
384 404  0  5 1.00
385 386  0  5 1.00
385 387  0  5 1.00
385 404  0  5 1.00
386 387  0  5 1.00
386 388  0  5 1.00
386 404  0  5 1.00
386 405  0  5 1.00
386 406  0  5 1.00
387 388  0  5 1.00
387 389  0  5 1.00
387 406  0  5 1.00
388 389  0  5 1.00
388 390  0  5 1.00
388 406  0  5 1.00
388 407  0  5 1.00
388 408  0  5 1.00
389 390  0  5 1.00
389 391  0  5 1.00
389 408  0  5 1.00
389 409  0  5 1.00
390 391  0  5 1.00
390 392  0  5 1.00
390 408  0  5 1.00
390 409  0  5 1.00
390 410  0  5 1.00
391 392  0  5 1.00
391 393  0  5 1.00
391 408  0  5 1.00
391 409  0  5 1.00
391 410  0  5 1.00
391 411  0  5 1.00
392 393  0  5 1.00
392 394  0  5 1.00
392 411  0  5 1.00
393 394  0  5 1.00
393 395  0  5 1.00
393 411  0  5 1.00
393 412  0  5 1.00
393 413  0  5 1.00
394 395  0  5 1.00
394 396  0  5 1.00
394 412  0  5 1.00
394 413  0  5 1.00
394 414  0  5 1.00
395 396  0  5 1.00
395 397  0  5 1.00
395 413  0  5 1.00
395 414  0  5 1.00
396 397  0  5 1.00
396 398  0  5 1.00
396 414  0  5 1.00
396 415  0  5 1.00
396 416  0  5 1.00
397 398  0  5 1.00
397 399  0  5 1.00
397 416  0  5 1.00
398 399  0  5 1.00
398 400  0  5 1.00
398 416  0  5 1.00
398 417  0  5 1.00
398 418  0  5 1.00
399 400  0  5 1.00
399 401  0  5 1.00
399 418  0  5 1.00
399 419  0  5 1.00
400 401  0  5 1.00
400 402  0  5 1.00
400 418  0  5 1.00
400 419  0  5 1.00
400 420  0  5 1.00
400 421  0  5 1.00
401 402  0  5 1.00
401 403  0  5 1.00
401 419  0  5 1.00
401 420  0  5 1.00
402 403  0  5 1.00
402 404  0  5 1.00
402 438  0  5 1.00
402 439  0  5 1.00
403 404  0  5 1.00
403 405  0  5 1.00
403 437  0  5 1.00
403 438  0  5 1.00
403 439  0  5 1.00
404 405  0  5 1.00
404 406  0  5 1.00
404 439  0  5 1.00
405 406  0  5 1.00
405 407  0  5 1.00
405 439  0  5 1.00
405 440  0  5 1.00
405 441  0  5 1.00
406 407  0  5 1.00
406 408  0  5 1.00
406 441  0  5 1.00
407 408  0  5 1.00
407 409  0  5 1.00
407 441  0  5 1.00
407 442  0  5 1.00
407 443  0  5 1.00
408 409  0  5 1.00
408 410  0  5 1.00
408 443  0  5 1.00
408 444  0  5 1.00
409 410  0  5 1.00
409 411  0  5 1.00
409 443  0  5 1.00
409 444  0  5 1.00
409 445  0  5 1.00
410 411  0  5 1.00
410 412  0  5 1.00
410 444  0  5 1.00
410 445  0  5 1.00
410 446  0  5 1.00
410 447  0  5 1.00
411 412  0  5 1.00
411 413  0  5 1.00
411 446  0  5 1.00
412 413  0  5 1.00
412 414  0  5 1.00
412 446  0  5 1.00
412 447  0  5 1.00
412 448  0  5 1.00
413 414  0  5 1.00
413 415  0  5 1.00
413 447  0  5 1.00
413 448  0  5 1.00
413 449  0  5 1.00
413 452  0  5 1.00
413 454  0  5 1.00
414 415  0  5 1.00
414 416  0  5 1.00
414 454  0  5 1.00
415 416  0  5 1.00
415 417  0  5 1.00
415 454  0  5 1.00
415 455  0  5 1.00
415 456  0  5 1.00
416 417  0  5 1.00
416 418  0  5 1.00
416 456  0  5 1.00
417 418  0  5 1.00
417 419  0  5 1.00
417 456  0  5 1.00
417 457  0  5 1.00
417 458  0  5 1.00
418 419  0  5 1.00
418 420  0  5 1.00
418 421  0  5 1.00
418 458  0  5 1.00
419 420  0  5 1.00
419 421  0  5 1.00
419 458  0  5 1.00
419 459  0  5 1.00
419 460  0  5 1.00
420 421  0  5 1.00
420 422  0  5 1.00
420 458  0  5 1.00
420 459  0  5 1.00
421 422  0  5 1.00
421 423  0  5 1.00
421 428  0  5 1.00
421 429  0  5 1.00
421 430  0  5 1.00
422 423  0  5 1.00
422 424  0  5 1.00
422 425  0  5 1.00
422 426  0  5 1.00
422 429  0  5 1.00
422 430  0  5 1.00
423 424  0  5 1.00
423 425  0  5 1.00
423 429  0  5 1.00
423 430  0  5 1.00
424 425  0  5 1.00
424 426  0  5 1.00
425 426  0  5 1.00
425 427  0  5 1.00
426 427  0  5 1.00
426 428  0  5 1.00
426 429  0  5 1.00
427 428  0  5 1.00
427 429  0  5 1.00
428 429  0  5 1.00
428 430  0  5 1.00
428 431  0  5 1.00
428 432  0  5 1.00
429 430  0  5 1.00
429 431  0  5 1.00
430 431  0  5 1.00
430 432  0  5 1.00
431 432  0  5 1.00
431 433  0  5 1.00
432 433  0  5 1.00
432 434  0  5 1.00
433 434  0  5 1.00
433 435  0  5 1.00
434 435  0  5 1.00
434 436  0  5 1.00
435 436  0  5 1.00
435 437  0  5 1.00
435 483  0  5 1.00
436 437  0  5 1.00
436 438  0  5 1.00
437 438  0  5 1.00
437 439  0  5 1.00
438 439  0  5 1.00
438 440  0  5 1.00
438 461  0  5 1.00
438 462  0  5 1.00
438 463  0  5 1.00
438 464  0  5 1.00
439 440  0  5 1.00
439 441  0  5 1.00
439 464  0  5 1.00
440 441  0  5 1.00
440 442  0  5 1.00
440 464  0  5 1.00
440 465  0  5 1.00
440 466  0  5 1.00
441 442  0  5 1.00
441 443  0  5 1.00
441 466  0  5 1.00
442 443  0  5 1.00
442 444  0  5 1.00
442 466  0  5 1.00
442 467  0  5 1.00
442 468  0  5 1.00
443 444  0  5 1.00
443 445  0  5 1.00
443 468  0  5 1.00
443 469  0  5 1.00
444 445  0  5 1.00
444 446  0  5 1.00
444 468  0  5 1.00
444 469  0  5 1.00
444 470  0  5 1.00
445 446  0  5 1.00
445 447  0  5 1.00
445 469  0  5 1.00
445 470  0  5 1.00
445 471  0  5 1.00
446 447  0  5 1.00
446 448  0  5 1.00
446 471  0  5 1.00
447 448  0  5 1.00
447 449  0  5 1.00
447 452  0  5 1.00
447 453  0  5 1.00
447 454  0  5 1.00
448 449  0  5 1.00
448 450  0  5 1.00
448 452  0  5 1.00
448 453  0  5 1.00
449 450  0  5 1.00
449 451  0  5 1.00
449 452  0  5 1.00
450 451  0  5 1.00
450 452  0  5 1.00
451 452  0  5 1.00
451 453  0  5 1.00
451 564  0  5 1.00
451 583  0  5 1.00
452 453  0  5 1.00
452 454  0  5 1.00
453 454  0  5 1.00
453 455  0  5 1.00
454 455  0  5 1.00
454 456  0  5 1.00
455 456  0  5 1.00
455 457  0  5 1.00
456 457  0  5 1.00
456 458  0  5 1.00
457 458  0  5 1.00
457 459  0  5 1.00
458 459  0  5 1.00
458 460  0  5 1.00
459 460  0  5 1.00
459 461  0  5 1.00
460 461  0  5 1.00
460 462  0  5 1.00
460 475  0  5 1.00
460 476  0  5 1.00
460 477  0  5 1.00
461 462  0  5 1.00
461 463  0  5 1.00
461 477  0  5 1.00
462 463  0  5 1.00
462 464  0  5 1.00
462 477  0  5 1.00
462 484  0  5 1.00
463 464  0  5 1.00
463 465  0  5 1.00
463 484  0  5 1.00
464 465  0  5 1.00
464 466  0  5 1.00
465 466  0  5 1.00
465 467  0  5 1.00
466 467  0  5 1.00
466 468  0  5 1.00
467 468  0  5 1.00
467 469  0  5 1.00
467 492  0  5 1.00
468 469  0  5 1.00
468 470  0  5 1.00
469 470  0  5 1.00
469 471  0  5 1.00
470 471  0  5 1.00
470 472  0  5 1.00
471 472  0  5 1.00
471 473  0  5 1.00
472 473  0  5 1.00
472 474  0  5 1.00
473 474  0  5 1.00
473 475  0  5 1.00
474 475  0  5 1.00
474 476  0  5 1.00
475 476  0  5 1.00
475 477  0  5 1.00
476 477  0  5 1.00
476 478  0  5 1.00
477 478  0  5 1.00
477 479  0  5 1.00
478 479  0  5 1.00
478 480  0  5 1.00
479 480  0  5 1.00
479 481  0  5 1.00
480 481  0  5 1.00
480 482  0  5 1.00
480 483  0  5 1.00
480 484  0  5 1.00
481 482  0  5 1.00
481 483  0  5 1.00
482 483  0  5 1.00
482 484  0  5 1.00
482 485  0  5 1.00
483 484  0  5 1.00
483 485  0  5 1.00
484 485  0  5 1.00
484 486  0  5 1.00
485 486  0  5 1.00
485 487  0  5 1.00
486 487  0  5 1.00
486 488  0  5 1.00
487 488  0  5 1.00
487 489  0  5 1.00
488 489  0  5 1.00
488 490  0  5 1.00
489 490  0  5 1.00
489 491  0  5 1.00
490 491  0  5 1.00
490 492  0  5 1.00
490 510  0  5 1.00
491 492  0  5 1.00
491 493  0  5 1.00
491 511  0  5 1.00
492 493  0  5 1.00
492 494  0  5 1.00
493 494  0  5 1.00
493 495  0  5 1.00
493 511  0  5 1.00
493 512  0  5 1.00
493 513  0  5 1.00
494 495  0  5 1.00
494 496  0  5 1.00
494 513  0  5 1.00
495 496  0  5 1.00
495 497  0  5 1.00
495 513  0  5 1.00
495 514  0  5 1.00
495 515  0  5 1.00
496 497  0  5 1.00
496 498  0  5 1.00
496 515  0  5 1.00
497 498  0  5 1.00
497 499  0  5 1.00
497 515  0  5 1.00
497 516  0  5 1.00
497 517  0  5 1.00
498 499  0  5 1.00
498 500  0  5 1.00
498 517  0  5 1.00
499 500  0  5 1.00
499 501  0  5 1.00
499 516  0  5 1.00
499 517  0  5 1.00
500 501  0  5 1.00
500 502  0  5 1.00
501 502  0  5 1.00
501 503  0  5 1.00
502 503  0  5 1.00
502 504  0  5 1.00
502 557  0  5 1.00
502 558  0  5 1.00
503 504  0  5 1.00
503 505  0  5 1.00
503 506  0  5 1.00
503 557  0  5 1.00
503 558  0  5 1.00
504 505  0  5 1.00
504 506  0  5 1.00
504 530  0  5 1.00
504 557  0  5 1.00
504 558  0  5 1.00
504 559  0  5 1.00
504 560  0  5 1.00
504 561  0  5 1.00
504 562  0  5 1.00
505 506  0  5 1.00
505 507  0  5 1.00
505 530  0  5 1.00
505 560  0  5 1.00
505 561  0  5 1.00
505 562  0  5 1.00
505 565  0  5 1.00
506 507  0  5 1.00
506 508  0  5 1.00
506 528  0  5 1.00
506 529  0  5 1.00
506 530  0  5 1.00
506 562  0  5 1.00
507 508  0  5 1.00
507 509  0  5 1.00
507 528  0  5 1.00
507 529  0  5 1.00
508 509  0  5 1.00
508 510  0  5 1.00
508 527  0  5 1.00
508 528  0  5 1.00
508 529  0  5 1.00
509 510  0  5 1.00
509 511  0  5 1.00
509 512  0  5 1.00
509 524  0  5 1.00
509 527  0  5 1.00
510 511  0  5 1.00
510 512  0  5 1.00
510 524  0  5 1.00
510 526  0  5 1.00
510 527  0  5 1.00
511 512  0  5 1.00
511 513  0  5 1.00
511 524  0  5 1.00
511 525  0  5 1.00
512 513  0  5 1.00
512 514  0  5 1.00
512 522  0  5 1.00
512 523  0  5 1.00
512 524  0  5 1.00
513 514  0  5 1.00
513 515  0  5 1.00
513 522  0  5 1.00
513 523  0  5 1.00
513 524  0  5 1.00
514 515  0  5 1.00
514 516  0  5 1.00
514 520  0  5 1.00
514 521  0  5 1.00
514 522  0  5 1.00
515 516  0  5 1.00
515 517  0  5 1.00
515 520  0  5 1.00
515 521  0  5 1.00
516 517  0  5 1.00
516 518  0  5 1.00
516 519  0  5 1.00
516 520  0  5 1.00
516 521  0  5 1.00
517 518  0  5 1.00
517 519  0  5 1.00
518 519  0  5 1.00
518 520  0  5 1.00
519 520  0  5 1.00
519 521  0  5 1.00
519 623  0  5 1.00
520 521  0  5 1.00
520 522  0  5 1.00
520 623  0  5 1.00
521 522  0  5 1.00
521 523  0  5 1.00
521 621  0  5 1.00
521 622  0  5 1.00
521 623  0  5 1.00
522 523  0  5 1.00
522 524  0  5 1.00
522 621  0  5 1.00
522 622  0  5 1.00
523 524  0  5 1.00
523 525  0  5 1.00
523 619  0  5 1.00
523 620  0  5 1.00
523 621  0  5 1.00
524 525  0  5 1.00
524 526  0  5 1.00
524 619  0  5 1.00
524 620  0  5 1.00
525 526  0  5 1.00
525 527  0  5 1.00
525 619  0  5 1.00
525 620  0  5 1.00
526 527  0  5 1.00
526 528  0  5 1.00
526 617  0  5 1.00
526 618  0  5 1.00
526 619  0  5 1.00
527 528  0  5 1.00
527 529  0  5 1.00
527 616  0  5 1.00
527 617  0  5 1.00
527 618  0  5 1.00
528 529  0  5 1.00
528 530  0  5 1.00
528 616  0  5 1.00
528 617  0  5 1.00
528 618  0  5 1.00
529 530  0  5 1.00
529 531  0  5 1.00
529 616  0  5 1.00
529 617  0  5 1.00
529 618  0  5 1.00
530 531  0  5 1.00
530 532  0  5 1.00
530 618  0  5 1.00
531 532  0  5 1.00
531 533  0  5 1.00
532 533  0  5 1.00
532 534  0  5 1.00
532 535  0  5 1.00
532 612  0  5 1.00
533 534  0  5 1.00
533 535  0  5 1.00
534 535  0  5 1.00
534 536  0  5 1.00
535 536  0  5 1.00
535 537  0  5 1.00
535 610  0  5 1.00
535 611  0  5 1.00
535 612  0  5 1.00
536 537  0  5 1.00
536 538  0  5 1.00
536 548  0  5 1.00
536 549  0  5 1.00
536 550  0  5 1.00
536 551  0  5 1.00
536 609  0  5 1.00
536 610  0  5 1.00
536 611  0  5 1.00
537 538  0  5 1.00
537 539  0  5 1.00
537 548  0  5 1.00
537 549  0  5 1.00
537 550  0  5 1.00
537 607  0  5 1.00
537 608  0  5 1.00
537 609  0  5 1.00
537 610  0  5 1.00
538 539  0  5 1.00
538 540  0  5 1.00
538 548  0  5 1.00
538 549  0  5 1.00
538 550  0  5 1.00
538 606  0  5 1.00
538 607  0  5 1.00
538 608  0  5 1.00
538 609  0  5 1.00
539 540  0  5 1.00
539 541  0  5 1.00
539 606  0  5 1.00
539 607  0  5 1.00
539 608  0  5 1.00
539 609  0  5 1.00
540 541  0  5 1.00
540 542  0  5 1.00
540 605  0  5 1.00
540 606  0  5 1.00
541 542  0  5 1.00
541 543  0  5 1.00
541 544  0  5 1.00
541 602  0  5 1.00
541 605  0  5 1.00
542 543  0  5 1.00
542 544  0  5 1.00
542 602  0  5 1.00
542 603  0  5 1.00
542 605  0  5 1.00
543 544  0  5 1.00
543 545  0  5 1.00
543 601  0  5 1.00
543 602  0  5 1.00
544 545  0  5 1.00
544 546  0  5 1.00
544 600  0  5 1.00
544 601  0  5 1.00
544 602  0  5 1.00
545 546  0  5 1.00
545 547  0  5 1.00
545 596  0  5 1.00
545 597  0  5 1.00
545 598  0  5 1.00
545 601  0  5 1.00
546 547  0  5 1.00
546 548  0  5 1.00
546 596  0  5 1.00
546 597  0  5 1.00
546 598  0  5 1.00
547 548  0  5 1.00
547 549  0  5 1.00
547 594  0  5 1.00
547 595  0  5 1.00
547 596  0  5 1.00
548 549  0  5 1.00
548 550  0  5 1.00
548 594  0  5 1.00
548 595  0  5 1.00
549 550  0  5 1.00
549 551  0  5 1.00
549 552  0  5 1.00
549 594  0  5 1.00
549 595  0  5 1.00
550 551  0  5 1.00
550 552  0  5 1.00
551 552  0  5 1.00
551 553  0  5 1.00
552 553  0  5 1.00
552 554  0  5 1.00
553 554  0  5 1.00
553 555  0  5 1.00
553 556  0  5 1.00
553 559  0  5 1.00
553 560  0  5 1.00
554 555  0  5 1.00
554 556  0  5 1.00
554 559  0  5 1.00
554 560  0  5 1.00
554 561  0  5 1.00
555 556  0  5 1.00
555 557  0  5 1.00
556 557  0  5 1.00
556 558  0  5 1.00
556 559  0  5 1.00
556 560  0  5 1.00
557 558  0  5 1.00
557 559  0  5 1.00
557 560  0  5 1.00
558 559  0  5 1.00
558 560  0  5 1.00
559 560  0  5 1.00
559 561  0  5 1.00
560 561  0  5 1.00
560 562  0  5 1.00
561 562  0  5 1.00
561 563  0  5 1.00
561 586  0  5 1.00
561 587  0  5 1.00
562 563  0  5 1.00
562 564  0  5 1.00
562 565  0  5 1.00
562 583  0  5 1.00
562 586  0  5 1.00
563 564  0  5 1.00
563 565  0  5 1.00
563 583  0  5 1.00
563 584  0  5 1.00
563 585  0  5 1.00
563 586  0  5 1.00
564 565  0  5 1.00
564 566  0  5 1.00
564 583  0  5 1.00
564 584  0  5 1.00
565 566  0  5 1.00
565 567  0  5 1.00
565 581  0  5 1.00
565 582  0  5 1.00
565 583  0  5 1.00
566 567  0  5 1.00
566 568  0  5 1.00
566 581  0  5 1.00
566 582  0  5 1.00
566 613  0  5 1.00
566 614  0  5 1.00
566 615  0  5 1.00
566 616  0  5 1.00
567 568  0  5 1.00
567 569  0  5 1.00
567 579  0  5 1.00
567 580  0  5 1.00
567 581  0  5 1.00
567 582  0  5 1.00
567 613  0  5 1.00
567 614  0  5 1.00
567 615  0  5 1.00
568 569  0  5 1.00
568 570  0  5 1.00
568 579  0  5 1.00
568 580  0  5 1.00
568 611  0  5 1.00
568 612  0  5 1.00
568 613  0  5 1.00
568 614  0  5 1.00
568 615  0  5 1.00
569 570  0  5 1.00
569 571  0  5 1.00
569 572  0  5 1.00
569 573  0  5 1.00
569 577  0  5 1.00
569 578  0  5 1.00
569 579  0  5 1.00
569 611  0  5 1.00
570 571  0  5 1.00
570 572  0  5 1.00
570 577  0  5 1.00
570 578  0  5 1.00
570 611  0  5 1.00
571 572  0  5 1.00
571 573  0  5 1.00
571 576  0  5 1.00
571 577  0  5 1.00
571 578  0  5 1.00
571 579  0  5 1.00
571 604  0  5 1.00
571 605  0  5 1.00
572 573  0  5 1.00
572 574  0  5 1.00
572 576  0  5 1.00
572 577  0  5 1.00
572 578  0  5 1.00
572 579  0  5 1.00
572 602  0  5 1.00
572 603  0  5 1.00
572 604  0  5 1.00
573 574  0  5 1.00
573 575  0  5 1.00
573 576  0  5 1.00
573 577  0  5 1.00
573 578  0  5 1.00
573 579  0  5 1.00
573 603  0  5 1.00
573 604  0  5 1.00
574 575  0  5 1.00
574 576  0  5 1.00
574 577  0  5 1.00
575 576  0  5 1.00
575 577  0  5 1.00
576 577  0  5 1.00
576 578  0  5 1.00
577 578  0  5 1.00
577 579  0  5 1.00
578 579  0  5 1.00
578 580  0  5 1.00
579 580  0  5 1.00
579 581  0  5 1.00
580 581  0  5 1.00
580 582  0  5 1.00
581 582  0  5 1.00
581 583  0  5 1.00
582 583  0  5 1.00
582 584  0  5 1.00
582 597  0  5 1.00
582 598  0  5 1.00
582 599  0  5 1.00
582 600  0  5 1.00
583 584  0  5 1.00
583 585  0  5 1.00
583 597  0  5 1.00
583 598  0  5 1.00
583 599  0  5 1.00
584 585  0  5 1.00
584 586  0  5 1.00
584 597  0  5 1.00
584 598  0  5 1.00
584 599  0  5 1.00
585 586  0  5 1.00
585 587  0  5 1.00
585 595  0  5 1.00
585 596  0  5 1.00
585 597  0  5 1.00
586 587  0  5 1.00
586 588  0  5 1.00
586 595  0  5 1.00
586 596  0  5 1.00
587 588  0  5 1.00
587 589  0  5 1.00
587 595  0  5 1.00
588 589  0  5 1.00
588 590  0  5 1.00
588 593  0  5 1.00
588 594  0  5 1.00
588 595  0  5 1.00
589 590  0  5 1.00
589 591  0  5 1.00
589 593  0  5 1.00
589 594  0  5 1.00
589 595  0  5 1.00
590 591  0  5 1.00
590 592  0  5 1.00
590 593  0  5 1.00
591 592  0  5 1.00
591 593  0  5 1.00
592 593  0  5 1.00
592 594  0  5 1.00
593 594  0  5 1.00
593 595  0  5 1.00
594 595  0  5 1.00
594 596  0  5 1.00
595 596  0  5 1.00
595 597  0  5 1.00
596 597  0  5 1.00
596 598  0  5 1.00
597 598  0  5 1.00
597 599  0  5 1.00
598 599  0  5 1.00
598 600  0  5 1.00
599 600  0  5 1.00
599 601  0  5 1.00
600 601  0  5 1.00
600 602  0  5 1.00
601 602  0  5 1.00
601 603  0  5 1.00
602 603  0  5 1.00
602 604  0  5 1.00
603 604  0  5 1.00
603 605  0  5 1.00
604 605  0  5 1.00
604 606  0  5 1.00
605 606  0  5 1.00
605 607  0  5 1.00
606 607  0  5 1.00
606 608  0  5 1.00
607 608  0  5 1.00
607 609  0  5 1.00
607 610  0  5 1.00
608 609  0  5 1.00
608 610  0  5 1.00
609 610  0  5 1.00
609 611  0  5 1.00
610 611  0  5 1.00
610 612  0  5 1.00
611 612  0  5 1.00
611 613  0  5 1.00
612 613  0  5 1.00
612 614  0  5 1.00
613 614  0  5 1.00
613 615  0  5 1.00
614 615  0  5 1.00
614 616  0  5 1.00
614 617  0  5 1.00
615 616  0  5 1.00
615 617  0  5 1.00
616 617  0  5 1.00
616 618  0  5 1.00
617 618  0  5 1.00
617 619  0  5 1.00
618 619  0  5 1.00
618 620  0  5 1.00
619 620  0  5 1.00
619 621  0  5 1.00
620 621  0  5 1.00
620 622  0  5 1.00
621 622  0  5 1.00
621 623  0  5 1.00
622 623  0  5 1.00
622 624  0  5 1.00
623 624  0  5 1.00
END
HELX_P HELX_P1  AA1 GLU A 26  ? SER A 31  ? GLU A 204 SER A 209 1 ? 6  
HELX_P HELX_P2  AA2 THR A 34  ? VAL A 39  ? THR A 212 VAL A 217 5 ? 6  
HELX_P HELX_P3  AA3 ASN A 46  ? GLN A 51  ? ASN A 224 GLN A 229 5 ? 6  
HELX_P HELX_P4  AA4 THR A 55  ? GLY A 60  ? THR A 233 GLY A 238 5 ? 6  
HELX_P HELX_P5  AA5 ASP A 69  ? ASN A 84  ? ASP A 247 ASN A 262 1 ? 16 
HELX_P HELX_P6  AA6 PRO A 260 ? TYR A 264 ? PRO A 438 TYR A 442 5 ? 5  
HELX_P HELX_P7  AA7 GLY A 573 ? GLY A 577 ? GLY A 751 GLY A 755 5 ? 5