6gau 1179
 25  26  0  5 1.00
 25  27  0  5 1.00
 25  28  0  5 1.00
 25  29  0  5 1.00
 26  27  0  5 1.00
 26  28  0  5 1.00
 26  29  0  5 1.00
 26  30  0  5 1.00
 27  28  0  5 1.00
 27  29  0  5 1.00
 27  30  0  5 1.00
 27  31  0  5 1.00
 28  29  0  5 1.00
 28  30  0  5 1.00
 28  31  0  5 1.00
 29  30  0  5 1.00
 29  31  0  5 1.00
 30  31  0  5 1.00
 30  32  0  5 1.00
 30  33  0  5 1.00
 30  34  0  5 1.00
 31  32  0  5 1.00
 31  33  0  5 1.00
 31  34  0  5 1.00
 31  35  0  5 1.00
 31  36  0  5 1.00
 32  33  0  5 1.00
 32  34  0  5 1.00
 32  35  0  5 1.00
 32  36  0  5 1.00
 32  37  0  5 1.00
 33  34  0  5 1.00
 33  35  0  5 1.00
 33  36  0  5 1.00
 34  35  0  5 1.00
 34  36  0  5 1.00
 35  36  0  5 1.00
 35  37  0  5 1.00
 35  41  0  5 1.00
 35  42  0  5 1.00
 36  37  0  5 1.00
 36  38  0  5 1.00
 36  42  0  5 1.00
 37  38  0  5 1.00
 37  39  0  5 1.00
 37  41  0  5 1.00
 37  42  0  5 1.00
 37  43  0  5 1.00
 38  39  0  5 1.00
 38  40  0  5 1.00
 38 180  0  5 1.00
 38 181  0  5 1.00
 38 182  0  5 1.00
 38 183  0  5 1.00
 39  40  0  5 1.00
 39  41  0  5 1.00
 39  42  0  5 1.00
 39  43  0  5 1.00
 39 183  0  5 1.00
 40  41  0  5 1.00
 40  42  0  5 1.00
 40  43  0  5 1.00
 40  44  0  5 1.00
 40  45  0  5 1.00
 41  42  0  5 1.00
 41  43  0  5 1.00
 41  44  0  5 1.00
 41  45  0  5 1.00
 42  43  0  5 1.00
 42  44  0  5 1.00
 42  45  0  5 1.00
 42  46  0  5 1.00
 43  44  0  5 1.00
 43  45  0  5 1.00
 43  46  0  5 1.00
 43  47  0  5 1.00
 44  45  0  5 1.00
 44  46  0  5 1.00
 44  47  0  5 1.00
 44  48  0  5 1.00
 45  46  0  5 1.00
 45  47  0  5 1.00
 45  48  0  5 1.00
 45  49  0  5 1.00
 46  47  0  5 1.00
 46  48  0  5 1.00
 46  49  0  5 1.00
 46  50  0  5 1.00
 47  48  0  5 1.00
 47  49  0  5 1.00
 47  50  0  5 1.00
 47  51  0  5 1.00
 47  52  0  5 1.00
 48  49  0  5 1.00
 48  50  0  5 1.00
 48  51  0  5 1.00
 48  52  0  5 1.00
 48  53  0  5 1.00
 49  50  0  5 1.00
 49  51  0  5 1.00
 49  52  0  5 1.00
 49  53  0  5 1.00
 49 126  0  5 1.00
 50  51  0  5 1.00
 50  52  0  5 1.00
 50  53  0  5 1.00
 50  54  0  5 1.00
 51  52  0  5 1.00
 51  53  0  5 1.00
 51  54  0  5 1.00
 51  55  0  5 1.00
 52  53  0  5 1.00
 52  54  0  5 1.00
 52  55  0  5 1.00
 52  56  0  5 1.00
 52  57  0  5 1.00
 53  54  0  5 1.00
 53  55  0  5 1.00
 53  56  0  5 1.00
 53  57  0  5 1.00
 54  55  0  5 1.00
 54  56  0  5 1.00
 54  57  0  5 1.00
 54  58  0  5 1.00
 55  56  0  5 1.00
 55  57  0  5 1.00
 55  58  0  5 1.00
 55  59  0  5 1.00
 56  57  0  5 1.00
 56  58  0  5 1.00
 56  59  0  5 1.00
 56  60  0  5 1.00
 57  58  0  5 1.00
 57  59  0  5 1.00
 57  60  0  5 1.00
 57  61  0  5 1.00
 57  62  0  5 1.00
 57  63  0  5 1.00
 58  59  0  5 1.00
 58  60  0  5 1.00
 58  61  0  5 1.00
 58  62  0  5 1.00
 58  63  0  5 1.00
 59  60  0  5 1.00
 59  61  0  5 1.00
 60  61  0  5 1.00
 60  62  0  5 1.00
 61  62  0  5 1.00
 61  63  0  5 1.00
 62  63  0  5 1.00
 62  64  0  5 1.00
 62  81  0  5 1.00
 62  82  0  5 1.00
 63  64  0  5 1.00
 63  65  0  5 1.00
 63  81  0  5 1.00
 63  82  0  5 1.00
 63 204  0  5 1.00
 64  65  0  5 1.00
 64  66  0  5 1.00
 64 204  0  5 1.00
 64 205  0  5 1.00
 64 206  0  5 1.00
 65  66  0  5 1.00
 65  67  0  5 1.00
 65  79  0  5 1.00
 65  80  0  5 1.00
 65  81  0  5 1.00
 65 206  0  5 1.00
 66  67  0  5 1.00
 66  68  0  5 1.00
 66  79  0  5 1.00
 66 206  0  5 1.00
 66 207  0  5 1.00
 66 208  0  5 1.00
 67  68  0  5 1.00
 67  69  0  5 1.00
 67  77  0  5 1.00
 67  78  0  5 1.00
 67  79  0  5 1.00
 67 208  0  5 1.00
 68  69  0  5 1.00
 68  70  0  5 1.00
 68  77  0  5 1.00
 68  78  0  5 1.00
 68 208  0  5 1.00
 68 209  0  5 1.00
 68 210  0  5 1.00
 69  70  0  5 1.00
 69  71  0  5 1.00
 69  75  0  5 1.00
 69  76  0  5 1.00
 69  77  0  5 1.00
 69 210  0  5 1.00
 70  71  0  5 1.00
 70  72  0  5 1.00
 70  75  0  5 1.00
 70  76  0  5 1.00
 70 210  0  5 1.00
 70 211  0  5 1.00
 70 212  0  5 1.00
 70 213  0  5 1.00
 71  72  0  5 1.00
 71  73  0  5 1.00
 71  74  0  5 1.00
 71  75  0  5 1.00
 71  76  0  5 1.00
 71 212  0  5 1.00
 71 213  0  5 1.00
 72  73  0  5 1.00
 72  74  0  5 1.00
 72 212  0  5 1.00
 72 213  0  5 1.00
 73  74  0  5 1.00
 73  75  0  5 1.00
 74  75  0  5 1.00
 74  76  0  5 1.00
 74 174  0  5 1.00
 74 175  0  5 1.00
 74 176  0  5 1.00
 74 184  0  5 1.00
 75  76  0  5 1.00
 75  77  0  5 1.00
 75 174  0  5 1.00
 75 175  0  5 1.00
 76  77  0  5 1.00
 76  78  0  5 1.00
 76 172  0  5 1.00
 76 173  0  5 1.00
 76 174  0  5 1.00
 77  78  0  5 1.00
 77  79  0  5 1.00
 77 172  0  5 1.00
 77 173  0  5 1.00
 78  79  0  5 1.00
 78  80  0  5 1.00
 78 170  0  5 1.00
 78 171  0  5 1.00
 78 172  0  5 1.00
 79  80  0  5 1.00
 79  81  0  5 1.00
 79 170  0  5 1.00
 79 171  0  5 1.00
 80  81  0  5 1.00
 80  82  0  5 1.00
 80 168  0  5 1.00
 80 169  0  5 1.00
 80 170  0  5 1.00
 80 171  0  5 1.00
 81  82  0  5 1.00
 81  83  0  5 1.00
 81 168  0  5 1.00
 81 169  0  5 1.00
 81 170  0  5 1.00
 82  83  0  5 1.00
 82  84  0  5 1.00
 82 168  0  5 1.00
 82 169  0  5 1.00
 83  84  0  5 1.00
 83  85  0  5 1.00
 83 141  0  5 1.00
 83 142  0  5 1.00
 83 168  0  5 1.00
 83 169  0  5 1.00
 84  85  0  5 1.00
 84  86  0  5 1.00
 84 141  0  5 1.00
 84 169  0  5 1.00
 84 170  0  5 1.00
 85  86  0  5 1.00
 85  87  0  5 1.00
 86  87  0  5 1.00
 86  88  0  5 1.00
 86  95  0  5 1.00
 86  96  0  5 1.00
 86  97  0  5 1.00
 87  88  0  5 1.00
 87  89  0  5 1.00
 87  95  0  5 1.00
 87  96  0  5 1.00
 88  89  0  5 1.00
 88  90  0  5 1.00
 88  95  0  5 1.00
 88  96  0  5 1.00
 89  90  0  5 1.00
 89  91  0  5 1.00
 89  93  0  5 1.00
 89  94  0  5 1.00
 89  95  0  5 1.00
 89  96  0  5 1.00
 90  91  0  5 1.00
 90  92  0  5 1.00
 90  93  0  5 1.00
 90  94  0  5 1.00
 90  95  0  5 1.00
 90  96  0  5 1.00
 91  92  0  5 1.00
 91  93  0  5 1.00
 92  93  0  5 1.00
 92  94  0  5 1.00
 93  94  0  5 1.00
 93  95  0  5 1.00
 94  95  0  5 1.00
 94  96  0  5 1.00
 95  96  0  5 1.00
 95  97  0  5 1.00
 95  98  0  5 1.00
 95  99  0  5 1.00
 96  97  0  5 1.00
 96  98  0  5 1.00
 96  99  0  5 1.00
 96 100  0  5 1.00
 97  98  0  5 1.00
 97  99  0  5 1.00
 97 100  0  5 1.00
 97 101  0  5 1.00
 98  99  0  5 1.00
 98 100  0  5 1.00
 98 101  0  5 1.00
 98 102  0  5 1.00
 98 103  0  5 1.00
 99 100  0  5 1.00
 99 101  0  5 1.00
 99 102  0  5 1.00
 99 103  0  5 1.00
 99 104  0  5 1.00
100 101  0  5 1.00
100 102  0  5 1.00
100 103  0  5 1.00
100 126  0  5 1.00
100 127  0  5 1.00
101 102  0  5 1.00
101 103  0  5 1.00
101 127  0  5 1.00
101 130  0  5 1.00
102 103  0  5 1.00
102 104  0  5 1.00
102 127  0  5 1.00
103 104  0  5 1.00
125 126  0  5 1.00
125 127  0  5 1.00
125 128  0  5 1.00
125 129  0  5 1.00
126 127  0  5 1.00
126 128  0  5 1.00
126 129  0  5 1.00
126 130  0  5 1.00
127 128  0  5 1.00
127 129  0  5 1.00
127 130  0  5 1.00
127 131  0  5 1.00
128 129  0  5 1.00
128 130  0  5 1.00
128 131  0  5 1.00
128 132  0  5 1.00
129 130  0  5 1.00
129 131  0  5 1.00
129 132  0  5 1.00
129 133  0  5 1.00
130 131  0  5 1.00
130 132  0  5 1.00
130 133  0  5 1.00
130 153  0  5 1.00
130 154  0  5 1.00
131 132  0  5 1.00
131 133  0  5 1.00
132 133  0  5 1.00
132 134  0  5 1.00
132 175  0  5 1.00
132 176  0  5 1.00
132 177  0  5 1.00
133 134  0  5 1.00
133 135  0  5 1.00
133 153  0  5 1.00
133 154  0  5 1.00
133 175  0  5 1.00
133 176  0  5 1.00
133 177  0  5 1.00
134 135  0  5 1.00
134 136  0  5 1.00
134 151  0  5 1.00
134 152  0  5 1.00
134 153  0  5 1.00
134 175  0  5 1.00
134 176  0  5 1.00
134 177  0  5 1.00
135 136  0  5 1.00
135 137  0  5 1.00
135 151  0  5 1.00
135 152  0  5 1.00
135 153  0  5 1.00
135 173  0  5 1.00
135 174  0  5 1.00
135 175  0  5 1.00
136 137  0  5 1.00
136 138  0  5 1.00
136 149  0  5 1.00
136 150  0  5 1.00
136 151  0  5 1.00
136 173  0  5 1.00
136 174  0  5 1.00
137 138  0  5 1.00
137 139  0  5 1.00
137 149  0  5 1.00
137 150  0  5 1.00
137 151  0  5 1.00
137 171  0  5 1.00
137 172  0  5 1.00
137 173  0  5 1.00
137 174  0  5 1.00
138 139  0  5 1.00
138 140  0  5 1.00
138 147  0  5 1.00
138 148  0  5 1.00
138 149  0  5 1.00
138 150  0  5 1.00
138 171  0  5 1.00
138 172  0  5 1.00
139 140  0  5 1.00
139 141  0  5 1.00
139 147  0  5 1.00
139 148  0  5 1.00
139 169  0  5 1.00
139 170  0  5 1.00
139 171  0  5 1.00
140 141  0  5 1.00
140 142  0  5 1.00
140 145  0  5 1.00
140 146  0  5 1.00
140 147  0  5 1.00
140 148  0  5 1.00
140 169  0  5 1.00
140 170  0  5 1.00
141 142  0  5 1.00
141 143  0  5 1.00
141 145  0  5 1.00
141 146  0  5 1.00
141 147  0  5 1.00
141 167  0  5 1.00
141 168  0  5 1.00
141 169  0  5 1.00
141 170  0  5 1.00
142 143  0  5 1.00
142 144  0  5 1.00
142 145  0  5 1.00
142 167  0  5 1.00
142 169  0  5 1.00
143 144  0  5 1.00
143 145  0  5 1.00
144 145  0  5 1.00
144 146  0  5 1.00
144 163  0  5 1.00
144 164  0  5 1.00
144 165  0  5 1.00
144 166  0  5 1.00
145 146  0  5 1.00
145 147  0  5 1.00
145 163  0  5 1.00
145 164  0  5 1.00
145 165  0  5 1.00
146 147  0  5 1.00
146 148  0  5 1.00
146 160  0  5 1.00
146 161  0  5 1.00
146 162  0  5 1.00
146 163  0  5 1.00
146 165  0  5 1.00
147 148  0  5 1.00
147 149  0  5 1.00
147 160  0  5 1.00
147 162  0  5 1.00
148 149  0  5 1.00
148 150  0  5 1.00
148 158  0  5 1.00
148 159  0  5 1.00
148 160  0  5 1.00
149 150  0  5 1.00
149 151  0  5 1.00
149 158  0  5 1.00
149 159  0  5 1.00
150 151  0  5 1.00
150 152  0  5 1.00
150 155  0  5 1.00
150 156  0  5 1.00
150 157  0  5 1.00
150 158  0  5 1.00
151 152  0  5 1.00
151 153  0  5 1.00
151 154  0  5 1.00
151 155  0  5 1.00
151 156  0  5 1.00
151 157  0  5 1.00
152 153  0  5 1.00
152 154  0  5 1.00
152 155  0  5 1.00
152 156  0  5 1.00
153 154  0  5 1.00
153 155  0  5 1.00
154 155  0  5 1.00
154 156  0  5 1.00
155 156  0  5 1.00
155 157  0  5 1.00
156 157  0  5 1.00
156 158  0  5 1.00
157 158  0  5 1.00
157 159  0  5 1.00
158 159  0  5 1.00
158 160  0  5 1.00
159 160  0  5 1.00
159 161  0  5 1.00
160 161  0  5 1.00
160 162  0  5 1.00
161 162  0  5 1.00
161 163  0  5 1.00
162 163  0  5 1.00
162 164  0  5 1.00
163 164  0  5 1.00
163 165  0  5 1.00
164 165  0  5 1.00
164 166  0  5 1.00
165 166  0  5 1.00
165 167  0  5 1.00
166 167  0  5 1.00
166 168  0  5 1.00
167 168  0  5 1.00
167 169  0  5 1.00
168 169  0  5 1.00
168 170  0  5 1.00
169 170  0  5 1.00
169 171  0  5 1.00
170 171  0  5 1.00
170 172  0  5 1.00
171 172  0  5 1.00
171 173  0  5 1.00
172 173  0  5 1.00
172 174  0  5 1.00
173 174  0  5 1.00
173 175  0  5 1.00
174 175  0  5 1.00
174 176  0  5 1.00
175 176  0  5 1.00
175 177  0  5 1.00
176 177  0  5 1.00
176 178  0  5 1.00
177 178  0  5 1.00
177 179  0  5 1.00
177 180  0  5 1.00
177 181  0  5 1.00
178 179  0  5 1.00
178 180  0  5 1.00
178 181  0  5 1.00
178 182  0  5 1.00
179 180  0  5 1.00
179 181  0  5 1.00
180 181  0  5 1.00
180 182  0  5 1.00
181 182  0  5 1.00
181 183  0  5 1.00
181 184  0  5 1.00
182 183  0  5 1.00
182 184  0  5 1.00
183 184  0  5 1.00
183 185  0  5 1.00
184 185  0  5 1.00
184 186  0  5 1.00
185 186  0  5 1.00
185 187  0  5 1.00
186 187  0  5 1.00
186 188  0  5 1.00
187 188  0  5 1.00
187 189  0  5 1.00
187 190  0  5 1.00
187 191  0  5 1.00
188 189  0  5 1.00
188 190  0  5 1.00
188 191  0  5 1.00
188 192  0  5 1.00
188 193  0  5 1.00
189 190  0  5 1.00
189 191  0  5 1.00
189 192  0  5 1.00
189 193  0  5 1.00
190 191  0  5 1.00
190 192  0  5 1.00
190 193  0  5 1.00
190 194  0  5 1.00
191 192  0  5 1.00
191 193  0  5 1.00
191 194  0  5 1.00
191 195  0  5 1.00
192 193  0  5 1.00
192 194  0  5 1.00
192 195  0  5 1.00
192 196  0  5 1.00
193 194  0  5 1.00
193 195  0  5 1.00
193 196  0  5 1.00
193 197  0  5 1.00
194 195  0  5 1.00
194 196  0  5 1.00
194 197  0  5 1.00
194 198  0  5 1.00
195 196  0  5 1.00
195 197  0  5 1.00
195 198  0  5 1.00
195 199  0  5 1.00
196 197  0  5 1.00
196 198  0  5 1.00
196 199  0  5 1.00
196 200  0  5 1.00
197 198  0  5 1.00
197 199  0  5 1.00
197 200  0  5 1.00
197 201  0  5 1.00
198 199  0  5 1.00
198 200  0  5 1.00
198 201  0  5 1.00
198 202  0  5 1.00
199 200  0  5 1.00
199 201  0  5 1.00
199 202  0  5 1.00
199 203  0  5 1.00
199 252  0  5 1.00
199 254  0  5 1.00
200 201  0  5 1.00
200 202  0  5 1.00
200 257  0  5 1.00
200 258  0  5 1.00
201 202  0  5 1.00
201 203  0  5 1.00
202 203  0  5 1.00
202 204  0  5 1.00
202 205  0  5 1.00
202 254  0  5 1.00
203 204  0  5 1.00
203 205  0  5 1.00
203 254  0  5 1.00
203 255  0  5 1.00
203 257  0  5 1.00
204 205  0  5 1.00
204 206  0  5 1.00
205 206  0  5 1.00
205 207  0  5 1.00
205 252  0  5 1.00
205 253  0  5 1.00
205 254  0  5 1.00
206 207  0  5 1.00
206 208  0  5 1.00
206 252  0  5 1.00
206 253  0  5 1.00
207 208  0  5 1.00
207 209  0  5 1.00
207 250  0  5 1.00
207 251  0  5 1.00
207 252  0  5 1.00
208 209  0  5 1.00
208 210  0  5 1.00
208 250  0  5 1.00
208 251  0  5 1.00
209 210  0  5 1.00
209 211  0  5 1.00
209 248  0  5 1.00
209 249  0  5 1.00
209 250  0  5 1.00
210 211  0  5 1.00
210 212  0  5 1.00
210 248  0  5 1.00
210 249  0  5 1.00
211 212  0  5 1.00
211 213  0  5 1.00
211 214  0  5 1.00
211 246  0  5 1.00
211 247  0  5 1.00
211 248  0  5 1.00
211 249  0  5 1.00
212 213  0  5 1.00
212 214  0  5 1.00
212 246  0  5 1.00
212 247  0  5 1.00
213 214  0  5 1.00
213 215  0  5 1.00
214 215  0  5 1.00
214 216  0  5 1.00
214 246  0  5 1.00
215 216  0  5 1.00
215 217  0  5 1.00
215 218  0  5 1.00
216 217  0  5 1.00
216 218  0  5 1.00
217 218  0  5 1.00
217 219  0  5 1.00
218 219  0  5 1.00
218 220  0  5 1.00
219 220  0  5 1.00
219 221  0  5 1.00
219 665  0  5 1.00
219 666  0  5 1.00
220 221  0  5 1.00
220 222  0  5 1.00
221 222  0  5 1.00
221 223  0  5 1.00
221 224  0  5 1.00
222 223  0  5 1.00
222 224  0  5 1.00
223 224  0  5 1.00
223 225  0  5 1.00
224 225  0  5 1.00
224 226  0  5 1.00
224 662  0  5 1.00
225 226  0  5 1.00
225 227  0  5 1.00
226 227  0  5 1.00
226 228  0  5 1.00
227 228  0  5 1.00
227 229  0  5 1.00
227 924  0  5 1.00
228 229  0  5 1.00
228 230  0  5 1.00
228 923  0  5 1.00
228 924  0  5 1.00
228 925  0  5 1.00
228 1033  0  5 1.00
229 230  0  5 1.00
229 231  0  5 1.00
230 231  0  5 1.00
241 242  0  5 1.00
241 243  0  5 1.00
242 243  0  5 1.00
242 244  0  5 1.00
243 244  0  5 1.00
243 245  0  5 1.00
244 245  0  5 1.00
244 246  0  5 1.00
245 246  0  5 1.00
245 247  0  5 1.00
246 247  0  5 1.00
246 248  0  5 1.00
247 248  0  5 1.00
247 249  0  5 1.00
248 249  0  5 1.00
248 250  0  5 1.00
249 250  0  5 1.00
249 251  0  5 1.00
250 251  0  5 1.00
250 252  0  5 1.00
251 252  0  5 1.00
251 253  0  5 1.00
252 253  0  5 1.00
252 254  0  5 1.00
253 254  0  5 1.00
253 255  0  5 1.00
254 255  0  5 1.00
254 256  0  5 1.00
254 257  0  5 1.00
255 256  0  5 1.00
255 257  0  5 1.00
256 257  0  5 1.00
256 258  0  5 1.00
256 259  0  5 1.00
256 260  0  5 1.00
257 258  0  5 1.00
257 259  0  5 1.00
257 260  0  5 1.00
257 261  0  5 1.00
258 259  0  5 1.00
258 260  0  5 1.00
258 261  0  5 1.00
258 262  0  5 1.00
259 260  0  5 1.00
259 261  0  5 1.00
259 262  0  5 1.00
259 263  0  5 1.00
259 264  0  5 1.00
260 261  0  5 1.00
260 262  0  5 1.00
260 263  0  5 1.00
260 264  0  5 1.00
261 262  0  5 1.00
261 263  0  5 1.00
261 264  0  5 1.00
261 265  0  5 1.00
262 263  0  5 1.00
262 264  0  5 1.00
262 265  0  5 1.00
262 266  0  5 1.00
262 267  0  5 1.00
263 264  0  5 1.00
263 265  0  5 1.00
263 266  0  5 1.00
263 267  0  5 1.00
264 265  0  5 1.00
264 266  0  5 1.00
264 267  0  5 1.00
264 268  0  5 1.00
265 266  0  5 1.00
265 267  0  5 1.00
265 268  0  5 1.00
265 269  0  5 1.00
266 267  0  5 1.00
266 268  0  5 1.00
266 269  0  5 1.00
266 270  0  5 1.00
266 271  0  5 1.00
267 268  0  5 1.00
267 269  0  5 1.00
268 269  0  5 1.00
268 270  0  5 1.00
269 270  0  5 1.00
269 271  0  5 1.00
270 271  0  5 1.00
270 272  0  5 1.00
270 295  0  5 1.00
270 296  0  5 1.00
271 272  0  5 1.00
271 273  0  5 1.00
271 294  0  5 1.00
271 295  0  5 1.00
271 296  0  5 1.00
272 273  0  5 1.00
272 274  0  5 1.00
272 294  0  5 1.00
272 295  0  5 1.00
272 296  0  5 1.00
273 274  0  5 1.00
273 275  0  5 1.00
273 294  0  5 1.00
274 275  0  5 1.00
274 276  0  5 1.00
275 276  0  5 1.00
275 277  0  5 1.00
275 292  0  5 1.00
276 277  0  5 1.00
276 278  0  5 1.00
276 292  0  5 1.00
277 278  0  5 1.00
277 279  0  5 1.00
277 290  0  5 1.00
277 291  0  5 1.00
277 292  0  5 1.00
278 279  0  5 1.00
278 280  0  5 1.00
278 290  0  5 1.00
278 291  0  5 1.00
278 292  0  5 1.00
279 280  0  5 1.00
279 281  0  5 1.00
279 288  0  5 1.00
279 289  0  5 1.00
279 290  0  5 1.00
279 291  0  5 1.00
280 281  0  5 1.00
280 282  0  5 1.00
280 288  0  5 1.00
280 289  0  5 1.00
280 290  0  5 1.00
281 282  0  5 1.00
281 283  0  5 1.00
281 286  0  5 1.00
281 287  0  5 1.00
281 288  0  5 1.00
281 289  0  5 1.00
282 283  0  5 1.00
282 284  0  5 1.00
282 286  0  5 1.00
282 287  0  5 1.00
283 284  0  5 1.00
283 285  0  5 1.00
283 286  0  5 1.00
283 287  0  5 1.00
284 285  0  5 1.00
284 286  0  5 1.00
285 286  0  5 1.00
285 287  0  5 1.00
285 362  0  5 1.00
285 363  0  5 1.00
285 364  0  5 1.00
286 287  0  5 1.00
286 288  0  5 1.00
286 362  0  5 1.00
286 363  0  5 1.00
287 288  0  5 1.00
287 289  0  5 1.00
287 360  0  5 1.00
287 361  0  5 1.00
287 362  0  5 1.00
288 289  0  5 1.00
288 290  0  5 1.00
288 360  0  5 1.00
288 361  0  5 1.00
288 362  0  5 1.00
289 290  0  5 1.00
289 291  0  5 1.00
289 358  0  5 1.00
289 359  0  5 1.00
289 360  0  5 1.00
289 361  0  5 1.00
290 291  0  5 1.00
290 292  0  5 1.00
290 358  0  5 1.00
290 359  0  5 1.00
290 360  0  5 1.00
291 292  0  5 1.00
291 293  0  5 1.00
291 356  0  5 1.00
291 357  0  5 1.00
291 358  0  5 1.00
292 293  0  5 1.00
292 294  0  5 1.00
292 356  0  5 1.00
292 357  0  5 1.00
293 294  0  5 1.00
293 295  0  5 1.00
293 354  0  5 1.00
293 355  0  5 1.00
293 356  0  5 1.00
294 295  0  5 1.00
294 296  0  5 1.00
294 354  0  5 1.00
294 355  0  5 1.00
294 356  0  5 1.00
295 296  0  5 1.00
295 297  0  5 1.00
295 298  0  5 1.00
295 354  0  5 1.00
295 355  0  5 1.00
296 297  0  5 1.00
296 298  0  5 1.00
297 298  0  5 1.00
297 299  0  5 1.00
298 299  0  5 1.00
298 300  0  5 1.00
298 353  0  5 1.00
298 354  0  5 1.00
298 492  0  5 1.00
299 300  0  5 1.00
299 301  0  5 1.00
299 352  0  5 1.00
299 353  0  5 1.00
299 354  0  5 1.00
299 355  0  5 1.00
300 301  0  5 1.00
300 302  0  5 1.00
300 352  0  5 1.00
300 353  0  5 1.00
300 354  0  5 1.00
300 355  0  5 1.00
301 302  0  5 1.00
301 303  0  5 1.00
301 352  0  5 1.00
301 355  0  5 1.00
301 356  0  5 1.00
301 357  0  5 1.00
302 303  0  5 1.00
302 304  0  5 1.00
302 355  0  5 1.00
302 357  0  5 1.00
303 304  0  5 1.00
303 305  0  5 1.00
303 357  0  5 1.00
303 358  0  5 1.00
303 359  0  5 1.00
304 305  0  5 1.00
304 306  0  5 1.00
304 309  0  5 1.00
304 310  0  5 1.00
304 311  0  5 1.00
304 312  0  5 1.00
304 359  0  5 1.00
305 306  0  5 1.00
305 307  0  5 1.00
305 308  0  5 1.00
305 309  0  5 1.00
305 310  0  5 1.00
305 311  0  5 1.00
305 359  0  5 1.00
305 360  0  5 1.00
305 361  0  5 1.00
306 307  0  5 1.00
306 308  0  5 1.00
306 309  0  5 1.00
306 361  0  5 1.00
307 308  0  5 1.00
307 309  0  5 1.00
307 361  0  5 1.00
307 362  0  5 1.00
307 363  0  5 1.00
308 309  0  5 1.00
308 310  0  5 1.00
308 361  0  5 1.00
309 310  0  5 1.00
309 311  0  5 1.00
310 311  0  5 1.00
310 312  0  5 1.00
310 640  0  5 1.00
311 312  0  5 1.00
311 313  0  5 1.00
311 314  0  5 1.00
311 315  0  5 1.00
311 374  0  5 1.00
312 313  0  5 1.00
312 314  0  5 1.00
312 374  0  5 1.00
313 314  0  5 1.00
313 315  0  5 1.00
313 374  0  5 1.00
313 375  0  5 1.00
314 315  0  5 1.00
314 316  0  5 1.00
314 318  0  5 1.00
314 319  0  5 1.00
314 374  0  5 1.00
314 375  0  5 1.00
314 376  0  5 1.00
315 316  0  5 1.00
315 317  0  5 1.00
315 318  0  5 1.00
315 319  0  5 1.00
315 374  0  5 1.00
315 375  0  5 1.00
315 376  0  5 1.00
316 317  0  5 1.00
316 318  0  5 1.00
316 319  0  5 1.00
316 320  0  5 1.00
316 376  0  5 1.00
316 378  0  5 1.00
316 381  0  5 1.00
316 382  0  5 1.00
317 318  0  5 1.00
317 319  0  5 1.00
317 320  0  5 1.00
317 321  0  5 1.00
318 319  0  5 1.00
318 320  0  5 1.00
318 321  0  5 1.00
318 322  0  5 1.00
319 320  0  5 1.00
319 321  0  5 1.00
319 322  0  5 1.00
319 323  0  5 1.00
320 321  0  5 1.00
320 322  0  5 1.00
320 323  0  5 1.00
320 324  0  5 1.00
320 382  0  5 1.00
320 385  0  5 1.00
320 386  0  5 1.00
321 322  0  5 1.00
321 323  0  5 1.00
321 324  0  5 1.00
321 325  0  5 1.00
321 326  0  5 1.00
321 385  0  5 1.00
321 386  0  5 1.00
322 323  0  5 1.00
322 324  0  5 1.00
322 325  0  5 1.00
322 326  0  5 1.00
323 324  0  5 1.00
323 325  0  5 1.00
323 326  0  5 1.00
323 327  0  5 1.00
324 325  0  5 1.00
324 326  0  5 1.00
324 327  0  5 1.00
324 328  0  5 1.00
324 386  0  5 1.00
325 326  0  5 1.00
325 327  0  5 1.00
325 328  0  5 1.00
325 329  0  5 1.00
326 327  0  5 1.00
326 328  0  5 1.00
326 329  0  5 1.00
326 330  0  5 1.00
327 328  0  5 1.00
327 329  0  5 1.00
327 330  0  5 1.00
327 331  0  5 1.00
328 329  0  5 1.00
328 330  0  5 1.00
328 331  0  5 1.00
328 332  0  5 1.00
329 330  0  5 1.00
329 331  0  5 1.00
329 332  0  5 1.00
330 331  0  5 1.00
330 332  0  5 1.00
331 332  0  5 1.00
348 349  0  5 1.00
348 350  0  5 1.00
348 351  0  5 1.00
348 352  0  5 1.00
349 350  0  5 1.00
349 351  0  5 1.00
349 352  0  5 1.00
349 353  0  5 1.00
350 351  0  5 1.00
350 352  0  5 1.00
350 353  0  5 1.00
350 414  0  5 1.00
351 352  0  5 1.00
351 353  0  5 1.00
352 353  0  5 1.00
352 354  0  5 1.00
352 355  0  5 1.00
353 354  0  5 1.00
353 355  0  5 1.00
354 355  0  5 1.00
354 356  0  5 1.00
355 356  0  5 1.00
355 357  0  5 1.00
356 357  0  5 1.00
356 358  0  5 1.00
357 358  0  5 1.00
357 359  0  5 1.00
358 359  0  5 1.00
358 360  0  5 1.00
359 360  0  5 1.00
359 361  0  5 1.00
360 361  0  5 1.00
360 362  0  5 1.00
361 362  0  5 1.00
361 363  0  5 1.00
362 363  0  5 1.00
362 364  0  5 1.00
363 364  0  5 1.00
363 365  0  5 1.00
363 366  0  5 1.00
364 365  0  5 1.00
364 366  0  5 1.00
365 366  0  5 1.00
365 367  0  5 1.00
366 367  0  5 1.00
366 368  0  5 1.00
367 368  0  5 1.00
367 369  0  5 1.00
367 375  0  5 1.00
367 376  0  5 1.00
367 377  0  5 1.00
367 378  0  5 1.00
368 369  0  5 1.00
368 370  0  5 1.00
368 373  0  5 1.00
368 375  0  5 1.00
368 376  0  5 1.00
368 377  0  5 1.00
369 370  0  5 1.00
369 371  0  5 1.00
369 372  0  5 1.00
369 373  0  5 1.00
369 374  0  5 1.00
369 375  0  5 1.00
369 376  0  5 1.00
370 371  0  5 1.00
370 372  0  5 1.00
371 372  0  5 1.00
371 373  0  5 1.00
371 558  0  5 1.00
372 373  0  5 1.00
372 374  0  5 1.00
372 558  0  5 1.00
373 374  0  5 1.00
373 375  0  5 1.00
374 375  0  5 1.00
374 376  0  5 1.00
375 376  0  5 1.00
375 377  0  5 1.00
376 377  0  5 1.00
376 378  0  5 1.00
377 378  0  5 1.00
377 379  0  5 1.00
378 379  0  5 1.00
378 380  0  5 1.00
378 381  0  5 1.00
378 382  0  5 1.00
379 380  0  5 1.00
379 381  0  5 1.00
379 382  0  5 1.00
379 383  0  5 1.00
380 381  0  5 1.00
380 382  0  5 1.00
380 383  0  5 1.00
380 384  0  5 1.00
381 382  0  5 1.00
381 383  0  5 1.00
381 384  0  5 1.00
381 385  0  5 1.00
381 386  0  5 1.00
382 383  0  5 1.00
382 384  0  5 1.00
382 385  0  5 1.00
382 386  0  5 1.00
382 387  0  5 1.00
383 384  0  5 1.00
383 385  0  5 1.00
383 386  0  5 1.00
383 387  0  5 1.00
383 388  0  5 1.00
384 385  0  5 1.00
384 386  0  5 1.00
384 387  0  5 1.00
384 388  0  5 1.00
384 389  0  5 1.00
385 386  0  5 1.00
385 387  0  5 1.00
385 388  0  5 1.00
385 389  0  5 1.00
385 390  0  5 1.00
386 387  0  5 1.00
386 388  0  5 1.00
386 389  0  5 1.00
386 390  0  5 1.00
386 391  0  5 1.00
387 388  0  5 1.00
387 389  0  5 1.00
387 390  0  5 1.00
387 391  0  5 1.00
387 392  0  5 1.00
388 389  0  5 1.00
388 390  0  5 1.00
388 391  0  5 1.00
388 392  0  5 1.00
388 393  0  5 1.00
389 390  0  5 1.00
389 391  0  5 1.00
389 392  0  5 1.00
389 393  0  5 1.00
389 394  0  5 1.00
390 391  0  5 1.00
390 392  0  5 1.00
390 393  0  5 1.00
390 394  0  5 1.00
391 392  0  5 1.00
391 393  0  5 1.00
391 394  0  5 1.00
391 395  0  5 1.00
392 393  0  5 1.00
392 394  0  5 1.00
392 395  0  5 1.00
392 396  0  5 1.00
393 394  0  5 1.00
393 395  0  5 1.00
393 396  0  5 1.00
393 397  0  5 1.00
394 395  0  5 1.00
394 396  0  5 1.00
394 397  0  5 1.00
394 398  0  5 1.00
394 399  0  5 1.00
395 396  0  5 1.00
395 397  0  5 1.00
395 398  0  5 1.00
395 399  0  5 1.00
395 400  0  5 1.00
396 397  0  5 1.00
396 398  0  5 1.00
396 399  0  5 1.00
396 400  0  5 1.00
396 401  0  5 1.00
397 398  0  5 1.00
397 399  0  5 1.00
397 400  0  5 1.00
397 401  0  5 1.00
398 399  0  5 1.00
398 400  0  5 1.00
398 401  0  5 1.00
399 400  0  5 1.00
399 401  0  5 1.00
400 401  0  5 1.00
400 402  0  5 1.00
400 403  0  5 1.00
400 404  0  5 1.00
401 402  0  5 1.00
401 403  0  5 1.00
401 404  0  5 1.00
401 405  0  5 1.00
402 403  0  5 1.00
402 404  0  5 1.00
402 405  0  5 1.00
402 406  0  5 1.00
403 404  0  5 1.00
403 405  0  5 1.00
403 406  0  5 1.00
403 407  0  5 1.00
404 405  0  5 1.00
404 406  0  5 1.00
404 407  0  5 1.00
404 408  0  5 1.00
405 406  0  5 1.00
405 407  0  5 1.00
405 408  0  5 1.00
405 409  0  5 1.00
406 407  0  5 1.00
406 408  0  5 1.00
406 409  0  5 1.00
406 410  0  5 1.00
407 408  0  5 1.00
407 409  0  5 1.00
407 410  0  5 1.00
407 411  0  5 1.00
408 409  0  5 1.00
408 410  0  5 1.00
408 411  0  5 1.00
408 412  0  5 1.00
409 410  0  5 1.00
409 411  0  5 1.00
409 412  0  5 1.00
409 413  0  5 1.00
410 411  0  5 1.00
410 412  0  5 1.00
410 413  0  5 1.00
410 414  0  5 1.00
410 415  0  5 1.00
411 412  0  5 1.00
411 413  0  5 1.00
411 414  0  5 1.00
411 415  0  5 1.00
412 413  0  5 1.00
412 414  0  5 1.00
412 415  0  5 1.00
412 416  0  5 1.00
413 414  0  5 1.00
413 415  0  5 1.00
413 416  0  5 1.00
413 417  0  5 1.00
414 415  0  5 1.00
414 416  0  5 1.00
414 417  0  5 1.00
414 418  0  5 1.00
415 416  0  5 1.00
415 417  0  5 1.00
415 418  0  5 1.00
415 419  0  5 1.00
416 417  0  5 1.00
416 418  0  5 1.00
416 419  0  5 1.00
416 420  0  5 1.00
416 421  0  5 1.00
417 418  0  5 1.00
417 419  0  5 1.00
417 420  0  5 1.00
417 421  0  5 1.00
418 419  0  5 1.00
418 420  0  5 1.00
418 421  0  5 1.00
418 422  0  5 1.00
419 420  0  5 1.00
419 421  0  5 1.00
419 422  0  5 1.00
419 423  0  5 1.00
420 421  0  5 1.00
420 422  0  5 1.00
420 423  0  5 1.00
420 424  0  5 1.00
421 422  0  5 1.00
421 423  0  5 1.00
421 424  0  5 1.00
421 425  0  5 1.00
422 423  0  5 1.00
422 424  0  5 1.00
422 425  0  5 1.00
422 426  0  5 1.00
423 424  0  5 1.00
423 425  0  5 1.00
423 426  0  5 1.00
423 427  0  5 1.00
424 425  0  5 1.00
424 426  0  5 1.00
424 427  0  5 1.00
424 428  0  5 1.00
425 426  0  5 1.00
425 427  0  5 1.00
425 428  0  5 1.00
425 429  0  5 1.00
426 427  0  5 1.00
426 428  0  5 1.00
426 429  0  5 1.00
426 430  0  5 1.00
427 428  0  5 1.00
427 429  0  5 1.00
427 430  0  5 1.00
427 431  0  5 1.00
428 429  0  5 1.00
428 430  0  5 1.00
428 431  0  5 1.00
428 432  0  5 1.00
429 430  0  5 1.00
429 431  0  5 1.00
429 432  0  5 1.00
430 431  0  5 1.00
430 432  0  5 1.00
431 432  0  5 1.00
431 433  0  5 1.00
432 433  0  5 1.00
432 434  0  5 1.00
433 434  0  5 1.00
433 435  0  5 1.00
434 435  0  5 1.00
434 436  0  5 1.00
435 436  0  5 1.00
435 437  0  5 1.00
436 437  0  5 1.00
436 438  0  5 1.00
437 438  0  5 1.00
437 439  0  5 1.00
438 439  0  5 1.00
438 440  0  5 1.00
439 440  0  5 1.00
439 441  0  5 1.00
439 442  0  5 1.00
439 443  0  5 1.00
440 441  0  5 1.00
440 442  0  5 1.00
440 443  0  5 1.00
441 442  0  5 1.00
441 443  0  5 1.00
442 443  0  5 1.00
442 444  0  5 1.00
442 479  0  5 1.00
442 481  0  5 1.00
443 444  0  5 1.00
443 445  0  5 1.00
443 479  0  5 1.00
444 445  0  5 1.00
444 446  0  5 1.00
444 477  0  5 1.00
444 478  0  5 1.00
444 479  0  5 1.00
445 446  0  5 1.00
445 447  0  5 1.00
445 474  0  5 1.00
445 477  0  5 1.00
445 478  0  5 1.00
446 447  0  5 1.00
446 448  0  5 1.00
446 474  0  5 1.00
446 475  0  5 1.00
446 476  0  5 1.00
446 477  0  5 1.00
446 478  0  5 1.00
447 448  0  5 1.00
447 449  0  5 1.00
447 474  0  5 1.00
447 475  0  5 1.00
447 476  0  5 1.00
448 449  0  5 1.00
448 450  0  5 1.00
448 475  0  5 1.00
448 476  0  5 1.00
449 450  0  5 1.00
449 451  0  5 1.00
450 451  0  5 1.00
450 452  0  5 1.00
450 453  0  5 1.00
450 454  0  5 1.00
451 452  0  5 1.00
451 453  0  5 1.00
451 454  0  5 1.00
451 523  0  5 1.00
451 524  0  5 1.00
451 525  0  5 1.00
451 526  0  5 1.00
452 453  0  5 1.00
452 454  0  5 1.00
453 454  0  5 1.00
453 455  0  5 1.00
453 476  0  5 1.00
454 455  0  5 1.00
454 456  0  5 1.00
454 476  0  5 1.00
454 525  0  5 1.00
454 526  0  5 1.00
454 527  0  5 1.00
455 456  0  5 1.00
455 457  0  5 1.00
455 476  0  5 1.00
455 477  0  5 1.00
455 478  0  5 1.00
455 525  0  5 1.00
455 527  0  5 1.00
456 457  0  5 1.00
456 458  0  5 1.00
456 478  0  5 1.00
456 527  0  5 1.00
456 528  0  5 1.00
456 529  0  5 1.00
457 458  0  5 1.00
457 459  0  5 1.00
457 478  0  5 1.00
457 479  0  5 1.00
457 480  0  5 1.00
457 529  0  5 1.00
458 459  0  5 1.00
458 460  0  5 1.00
458 480  0  5 1.00
458 529  0  5 1.00
458 530  0  5 1.00
458 531  0  5 1.00
459 460  0  5 1.00
459 461  0  5 1.00
459 480  0  5 1.00
459 481  0  5 1.00
459 482  0  5 1.00
459 531  0  5 1.00
460 461  0  5 1.00
460 462  0  5 1.00
460 463  0  5 1.00
460 464  0  5 1.00
460 465  0  5 1.00
460 481  0  5 1.00
460 482  0  5 1.00
460 531  0  5 1.00
461 462  0  5 1.00
461 463  0  5 1.00
461 464  0  5 1.00
461 465  0  5 1.00
461 466  0  5 1.00
461 481  0  5 1.00
461 482  0  5 1.00
461 483  0  5 1.00
462 463  0  5 1.00
462 464  0  5 1.00
462 465  0  5 1.00
463 464  0  5 1.00
463 465  0  5 1.00
463 614  0  5 1.00
463 615  0  5 1.00
464 465  0  5 1.00
464 466  0  5 1.00
464 467  0  5 1.00
464 468  0  5 1.00
464 469  0  5 1.00
464 614  0  5 1.00
464 615  0  5 1.00
465 466  0  5 1.00
465 467  0  5 1.00
465 468  0  5 1.00
465 469  0  5 1.00
466 467  0  5 1.00
466 468  0  5 1.00
466 469  0  5 1.00
466 470  0  5 1.00
467 468  0  5 1.00
467 469  0  5 1.00
467 470  0  5 1.00
467 471  0  5 1.00
467 472  0  5 1.00
467 619  0  5 1.00
468 469  0  5 1.00
468 470  0  5 1.00
468 471  0  5 1.00
468 472  0  5 1.00
469 470  0  5 1.00
469 471  0  5 1.00
469 472  0  5 1.00
470 471  0  5 1.00
470 472  0  5 1.00
471 472  0  5 1.00
471 473  0  5 1.00
471 619  0  5 1.00
471 623  0  5 1.00
472 473  0  5 1.00
472 474  0  5 1.00
473 474  0  5 1.00
473 475  0  5 1.00
473 476  0  5 1.00
473 477  0  5 1.00
474 475  0  5 1.00
474 476  0  5 1.00
474 477  0  5 1.00
475 476  0  5 1.00
475 477  0  5 1.00
476 477  0  5 1.00
476 478  0  5 1.00
477 478  0  5 1.00
477 479  0  5 1.00
478 479  0  5 1.00
478 480  0  5 1.00
479 480  0  5 1.00
479 481  0  5 1.00
480 481  0  5 1.00
480 482  0  5 1.00
481 482  0  5 1.00
481 483  0  5 1.00
482 483  0  5 1.00
482 484  0  5 1.00
483 484  0  5 1.00
483 485  0  5 1.00
484 485  0  5 1.00
484 486  0  5 1.00
485 486  0  5 1.00
485 487  0  5 1.00
486 487  0  5 1.00
486 488  0  5 1.00
487 488  0  5 1.00
487 489  0  5 1.00
487 544  0  5 1.00
488 489  0  5 1.00
488 490  0  5 1.00
488 491  0  5 1.00
488 492  0  5 1.00
489 490  0  5 1.00
489 491  0  5 1.00
489 492  0  5 1.00
490 491  0  5 1.00
490 492  0  5 1.00
490 653  0  5 1.00
491 492  0  5 1.00
491 493  0  5 1.00
491 653  0  5 1.00
492 493  0  5 1.00
492 494  0  5 1.00
493 494  0  5 1.00
493 495  0  5 1.00
493 496  0  5 1.00
493 497  0  5 1.00
494 495  0  5 1.00
494 496  0  5 1.00
494 497  0  5 1.00
494 498  0  5 1.00
495 496  0  5 1.00
495 497  0  5 1.00
495 498  0  5 1.00
495 499  0  5 1.00
496 497  0  5 1.00
496 498  0  5 1.00
496 499  0  5 1.00
496 500  0  5 1.00
497 498  0  5 1.00
497 499  0  5 1.00
497 500  0  5 1.00
498 499  0  5 1.00
498 500  0  5 1.00
499 500  0  5 1.00
499 501  0  5 1.00
500 501  0  5 1.00
500 502  0  5 1.00
500 503  0  5 1.00
500 504  0  5 1.00
501 502  0  5 1.00
501 503  0  5 1.00
501 504  0  5 1.00
501 505  0  5 1.00
502 503  0  5 1.00
502 504  0  5 1.00
502 505  0  5 1.00
502 506  0  5 1.00
503 504  0  5 1.00
503 505  0  5 1.00
503 506  0  5 1.00
503 507  0  5 1.00
504 505  0  5 1.00
504 506  0  5 1.00
504 507  0  5 1.00
504 508  0  5 1.00
504 509  0  5 1.00
505 506  0  5 1.00
505 507  0  5 1.00
505 508  0  5 1.00
505 509  0  5 1.00
505 510  0  5 1.00
506 507  0  5 1.00
506 508  0  5 1.00
506 509  0  5 1.00
506 510  0  5 1.00
507 508  0  5 1.00
507 509  0  5 1.00
507 510  0  5 1.00
507 511  0  5 1.00
507 512  0  5 1.00
508 509  0  5 1.00
508 510  0  5 1.00
508 511  0  5 1.00
509 510  0  5 1.00
509 511  0  5 1.00
510 511  0  5 1.00
510 512  0  5 1.00
510 522  0  5 1.00
510 523  0  5 1.00
510 524  0  5 1.00
510 525  0  5 1.00
511 512  0  5 1.00
511 513  0  5 1.00
511 522  0  5 1.00
511 524  0  5 1.00
512 513  0  5 1.00
512 514  0  5 1.00
512 517  0  5 1.00
512 518  0  5 1.00
512 519  0  5 1.00
512 522  0  5 1.00
512 523  0  5 1.00
513 514  0  5 1.00
513 515  0  5 1.00
513 517  0  5 1.00
513 518  0  5 1.00
513 519  0  5 1.00
514 515  0  5 1.00
514 516  0  5 1.00
514 517  0  5 1.00
514 518  0  5 1.00
515 516  0  5 1.00
515 517  0  5 1.00
515 518  0  5 1.00
516 517  0  5 1.00
516 518  0  5 1.00
517 518  0  5 1.00
517 519  0  5 1.00
518 519  0  5 1.00
518 520  0  5 1.00
519 520  0  5 1.00
519 521  0  5 1.00
519 522  0  5 1.00
519 523  0  5 1.00
520 521  0  5 1.00
520 522  0  5 1.00
520 523  0  5 1.00
521 522  0  5 1.00
521 523  0  5 1.00
522 523  0  5 1.00
522 524  0  5 1.00
523 524  0  5 1.00
523 525  0  5 1.00
524 525  0  5 1.00
524 526  0  5 1.00
525 526  0  5 1.00
525 527  0  5 1.00
526 527  0  5 1.00
526 528  0  5 1.00
526 560  0  5 1.00
526 561  0  5 1.00
527 528  0  5 1.00
527 529  0  5 1.00
527 561  0  5 1.00
528 529  0  5 1.00
528 530  0  5 1.00
528 561  0  5 1.00
528 562  0  5 1.00
528 563  0  5 1.00
529 530  0  5 1.00
529 531  0  5 1.00
529 563  0  5 1.00
529 564  0  5 1.00
530 531  0  5 1.00
530 532  0  5 1.00
530 563  0  5 1.00
530 564  0  5 1.00
530 565  0  5 1.00
531 532  0  5 1.00
531 533  0  5 1.00
532 533  0  5 1.00
532 534  0  5 1.00
532 538  0  5 1.00
533 534  0  5 1.00
533 535  0  5 1.00
533 538  0  5 1.00
533 539  0  5 1.00
533 612  0  5 1.00
533 613  0  5 1.00
533 614  0  5 1.00
534 535  0  5 1.00
534 536  0  5 1.00
534 612  0  5 1.00
534 613  0  5 1.00
535 536  0  5 1.00
535 537  0  5 1.00
535 538  0  5 1.00
535 539  0  5 1.00
535 540  0  5 1.00
535 612  0  5 1.00
536 537  0  5 1.00
536 538  0  5 1.00
536 539  0  5 1.00
536 540  0  5 1.00
536 709  0  5 1.00
537 538  0  5 1.00
537 539  0  5 1.00
537 540  0  5 1.00
537 541  0  5 1.00
537 542  0  5 1.00
538 539  0  5 1.00
538 540  0  5 1.00
538 541  0  5 1.00
538 542  0  5 1.00
539 540  0  5 1.00
539 541  0  5 1.00
539 542  0  5 1.00
539 543  0  5 1.00
539 705  0  5 1.00
540 541  0  5 1.00
540 542  0  5 1.00
540 543  0  5 1.00
540 544  0  5 1.00
541 542  0  5 1.00
541 543  0  5 1.00
541 544  0  5 1.00
541 545  0  5 1.00
542 543  0  5 1.00
542 544  0  5 1.00
542 545  0  5 1.00
542 546  0  5 1.00
542 547  0  5 1.00
543 544  0  5 1.00
543 545  0  5 1.00
543 546  0  5 1.00
543 547  0  5 1.00
544 545  0  5 1.00
544 546  0  5 1.00
544 547  0  5 1.00
544 548  0  5 1.00
545 546  0  5 1.00
545 547  0  5 1.00
545 548  0  5 1.00
545 549  0  5 1.00
545 550  0  5 1.00
546 547  0  5 1.00
546 548  0  5 1.00
546 549  0  5 1.00
546 550  0  5 1.00
547 548  0  5 1.00
547 549  0  5 1.00
547 550  0  5 1.00
547 551  0  5 1.00
547 552  0  5 1.00
548 549  0  5 1.00
548 550  0  5 1.00
548 551  0  5 1.00
548 552  0  5 1.00
548 553  0  5 1.00
549 550  0  5 1.00
549 551  0  5 1.00
549 552  0  5 1.00
549 553  0  5 1.00
549 554  0  5 1.00
550 551  0  5 1.00
550 552  0  5 1.00
550 553  0  5 1.00
550 554  0  5 1.00
551 552  0  5 1.00
551 553  0  5 1.00
551 554  0  5 1.00
552 553  0  5 1.00
552 554  0  5 1.00
553 554  0  5 1.00
553 555  0  5 1.00
553 556  0  5 1.00
553 557  0  5 1.00
554 555  0  5 1.00
554 556  0  5 1.00
554 557  0  5 1.00
554 558  0  5 1.00
555 556  0  5 1.00
555 557  0  5 1.00
555 558  0  5 1.00
555 559  0  5 1.00
556 557  0  5 1.00
556 558  0  5 1.00
556 559  0  5 1.00
556 560  0  5 1.00
556 561  0  5 1.00
556 562  0  5 1.00
557 558  0  5 1.00
557 559  0  5 1.00
557 560  0  5 1.00
557 561  0  5 1.00
557 562  0  5 1.00
557 637  0  5 1.00
558 559  0  5 1.00
558 560  0  5 1.00
559 560  0  5 1.00
559 561  0  5 1.00
560 561  0  5 1.00
560 562  0  5 1.00
561 562  0  5 1.00
561 563  0  5 1.00
562 563  0  5 1.00
562 564  0  5 1.00
562 635  0  5 1.00
562 636  0  5 1.00
562 637  0  5 1.00
563 564  0  5 1.00
563 565  0  5 1.00
563 635  0  5 1.00
563 636  0  5 1.00
563 637  0  5 1.00
564 565  0  5 1.00
564 566  0  5 1.00
564 633  0  5 1.00
564 634  0  5 1.00
564 635  0  5 1.00
565 566  0  5 1.00
565 567  0  5 1.00
565 633  0  5 1.00
566 567  0  5 1.00
566 568  0  5 1.00
566 625  0  5 1.00
566 626  0  5 1.00
566 633  0  5 1.00
567 568  0  5 1.00
567 569  0  5 1.00
567 626  0  5 1.00
568 569  0  5 1.00
568 570  0  5 1.00
568 582  0  5 1.00
568 583  0  5 1.00
568 611  0  5 1.00
569 570  0  5 1.00
569 571  0  5 1.00
569 582  0  5 1.00
569 583  0  5 1.00
569 609  0  5 1.00
569 610  0  5 1.00
569 611  0  5 1.00
570 571  0  5 1.00
570 572  0  5 1.00
570 580  0  5 1.00
570 581  0  5 1.00
570 582  0  5 1.00
570 609  0  5 1.00
570 610  0  5 1.00
570 611  0  5 1.00
571 572  0  5 1.00
571 573  0  5 1.00
571 580  0  5 1.00
571 581  0  5 1.00
571 607  0  5 1.00
571 608  0  5 1.00
571 609  0  5 1.00
572 573  0  5 1.00
572 574  0  5 1.00
572 579  0  5 1.00
572 580  0  5 1.00
572 581  0  5 1.00
572 607  0  5 1.00
572 608  0  5 1.00
573 574  0  5 1.00
573 575  0  5 1.00
573 579  0  5 1.00
573 601  0  5 1.00
573 602  0  5 1.00
573 603  0  5 1.00
573 607  0  5 1.00
573 608  0  5 1.00
574 575  0  5 1.00
574 576  0  5 1.00
574 577  0  5 1.00
574 579  0  5 1.00
574 601  0  5 1.00
575 576  0  5 1.00
575 577  0  5 1.00
575 601  0  5 1.00
576 577  0  5 1.00
576 578  0  5 1.00
577 578  0  5 1.00
577 579  0  5 1.00
578 579  0  5 1.00
578 580  0  5 1.00
579 580  0  5 1.00
579 581  0  5 1.00
580 581  0  5 1.00
580 582  0  5 1.00
581 582  0  5 1.00
581 583  0  5 1.00
582 583  0  5 1.00
582 584  0  5 1.00
583 584  0  5 1.00
583 585  0  5 1.00
584 585  0  5 1.00
584 586  0  5 1.00
584 587  0  5 1.00
584 588  0  5 1.00
585 586  0  5 1.00
585 587  0  5 1.00
585 588  0  5 1.00
585 589  0  5 1.00
586 587  0  5 1.00
586 588  0  5 1.00
586 589  0  5 1.00
586 590  0  5 1.00
587 588  0  5 1.00
587 589  0  5 1.00
587 590  0  5 1.00
587 591  0  5 1.00
587 592  0  5 1.00
588 589  0  5 1.00
588 590  0  5 1.00
588 591  0  5 1.00
588 592  0  5 1.00
588 593  0  5 1.00
589 590  0  5 1.00
589 591  0  5 1.00
589 592  0  5 1.00
589 593  0  5 1.00
590 591  0  5 1.00
590 592  0  5 1.00
590 593  0  5 1.00
590 594  0  5 1.00
590 595  0  5 1.00
591 592  0  5 1.00
591 593  0  5 1.00
591 594  0  5 1.00
591 595  0  5 1.00
592 593  0  5 1.00
592 594  0  5 1.00
592 595  0  5 1.00
592 596  0  5 1.00
593 594  0  5 1.00
593 595  0  5 1.00
593 596  0  5 1.00
593 597  0  5 1.00
594 595  0  5 1.00
594 596  0  5 1.00
594 597  0  5 1.00
594 598  0  5 1.00
595 596  0  5 1.00
595 597  0  5 1.00
595 598  0  5 1.00
595 599  0  5 1.00
595 600  0  5 1.00
596 597  0  5 1.00
596 598  0  5 1.00
596 599  0  5 1.00
596 600  0  5 1.00
597 598  0  5 1.00
597 599  0  5 1.00
598 599  0  5 1.00
598 600  0  5 1.00
599 600  0  5 1.00
599 601  0  5 1.00
600 601  0  5 1.00
600 602  0  5 1.00
601 602  0  5 1.00
601 603  0  5 1.00
602 603  0  5 1.00
602 604  0  5 1.00
603 604  0  5 1.00
603 605  0  5 1.00
603 606  0  5 1.00
603 607  0  5 1.00
604 605  0  5 1.00
604 606  0  5 1.00
605 606  0  5 1.00
605 607  0  5 1.00
605 608  0  5 1.00
605 836  0  5 1.00
606 607  0  5 1.00
606 608  0  5 1.00
606 836  0  5 1.00
607 608  0  5 1.00
607 609  0  5 1.00
608 609  0  5 1.00
608 610  0  5 1.00
609 610  0  5 1.00
609 611  0  5 1.00
610 611  0  5 1.00
610 612  0  5 1.00
611 612  0  5 1.00
611 613  0  5 1.00
612 613  0  5 1.00
612 614  0  5 1.00
613 614  0  5 1.00
613 615  0  5 1.00
613 616  0  5 1.00
613 617  0  5 1.00
614 615  0  5 1.00
614 616  0  5 1.00
614 617  0  5 1.00
615 616  0  5 1.00
615 617  0  5 1.00
616 617  0  5 1.00
616 618  0  5 1.00
617 618  0  5 1.00
617 619  0  5 1.00
618 619  0  5 1.00
618 620  0  5 1.00
618 621  0  5 1.00
618 622  0  5 1.00
619 620  0  5 1.00
619 621  0  5 1.00
619 622  0  5 1.00
619 623  0  5 1.00
619 624  0  5 1.00
620 621  0  5 1.00
620 622  0  5 1.00
620 623  0  5 1.00
620 624  0  5 1.00
620 625  0  5 1.00
621 622  0  5 1.00
621 623  0  5 1.00
621 624  0  5 1.00
621 625  0  5 1.00
621 626  0  5 1.00
622 623  0  5 1.00
622 624  0  5 1.00
622 625  0  5 1.00
622 626  0  5 1.00
622 627  0  5 1.00
622 628  0  5 1.00
623 624  0  5 1.00
623 625  0  5 1.00
623 626  0  5 1.00
623 627  0  5 1.00
623 628  0  5 1.00
624 625  0  5 1.00
624 626  0  5 1.00
625 626  0  5 1.00
625 627  0  5 1.00
625 631  0  5 1.00
625 632  0  5 1.00
626 627  0  5 1.00
626 628  0  5 1.00
627 628  0  5 1.00
627 629  0  5 1.00
628 629  0  5 1.00
628 630  0  5 1.00
628 631  0  5 1.00
628 632  0  5 1.00
629 630  0  5 1.00
629 631  0  5 1.00
629 632  0  5 1.00
630 631  0  5 1.00
630 632  0  5 1.00
631 632  0  5 1.00
631 633  0  5 1.00
632 633  0  5 1.00
632 634  0  5 1.00
633 634  0  5 1.00
633 635  0  5 1.00
634 635  0  5 1.00
634 636  0  5 1.00
634 693  0  5 1.00
634 694  0  5 1.00
635 636  0  5 1.00
635 637  0  5 1.00
635 693  0  5 1.00
635 694  0  5 1.00
636 637  0  5 1.00
636 638  0  5 1.00
636 693  0  5 1.00
636 694  0  5 1.00
636 695  0  5 1.00
636 696  0  5 1.00
637 638  0  5 1.00
637 639  0  5 1.00
637 696  0  5 1.00
638 639  0  5 1.00
638 640  0  5 1.00
638 696  0  5 1.00
638 697  0  5 1.00
638 698  0  5 1.00
639 640  0  5 1.00
639 641  0  5 1.00
639 698  0  5 1.00
640 641  0  5 1.00
640 642  0  5 1.00
641 642  0  5 1.00
641 643  0  5 1.00
641 644  0  5 1.00
641 645  0  5 1.00
642 643  0  5 1.00
642 644  0  5 1.00
642 645  0  5 1.00
642 646  0  5 1.00
643 644  0  5 1.00
643 645  0  5 1.00
643 646  0  5 1.00
643 647  0  5 1.00
644 645  0  5 1.00
644 646  0  5 1.00
644 647  0  5 1.00
644 648  0  5 1.00
645 646  0  5 1.00
645 647  0  5 1.00
645 648  0  5 1.00
645 649  0  5 1.00
645 650  0  5 1.00
646 647  0  5 1.00
646 648  0  5 1.00
646 649  0  5 1.00
646 650  0  5 1.00
647 648  0  5 1.00
647 649  0  5 1.00
647 650  0  5 1.00
647 651  0  5 1.00
648 649  0  5 1.00
648 650  0  5 1.00
648 651  0  5 1.00
648 652  0  5 1.00
648 653  0  5 1.00
649 650  0  5 1.00
649 651  0  5 1.00
649 652  0  5 1.00
649 653  0  5 1.00
649 654  0  5 1.00
650 651  0  5 1.00
650 652  0  5 1.00
650 653  0  5 1.00
650 654  0  5 1.00
650 655  0  5 1.00
651 652  0  5 1.00
651 653  0  5 1.00
651 654  0  5 1.00
651 656  0  5 1.00
651 660  0  5 1.00
652 653  0  5 1.00
652 654  0  5 1.00
653 654  0  5 1.00
653 655  0  5 1.00
654 655  0  5 1.00
654 656  0  5 1.00
655 656  0  5 1.00
655 657  0  5 1.00
656 657  0  5 1.00
656 658  0  5 1.00
656 659  0  5 1.00
656 660  0  5 1.00
657 658  0  5 1.00
657 659  0  5 1.00
657 660  0  5 1.00
657 661  0  5 1.00
657 662  0  5 1.00
658 659  0  5 1.00
658 660  0  5 1.00
658 661  0  5 1.00
658 662  0  5 1.00
659 660  0  5 1.00
659 661  0  5 1.00
659 662  0  5 1.00
659 663  0  5 1.00
660 661  0  5 1.00
660 662  0  5 1.00
660 663  0  5 1.00
660 664  0  5 1.00
660 665  0  5 1.00
661 662  0  5 1.00
661 663  0  5 1.00
661 664  0  5 1.00
661 665  0  5 1.00
662 663  0  5 1.00
662 664  0  5 1.00
662 665  0  5 1.00
662 666  0  5 1.00
663 664  0  5 1.00
663 665  0  5 1.00
663 666  0  5 1.00
663 667  0  5 1.00
664 665  0  5 1.00
664 666  0  5 1.00
664 667  0  5 1.00
664 668  0  5 1.00
665 666  0  5 1.00
665 667  0  5 1.00
665 668  0  5 1.00
666 667  0  5 1.00
666 668  0  5 1.00
667 668  0  5 1.00
667 669  0  5 1.00
668 669  0  5 1.00
668 1029  0  5 1.00
669 1029  0  5 1.00
693 694  0  5 1.00
693 695  0  5 1.00
694 695  0  5 1.00
694 696  0  5 1.00
695 696  0  5 1.00
695 697  0  5 1.00
696 697  0  5 1.00
696 698  0  5 1.00
697 698  0  5 1.00
697 699  0  5 1.00
697 700  0  5 1.00
697 701  0  5 1.00
698 699  0  5 1.00
698 700  0  5 1.00
698 701  0  5 1.00
698 702  0  5 1.00
698 703  0  5 1.00
699 700  0  5 1.00
699 701  0  5 1.00
699 702  0  5 1.00
699 703  0  5 1.00
700 701  0  5 1.00
700 702  0  5 1.00
700 703  0  5 1.00
700 704  0  5 1.00
701 702  0  5 1.00
701 703  0  5 1.00
701 704  0  5 1.00
701 705  0  5 1.00
702 703  0  5 1.00
702 704  0  5 1.00
702 705  0  5 1.00
702 706  0  5 1.00
703 704  0  5 1.00
703 705  0  5 1.00
703 706  0  5 1.00
703 707  0  5 1.00
703 708  0  5 1.00
704 705  0  5 1.00
704 706  0  5 1.00
704 707  0  5 1.00
704 708  0  5 1.00
704 709  0  5 1.00
705 706  0  5 1.00
705 707  0  5 1.00
705 708  0  5 1.00
705 709  0  5 1.00
706 707  0  5 1.00
706 708  0  5 1.00
706 709  0  5 1.00
706 710  0  5 1.00
706 711  0  5 1.00
707 708  0  5 1.00
707 709  0  5 1.00
707 710  0  5 1.00
707 711  0  5 1.00
707 712  0  5 1.00
708 709  0  5 1.00
708 710  0  5 1.00
708 711  0  5 1.00
708 712  0  5 1.00
709 710  0  5 1.00
709 711  0  5 1.00
709 712  0  5 1.00
709 713  0  5 1.00
710 711  0  5 1.00
710 712  0  5 1.00
710 713  0  5 1.00
710 714  0  5 1.00
710 715  0  5 1.00
711 712  0  5 1.00
711 713  0  5 1.00
711 714  0  5 1.00
711 715  0  5 1.00
711 716  0  5 1.00
712 713  0  5 1.00
712 714  0  5 1.00
712 715  0  5 1.00
712 716  0  5 1.00
713 714  0  5 1.00
713 715  0  5 1.00
713 716  0  5 1.00
713 717  0  5 1.00
713 718  0  5 1.00
713 860  0  5 1.00
714 715  0  5 1.00
714 716  0  5 1.00
714 717  0  5 1.00
714 718  0  5 1.00
714 719  0  5 1.00
715 716  0  5 1.00
715 717  0  5 1.00
715 719  0  5 1.00
715 727  0  5 1.00
715 728  0  5 1.00
716 717  0  5 1.00
716 718  0  5 1.00
716 728  0  5 1.00
717 718  0  5 1.00
717 719  0  5 1.00
717 857  0  5 1.00
717 858  0  5 1.00
717 859  0  5 1.00
718 719  0  5 1.00
718 720  0  5 1.00
718 857  0  5 1.00
718 858  0  5 1.00
718 859  0  5 1.00
718 860  0  5 1.00
718 863  0  5 1.00
718 865  0  5 1.00
719 720  0  5 1.00
719 721  0  5 1.00
719 726  0  5 1.00
719 727  0  5 1.00
720 721  0  5 1.00
720 722  0  5 1.00
720 725  0  5 1.00
720 726  0  5 1.00
720 727  0  5 1.00
720 1024  0  5 1.00
720 1025  0  5 1.00
720 1026  0  5 1.00
721 722  0  5 1.00
721 723  0  5 1.00
721 724  0  5 1.00
721 725  0  5 1.00
721 726  0  5 1.00
721 1026  0  5 1.00
722 723  0  5 1.00
722 724  0  5 1.00
722 725  0  5 1.00
722 1026  0  5 1.00
723 724  0  5 1.00
723 725  0  5 1.00
724 725  0  5 1.00
724 726  0  5 1.00
724 844  0  5 1.00
724 850  0  5 1.00
724 851  0  5 1.00
725 726  0  5 1.00
725 727  0  5 1.00
725 850  0  5 1.00
725 851  0  5 1.00
725 855  0  5 1.00
726 727  0  5 1.00
726 728  0  5 1.00
727 728  0  5 1.00
727 729  0  5 1.00
727 730  0  5 1.00
727 731  0  5 1.00
728 729  0  5 1.00
728 730  0  5 1.00
728 731  0  5 1.00
728 732  0  5 1.00
728 733  0  5 1.00
729 730  0  5 1.00
729 731  0  5 1.00
729 732  0  5 1.00
729 733  0  5 1.00
730 731  0  5 1.00
730 732  0  5 1.00
730 733  0  5 1.00
730 734  0  5 1.00
731 732  0  5 1.00
731 733  0  5 1.00
731 734  0  5 1.00
731 735  0  5 1.00
732 733  0  5 1.00
732 734  0  5 1.00
732 735  0  5 1.00
732 736  0  5 1.00
732 737  0  5 1.00
732 758  0  5 1.00
733 734  0  5 1.00
733 735  0  5 1.00
733 736  0  5 1.00
733 737  0  5 1.00
734 735  0  5 1.00
734 736  0  5 1.00
734 737  0  5 1.00
734 738  0  5 1.00
735 736  0  5 1.00
735 737  0  5 1.00
735 738  0  5 1.00
735 739  0  5 1.00
735 740  0  5 1.00
736 737  0  5 1.00
736 738  0  5 1.00
736 739  0  5 1.00
736 740  0  5 1.00
736 758  0  5 1.00
737 738  0  5 1.00
737 739  0  5 1.00
737 740  0  5 1.00
737 741  0  5 1.00
737 742  0  5 1.00
738 739  0  5 1.00
738 740  0  5 1.00
738 741  0  5 1.00
738 742  0  5 1.00
739 740  0  5 1.00
739 741  0  5 1.00
740 741  0  5 1.00
740 742  0  5 1.00
741 742  0  5 1.00
741 743  0  5 1.00
742 743  0  5 1.00
742 744  0  5 1.00
742 811  0  5 1.00
742 812  0  5 1.00
743 744  0  5 1.00
743 745  0  5 1.00
743 746  0  5 1.00
743 747  0  5 1.00
743 812  0  5 1.00
744 745  0  5 1.00
744 746  0  5 1.00
744 812  0  5 1.00
745 746  0  5 1.00
745 747  0  5 1.00
746 747  0  5 1.00
746 748  0  5 1.00
747 748  0  5 1.00
747 749  0  5 1.00
748 749  0  5 1.00
748 750  0  5 1.00
748 810  0  5 1.00
749 750  0  5 1.00
749 751  0  5 1.00
749 808  0  5 1.00
749 809  0  5 1.00
749 810  0  5 1.00
749 811  0  5 1.00
750 751  0  5 1.00
750 752  0  5 1.00
750 753  0  5 1.00
750 754  0  5 1.00
750 805  0  5 1.00
750 808  0  5 1.00
750 809  0  5 1.00
750 810  0  5 1.00
751 752  0  5 1.00
751 753  0  5 1.00
751 754  0  5 1.00
751 755  0  5 1.00
751 756  0  5 1.00
751 805  0  5 1.00
751 808  0  5 1.00
751 809  0  5 1.00
751 810  0  5 1.00
752 753  0  5 1.00
752 754  0  5 1.00
752 755  0  5 1.00
752 756  0  5 1.00
752 757  0  5 1.00
752 805  0  5 1.00
752 806  0  5 1.00
752 808  0  5 1.00
753 754  0  5 1.00
753 755  0  5 1.00
753 756  0  5 1.00
753 757  0  5 1.00
754 755  0  5 1.00
754 756  0  5 1.00
754 757  0  5 1.00
754 758  0  5 1.00
755 756  0  5 1.00
755 757  0  5 1.00
755 758  0  5 1.00
755 759  0  5 1.00
755 760  0  5 1.00
756 757  0  5 1.00
756 758  0  5 1.00
756 759  0  5 1.00
756 760  0  5 1.00
756 761  0  5 1.00
757 758  0  5 1.00
757 759  0  5 1.00
757 760  0  5 1.00
757 761  0  5 1.00
757 762  0  5 1.00
758 759  0  5 1.00
758 760  0  5 1.00
758 761  0  5 1.00
758 762  0  5 1.00
758 763  0  5 1.00
758 764  0  5 1.00
759 760  0  5 1.00
759 761  0  5 1.00
759 762  0  5 1.00
759 763  0  5 1.00
759 764  0  5 1.00
759 765  0  5 1.00
760 761  0  5 1.00
760 762  0  5 1.00
761 762  0  5 1.00
761 763  0  5 1.00
761 833  0  5 1.00
761 834  0  5 1.00
762 763  0  5 1.00
762 764  0  5 1.00
762 834  0  5 1.00
763 764  0  5 1.00
763 765  0  5 1.00
764 765  0  5 1.00
764 766  0  5 1.00
765 766  0  5 1.00
765 767  0  5 1.00
766 767  0  5 1.00
766 768  0  5 1.00
766 769  0  5 1.00
766 770  0  5 1.00
767 768  0  5 1.00
767 769  0  5 1.00
767 770  0  5 1.00
767 771  0  5 1.00
767 772  0  5 1.00
768 769  0  5 1.00
768 770  0  5 1.00
768 771  0  5 1.00
768 772  0  5 1.00
768 773  0  5 1.00
769 770  0  5 1.00
769 771  0  5 1.00
769 772  0  5 1.00
769 773  0  5 1.00
770 771  0  5 1.00
770 772  0  5 1.00
770 773  0  5 1.00
770 774  0  5 1.00
771 772  0  5 1.00
771 773  0  5 1.00
771 774  0  5 1.00
771 775  0  5 1.00
771 776  0  5 1.00
772 773  0  5 1.00
772 774  0  5 1.00
772 775  0  5 1.00
772 776  0  5 1.00
773 774  0  5 1.00
773 775  0  5 1.00
773 776  0  5 1.00
773 777  0  5 1.00
774 775  0  5 1.00
774 776  0  5 1.00
774 777  0  5 1.00
774 778  0  5 1.00
775 776  0  5 1.00
775 777  0  5 1.00
775 778  0  5 1.00
775 779  0  5 1.00
776 777  0  5 1.00
776 778  0  5 1.00
776 779  0  5 1.00
776 783  0  5 1.00
777 778  0  5 1.00
777 779  0  5 1.00
777 786  0  5 1.00
777 787  0  5 1.00
777 788  0  5 1.00
778 779  0  5 1.00
778 780  0  5 1.00
778 788  0  5 1.00
779 780  0  5 1.00
779 781  0  5 1.00
779 782  0  5 1.00
779 783  0  5 1.00
780 781  0  5 1.00
780 782  0  5 1.00
780 783  0  5 1.00
780 907  0  5 1.00
781 782  0  5 1.00
781 783  0  5 1.00
782 783  0  5 1.00
782 784  0  5 1.00
783 784  0  5 1.00
783 785  0  5 1.00
783 786  0  5 1.00
784 785  0  5 1.00
784 786  0  5 1.00
784 853  0  5 1.00
784 854  0  5 1.00
784 907  0  5 1.00
785 786  0  5 1.00
785 787  0  5 1.00
785 853  0  5 1.00
786 787  0  5 1.00
786 788  0  5 1.00
787 788  0  5 1.00
787 789  0  5 1.00
787 811  0  5 1.00
787 812  0  5 1.00
787 813  0  5 1.00
787 816  0  5 1.00
788 789  0  5 1.00
788 790  0  5 1.00
788 811  0  5 1.00
788 812  0  5 1.00
788 813  0  5 1.00
789 790  0  5 1.00
789 791  0  5 1.00
789 809  0  5 1.00
789 810  0  5 1.00
789 811  0  5 1.00
789 812  0  5 1.00
789 813  0  5 1.00
790 791  0  5 1.00
790 792  0  5 1.00
790 809  0  5 1.00
790 810  0  5 1.00
790 811  0  5 1.00
791 792  0  5 1.00
791 793  0  5 1.00
791 807  0  5 1.00
791 808  0  5 1.00
791 809  0  5 1.00
791 810  0  5 1.00
792 793  0  5 1.00
792 794  0  5 1.00
792 808  0  5 1.00
793 794  0  5 1.00
793 795  0  5 1.00
793 802  0  5 1.00
793 803  0  5 1.00
794 795  0  5 1.00
794 796  0  5 1.00
794 802  0  5 1.00
794 803  0  5 1.00
795 796  0  5 1.00
795 797  0  5 1.00
795 800  0  5 1.00
795 801  0  5 1.00
795 802  0  5 1.00
795 803  0  5 1.00
796 797  0  5 1.00
796 798  0  5 1.00
796 800  0  5 1.00
797 798  0  5 1.00
797 799  0  5 1.00
797 956  0  5 1.00
797 957  0  5 1.00
797 958  0  5 1.00
797 959  0  5 1.00
798 799  0  5 1.00
798 800  0  5 1.00
798 957  0  5 1.00
798 958  0  5 1.00
798 959  0  5 1.00
799 800  0  5 1.00
799 801  0  5 1.00
799 959  0  5 1.00
800 801  0  5 1.00
800 802  0  5 1.00
801 802  0  5 1.00
801 803  0  5 1.00
802 803  0  5 1.00
802 804  0  5 1.00
803 804  0  5 1.00
803 805  0  5 1.00
804 805  0  5 1.00
804 806  0  5 1.00
804 807  0  5 1.00
804 808  0  5 1.00
805 806  0  5 1.00
805 807  0  5 1.00
805 808  0  5 1.00
806 807  0  5 1.00
806 808  0  5 1.00
807 808  0  5 1.00
807 809  0  5 1.00
808 809  0  5 1.00
808 810  0  5 1.00
809 810  0  5 1.00
809 811  0  5 1.00
810 811  0  5 1.00
810 812  0  5 1.00
811 812  0  5 1.00
811 813  0  5 1.00
812 813  0  5 1.00
812 814  0  5 1.00
813 814  0  5 1.00
813 815  0  5 1.00
813 816  0  5 1.00
813 817  0  5 1.00
814 815  0  5 1.00
814 816  0  5 1.00
814 817  0  5 1.00
814 818  0  5 1.00
815 816  0  5 1.00
815 817  0  5 1.00
815 818  0  5 1.00
815 819  0  5 1.00
816 817  0  5 1.00
816 818  0  5 1.00
816 819  0  5 1.00
816 820  0  5 1.00
817 818  0  5 1.00
817 819  0  5 1.00
817 820  0  5 1.00
817 821  0  5 1.00
818 819  0  5 1.00
818 820  0  5 1.00
818 821  0  5 1.00
818 846  0  5 1.00
818 847  0  5 1.00
818 848  0  5 1.00
819 820  0  5 1.00
819 821  0  5 1.00
819 844  0  5 1.00
819 845  0  5 1.00
819 846  0  5 1.00
819 847  0  5 1.00
820 821  0  5 1.00
820 822  0  5 1.00
820 823  0  5 1.00
821 822  0  5 1.00
821 823  0  5 1.00
822 823  0  5 1.00
822 824  0  5 1.00
822 825  0  5 1.00
822 826  0  5 1.00
822 827  0  5 1.00
823 824  0  5 1.00
823 825  0  5 1.00
823 826  0  5 1.00
823 827  0  5 1.00
824 825  0  5 1.00
824 826  0  5 1.00
825 826  0  5 1.00
825 827  0  5 1.00
825 1053  0  5 1.00
825 1054  0  5 1.00
825 1057  0  5 1.00
826 827  0  5 1.00
826 828  0  5 1.00
826 1053  0  5 1.00
826 1054  0  5 1.00
827 828  0  5 1.00
827 829  0  5 1.00
827 1049  0  5 1.00
827 1050  0  5 1.00
827 1053  0  5 1.00
827 1054  0  5 1.00
828 829  0  5 1.00
828 830  0  5 1.00
828 843  0  5 1.00
829 830  0  5 1.00
829 831  0  5 1.00
829 840  0  5 1.00
829 841  0  5 1.00
829 842  0  5 1.00
829 843  0  5 1.00
830 831  0  5 1.00
830 832  0  5 1.00
830 840  0  5 1.00
830 841  0  5 1.00
830 842  0  5 1.00
831 832  0  5 1.00
831 833  0  5 1.00
831 838  0  5 1.00
831 839  0  5 1.00
831 840  0  5 1.00
831 842  0  5 1.00
832 833  0  5 1.00
832 834  0  5 1.00
832 836  0  5 1.00
832 838  0  5 1.00
832 839  0  5 1.00
832 840  0  5 1.00
833 834  0  5 1.00
833 835  0  5 1.00
833 836  0  5 1.00
833 838  0  5 1.00
833 839  0  5 1.00
833 840  0  5 1.00
834 835  0  5 1.00
834 836  0  5 1.00
835 836  0  5 1.00
835 837  0  5 1.00
836 837  0  5 1.00
836 838  0  5 1.00
837 838  0  5 1.00
837 839  0  5 1.00
838 839  0  5 1.00
838 840  0  5 1.00
839 840  0  5 1.00
839 841  0  5 1.00
840 841  0  5 1.00
840 842  0  5 1.00
841 842  0  5 1.00
841 843  0  5 1.00
842 843  0  5 1.00
842 844  0  5 1.00
843 844  0  5 1.00
843 845  0  5 1.00
844 845  0  5 1.00
844 846  0  5 1.00
845 846  0  5 1.00
845 847  0  5 1.00
846 847  0  5 1.00
846 848  0  5 1.00
846 849  0  5 1.00
847 848  0  5 1.00
847 849  0  5 1.00
847 1161  0  5 1.00
848 849  0  5 1.00
848 850  0  5 1.00
849 850  0  5 1.00
849 851  0  5 1.00
849 852  0  5 1.00
849 853  0  5 1.00
850 851  0  5 1.00
850 852  0  5 1.00
850 853  0  5 1.00
850 854  0  5 1.00
850 855  0  5 1.00
851 852  0  5 1.00
851 853  0  5 1.00
851 854  0  5 1.00
851 855  0  5 1.00
851 856  0  5 1.00
851 868  0  5 1.00
852 853  0  5 1.00
852 854  0  5 1.00
852 855  0  5 1.00
852 868  0  5 1.00
852 869  0  5 1.00
852 870  0  5 1.00
853 854  0  5 1.00
853 855  0  5 1.00
853 869  0  5 1.00
853 870  0  5 1.00
854 855  0  5 1.00
854 856  0  5 1.00
854 867  0  5 1.00
854 869  0  5 1.00
854 870  0  5 1.00
855 856  0  5 1.00
855 857  0  5 1.00
855 867  0  5 1.00
855 868  0  5 1.00
855 869  0  5 1.00
856 857  0  5 1.00
856 858  0  5 1.00
856 865  0  5 1.00
856 866  0  5 1.00
856 867  0  5 1.00
857 858  0  5 1.00
857 859  0  5 1.00
857 865  0  5 1.00
857 866  0  5 1.00
857 867  0  5 1.00
858 859  0  5 1.00
858 860  0  5 1.00
858 863  0  5 1.00
858 864  0  5 1.00
858 865  0  5 1.00
859 860  0  5 1.00
859 861  0  5 1.00
859 863  0  5 1.00
859 864  0  5 1.00
859 865  0  5 1.00
860 861  0  5 1.00
860 862  0  5 1.00
860 863  0  5 1.00
860 864  0  5 1.00
861 862  0  5 1.00
861 863  0  5 1.00
862 863  0  5 1.00
862 864  0  5 1.00
863 864  0  5 1.00
863 865  0  5 1.00
864 865  0  5 1.00
864 866  0  5 1.00
864 1022  0  5 1.00
864 1024  0  5 1.00
865 866  0  5 1.00
865 867  0  5 1.00
865 1022  0  5 1.00
865 1024  0  5 1.00
866 867  0  5 1.00
866 868  0  5 1.00
866 1020  0  5 1.00
866 1021  0  5 1.00
866 1022  0  5 1.00
866 1023  0  5 1.00
867 868  0  5 1.00
867 869  0  5 1.00
867 1022  0  5 1.00
868 869  0  5 1.00
868 870  0  5 1.00
869 870  0  5 1.00
869 871  0  5 1.00
869 903  0  5 1.00
869 904  0  5 1.00
869 905  0  5 1.00
869 906  0  5 1.00
870 871  0  5 1.00
870 872  0  5 1.00
870 903  0  5 1.00
870 904  0  5 1.00
870 905  0  5 1.00
871 872  0  5 1.00
871 873  0  5 1.00
871 874  0  5 1.00
871 875  0  5 1.00
871 876  0  5 1.00
871 903  0  5 1.00
871 905  0  5 1.00
872 873  0  5 1.00
872 874  0  5 1.00
872 875  0  5 1.00
872 876  0  5 1.00
873 874  0  5 1.00
873 875  0  5 1.00
873 876  0  5 1.00
873 877  0  5 1.00
874 875  0  5 1.00
874 876  0  5 1.00
874 877  0  5 1.00
874 878  0  5 1.00
874 900  0  5 1.00
874 901  0  5 1.00
875 876  0  5 1.00
875 877  0  5 1.00
875 878  0  5 1.00
875 879  0  5 1.00
876 877  0  5 1.00
876 878  0  5 1.00
876 879  0  5 1.00
876 880  0  5 1.00
876 881  0  5 1.00
877 878  0  5 1.00
877 879  0  5 1.00
877 880  0  5 1.00
877 881  0  5 1.00
878 879  0  5 1.00
878 880  0  5 1.00
878 881  0  5 1.00
878 882  0  5 1.00
878 897  0  5 1.00
879 880  0  5 1.00
879 881  0  5 1.00
879 882  0  5 1.00
879 883  0  5 1.00
880 881  0  5 1.00
880 882  0  5 1.00
880 883  0  5 1.00
880 884  0  5 1.00
881 882  0  5 1.00
881 883  0  5 1.00
881 884  0  5 1.00
881 885  0  5 1.00
882 883  0  5 1.00
882 884  0  5 1.00
882 885  0  5 1.00
882 886  0  5 1.00
883 884  0  5 1.00
883 885  0  5 1.00
883 886  0  5 1.00
884 885  0  5 1.00
884 886  0  5 1.00
885 886  0  5 1.00
885 887  0  5 1.00
885 888  0  5 1.00
886 887  0  5 1.00
886 888  0  5 1.00
887 888  0  5 1.00
887 889  0  5 1.00
888 889  0  5 1.00
888 890  0  5 1.00
889 890  0  5 1.00
889 891  0  5 1.00
889 892  0  5 1.00
889 893  0  5 1.00
889 894  0  5 1.00
890 891  0  5 1.00
890 892  0  5 1.00
890 893  0  5 1.00
890 894  0  5 1.00
891 892  0  5 1.00
891 893  0  5 1.00
891 894  0  5 1.00
891 895  0  5 1.00
892 893  0  5 1.00
892 894  0  5 1.00
892 895  0  5 1.00
892 896  0  5 1.00
893 894  0  5 1.00
893 895  0  5 1.00
893 896  0  5 1.00
893 897  0  5 1.00
893 898  0  5 1.00
893 1037  0  5 1.00
894 895  0  5 1.00
894 896  0  5 1.00
894 897  0  5 1.00
894 898  0  5 1.00
894 1037  0  5 1.00
895 896  0  5 1.00
895 897  0  5 1.00
895 898  0  5 1.00
895 899  0  5 1.00
896 897  0  5 1.00
896 898  0  5 1.00
896 899  0  5 1.00
896 900  0  5 1.00
897 898  0  5 1.00
897 899  0  5 1.00
897 900  0  5 1.00
897 901  0  5 1.00
898 899  0  5 1.00
898 900  0  5 1.00
898 901  0  5 1.00
899 900  0  5 1.00
899 901  0  5 1.00
899 902  0  5 1.00
900 901  0  5 1.00
900 902  0  5 1.00
901 902  0  5 1.00
901 903  0  5 1.00
902 903  0  5 1.00
902 904  0  5 1.00
903 904  0  5 1.00
903 905  0  5 1.00
904 905  0  5 1.00
904 906  0  5 1.00
904 1174  0  5 1.00
905 906  0  5 1.00
905 907  0  5 1.00
906 907  0  5 1.00
906 908  0  5 1.00
906 909  0  5 1.00
906 1173  0  5 1.00
906 1174  0  5 1.00
907 908  0  5 1.00
907 909  0  5 1.00
908 909  0  5 1.00
908 910  0  5 1.00
908 951  0  5 1.00
908 952  0  5 1.00
909 910  0  5 1.00
909 911  0  5 1.00
909 952  0  5 1.00
909 953  0  5 1.00
909 954  0  5 1.00
909 1173  0  5 1.00
909 1174  0  5 1.00
910 911  0  5 1.00
910 912  0  5 1.00
910 932  0  5 1.00
910 933  0  5 1.00
910 952  0  5 1.00
910 1173  0  5 1.00
910 1174  0  5 1.00
910 1175  0  5 1.00
911 912  0  5 1.00
911 913  0  5 1.00
911 930  0  5 1.00
911 931  0  5 1.00
911 932  0  5 1.00
911 933  0  5 1.00
911 1174  0  5 1.00
911 1175  0  5 1.00
912 913  0  5 1.00
912 914  0  5 1.00
912 930  0  5 1.00
912 931  0  5 1.00
912 932  0  5 1.00
912 1175  0  5 1.00
912 1176  0  5 1.00
912 1177  0  5 1.00
913 914  0  5 1.00
913 915  0  5 1.00
913 930  0  5 1.00
913 931  0  5 1.00
913 1177  0  5 1.00
913 1179  0  5 1.00
914 915  0  5 1.00
914 916  0  5 1.00
914 1177  0  5 1.00
914 1178  0  5 1.00
914 1179  0  5 1.00
915 916  0  5 1.00
915 917  0  5 1.00
915 918  0  5 1.00
915 919  0  5 1.00
915 920  0  5 1.00
916 917  0  5 1.00
916 918  0  5 1.00
916 919  0  5 1.00
916 920  0  5 1.00
916 921  0  5 1.00
917 918  0  5 1.00
917 919  0  5 1.00
917 920  0  5 1.00
917 921  0  5 1.00
917 926  0  5 1.00
917 927  0  5 1.00
917 928  0  5 1.00
917 929  0  5 1.00
918 919  0  5 1.00
918 920  0  5 1.00
918 921  0  5 1.00
918 922  0  5 1.00
918 929  0  5 1.00
919 920  0  5 1.00
919 921  0  5 1.00
919 922  0  5 1.00
919 923  0  5 1.00
920 921  0  5 1.00
920 922  0  5 1.00
920 923  0  5 1.00
920 924  0  5 1.00
920 925  0  5 1.00
920 926  0  5 1.00
920 927  0  5 1.00
921 922  0  5 1.00
921 923  0  5 1.00
921 924  0  5 1.00
921 925  0  5 1.00
921 926  0  5 1.00
921 927  0  5 1.00
921 1034  0  5 1.00
921 1035  0  5 1.00
922 923  0  5 1.00
922 924  0  5 1.00
922 925  0  5 1.00
922 1035  0  5 1.00
922 1036  0  5 1.00
923 924  0  5 1.00
923 925  0  5 1.00
923 1035  0  5 1.00
924 925  0  5 1.00
924 926  0  5 1.00
925 926  0  5 1.00
925 927  0  5 1.00
925 1021  0  5 1.00
925 1022  0  5 1.00
925 1023  0  5 1.00
925 1034  0  5 1.00
926 927  0  5 1.00
926 928  0  5 1.00
926 1021  0  5 1.00
926 1022  0  5 1.00
926 1023  0  5 1.00
927 928  0  5 1.00
927 929  0  5 1.00
927 1019  0  5 1.00
927 1020  0  5 1.00
927 1021  0  5 1.00
928 929  0  5 1.00
928 930  0  5 1.00
928 1019  0  5 1.00
928 1020  0  5 1.00
928 1021  0  5 1.00
929 930  0  5 1.00
929 931  0  5 1.00
929 1017  0  5 1.00
929 1018  0  5 1.00
929 1019  0  5 1.00
929 1020  0  5 1.00
930 931  0  5 1.00
930 932  0  5 1.00
930 1017  0  5 1.00
930 1018  0  5 1.00
930 1019  0  5 1.00
931 932  0  5 1.00
931 933  0  5 1.00
931 1015  0  5 1.00
931 1016  0  5 1.00
931 1017  0  5 1.00
931 1018  0  5 1.00
932 933  0  5 1.00
932 934  0  5 1.00
932 952  0  5 1.00
932 953  0  5 1.00
932 1015  0  5 1.00
932 1016  0  5 1.00
932 1017  0  5 1.00
933 934  0  5 1.00
933 935  0  5 1.00
933 951  0  5 1.00
933 952  0  5 1.00
933 953  0  5 1.00
933 1015  0  5 1.00
934 935  0  5 1.00
934 936  0  5 1.00
934 948  0  5 1.00
934 949  0  5 1.00
934 950  0  5 1.00
934 951  0  5 1.00
934 952  0  5 1.00
935 936  0  5 1.00
935 937  0  5 1.00
935 948  0  5 1.00
935 949  0  5 1.00
935 950  0  5 1.00
936 937  0  5 1.00
936 938  0  5 1.00
936 946  0  5 1.00
936 947  0  5 1.00
936 948  0  5 1.00
937 938  0  5 1.00
937 939  0  5 1.00
937 946  0  5 1.00
937 947  0  5 1.00
937 948  0  5 1.00
938 939  0  5 1.00
938 940  0  5 1.00
938 944  0  5 1.00
938 945  0  5 1.00
938 946  0  5 1.00
938 947  0  5 1.00
939 940  0  5 1.00
939 941  0  5 1.00
939 944  0  5 1.00
939 945  0  5 1.00
939 946  0  5 1.00
940 941  0  5 1.00
940 942  0  5 1.00
940 943  0  5 1.00
940 944  0  5 1.00
941 942  0  5 1.00
941 943  0  5 1.00
941 944  0  5 1.00
942 943  0  5 1.00
942 944  0  5 1.00
943 944  0  5 1.00
943 945  0  5 1.00
944 945  0  5 1.00
944 946  0  5 1.00
945 946  0  5 1.00
945 947  0  5 1.00
945 994  0  5 1.00
945 995  0  5 1.00
945 996  0  5 1.00
946 947  0  5 1.00
946 948  0  5 1.00
946 994  0  5 1.00
946 995  0  5 1.00
946 996  0  5 1.00
947 948  0  5 1.00
947 949  0  5 1.00
947 992  0  5 1.00
947 993  0  5 1.00
947 994  0  5 1.00
947 995  0  5 1.00
948 949  0  5 1.00
948 950  0  5 1.00
948 992  0  5 1.00
948 993  0  5 1.00
948 994  0  5 1.00
949 950  0  5 1.00
949 951  0  5 1.00
949 990  0  5 1.00
949 991  0  5 1.00
949 992  0  5 1.00
949 993  0  5 1.00
950 951  0  5 1.00
950 952  0  5 1.00
950 990  0  5 1.00
951 952  0  5 1.00
951 953  0  5 1.00
952 953  0  5 1.00
952 954  0  5 1.00
953 954  0  5 1.00
953 955  0  5 1.00
953 956  0  5 1.00
953 1014  0  5 1.00
953 1015  0  5 1.00
954 955  0  5 1.00
954 956  0  5 1.00
955 956  0  5 1.00
955 957  0  5 1.00
956 957  0  5 1.00
956 958  0  5 1.00
957 958  0  5 1.00
957 959  0  5 1.00
957 960  0  5 1.00
957 961  0  5 1.00
958 959  0  5 1.00
958 960  0  5 1.00
958 961  0  5 1.00
958 962  0  5 1.00
959 960  0  5 1.00
959 961  0  5 1.00
959 962  0  5 1.00
959 963  0  5 1.00
960 961  0  5 1.00
960 962  0  5 1.00
960 963  0  5 1.00
960 964  0  5 1.00
961 962  0  5 1.00
961 963  0  5 1.00
961 964  0  5 1.00
961 965  0  5 1.00
961 966  0  5 1.00
962 963  0  5 1.00
962 964  0  5 1.00
962 965  0  5 1.00
962 966  0  5 1.00
963 964  0  5 1.00
963 965  0  5 1.00
963 966  0  5 1.00
963 967  0  5 1.00
963 968  0  5 1.00
964 965  0  5 1.00
964 966  0  5 1.00
964 967  0  5 1.00
964 968  0  5 1.00
965 966  0  5 1.00
965 967  0  5 1.00
965 968  0  5 1.00
965 969  0  5 1.00
966 967  0  5 1.00
966 968  0  5 1.00
966 969  0  5 1.00
966 970  0  5 1.00
967 968  0  5 1.00
967 969  0  5 1.00
967 970  0  5 1.00
967 971  0  5 1.00
967 972  0  5 1.00
968 969  0  5 1.00
968 970  0  5 1.00
968 971  0  5 1.00
968 972  0  5 1.00
968 973  0  5 1.00
968 974  0  5 1.00
969 970  0  5 1.00
969 971  0  5 1.00
969 972  0  5 1.00
969 973  0  5 1.00
969 974  0  5 1.00
970 971  0  5 1.00
970 972  0  5 1.00
971 972  0  5 1.00
971 973  0  5 1.00
972 973  0  5 1.00
972 974  0  5 1.00
972 975  0  5 1.00
973 974  0  5 1.00
973 975  0  5 1.00
974 975  0  5 1.00
974 976  0  5 1.00
975 976  0  5 1.00
975 977  0  5 1.00
976 977  0  5 1.00
976 978  0  5 1.00
976 995  0  5 1.00
976 996  0  5 1.00
976 997  0  5 1.00
977 978  0  5 1.00
977 979  0  5 1.00
977 995  0  5 1.00
977 996  0  5 1.00
978 979  0  5 1.00
978 980  0  5 1.00
978 995  0  5 1.00
978 996  0  5 1.00
978 997  0  5 1.00
979 980  0  5 1.00
979 981  0  5 1.00
979 993  0  5 1.00
979 994  0  5 1.00
979 995  0  5 1.00
980 981  0  5 1.00
980 982  0  5 1.00
980 993  0  5 1.00
980 994  0  5 1.00
980 995  0  5 1.00
981 982  0  5 1.00
981 983  0  5 1.00
981 991  0  5 1.00
981 992  0  5 1.00
981 993  0  5 1.00
982 983  0  5 1.00
982 984  0  5 1.00
982 991  0  5 1.00
982 992  0  5 1.00
983 984  0  5 1.00
983 985  0  5 1.00
983 991  0  5 1.00
983 992  0  5 1.00
984 985  0  5 1.00
984 986  0  5 1.00
984 989  0  5 1.00
984 990  0  5 1.00
984 991  0  5 1.00
985 986  0  5 1.00
985 987  0  5 1.00
985 988  0  5 1.00
985 989  0  5 1.00
985 990  0  5 1.00
986 987  0  5 1.00
986 988  0  5 1.00
986 989  0  5 1.00
987 988  0  5 1.00
987 989  0  5 1.00
988 989  0  5 1.00
988 990  0  5 1.00
989 990  0  5 1.00
989 991  0  5 1.00
990 991  0  5 1.00
990 992  0  5 1.00
991 992  0  5 1.00
991 993  0  5 1.00
992 993  0  5 1.00
992 994  0  5 1.00
993 994  0  5 1.00
993 995  0  5 1.00
994 995  0  5 1.00
994 996  0  5 1.00
995 996  0  5 1.00
995 997  0  5 1.00
996 997  0  5 1.00
996 998  0  5 1.00
997 998  0  5 1.00
997 999  0  5 1.00
997 1000  0  5 1.00
998 999  0  5 1.00
998 1000  0  5 1.00
999 1000  0  5 1.00
999 1001  0  5 1.00
1000 1001  0  5 1.00
1000 1002  0  5 1.00
1001 1002  0  5 1.00
1001 1003  0  5 1.00
1001 1004  0  5 1.00
1001 1005  0  5 1.00
1002 1003  0  5 1.00
1002 1004  0  5 1.00
1002 1005  0  5 1.00
1002 1006  0  5 1.00
1002 1007  0  5 1.00
1003 1004  0  5 1.00
1003 1005  0  5 1.00
1003 1006  0  5 1.00
1003 1007  0  5 1.00
1004 1005  0  5 1.00
1004 1006  0  5 1.00
1004 1007  0  5 1.00
1004 1008  0  5 1.00
1005 1006  0  5 1.00
1005 1007  0  5 1.00
1005 1008  0  5 1.00
1005 1009  0  5 1.00
1006 1007  0  5 1.00
1006 1008  0  5 1.00
1006 1009  0  5 1.00
1006 1010  0  5 1.00
1007 1008  0  5 1.00
1007 1009  0  5 1.00
1007 1010  0  5 1.00
1007 1011  0  5 1.00
1008 1009  0  5 1.00
1008 1010  0  5 1.00
1008 1011  0  5 1.00
1008 1012  0  5 1.00
1008 1013  0  5 1.00
1009 1010  0  5 1.00
1009 1011  0  5 1.00
1009 1012  0  5 1.00
1009 1013  0  5 1.00
1009 1014  0  5 1.00
1009 1015  0  5 1.00
1009 1016  0  5 1.00
1010 1011  0  5 1.00
1010 1012  0  5 1.00
1010 1013  0  5 1.00
1010 1016  0  5 1.00
1011 1012  0  5 1.00
1011 1013  0  5 1.00
1012 1013  0  5 1.00
1012 1014  0  5 1.00
1013 1014  0  5 1.00
1013 1015  0  5 1.00
1013 1016  0  5 1.00
1014 1015  0  5 1.00
1014 1016  0  5 1.00
1014 1017  0  5 1.00
1015 1016  0  5 1.00
1015 1017  0  5 1.00
1016 1017  0  5 1.00
1016 1018  0  5 1.00
1017 1018  0  5 1.00
1017 1019  0  5 1.00
1018 1019  0  5 1.00
1018 1020  0  5 1.00
1019 1020  0  5 1.00
1019 1021  0  5 1.00
1020 1021  0  5 1.00
1020 1022  0  5 1.00
1021 1022  0  5 1.00
1021 1023  0  5 1.00
1022 1023  0  5 1.00
1022 1024  0  5 1.00
1023 1024  0  5 1.00
1023 1025  0  5 1.00
1023 1032  0  5 1.00
1023 1033  0  5 1.00
1023 1034  0  5 1.00
1024 1025  0  5 1.00
1024 1026  0  5 1.00
1024 1032  0  5 1.00
1024 1033  0  5 1.00
1025 1026  0  5 1.00
1025 1027  0  5 1.00
1025 1030  0  5 1.00
1025 1031  0  5 1.00
1025 1032  0  5 1.00
1026 1027  0  5 1.00
1026 1028  0  5 1.00
1026 1029  0  5 1.00
1026 1030  0  5 1.00
1026 1031  0  5 1.00
1026 1032  0  5 1.00
1027 1028  0  5 1.00
1027 1029  0  5 1.00
1027 1030  0  5 1.00
1027 1032  0  5 1.00
1028 1029  0  5 1.00
1028 1030  0  5 1.00
1029 1030  0  5 1.00
1029 1031  0  5 1.00
1030 1031  0  5 1.00
1030 1032  0  5 1.00
1031 1032  0  5 1.00
1031 1033  0  5 1.00
1032 1033  0  5 1.00
1032 1034  0  5 1.00
1033 1034  0  5 1.00
1033 1035  0  5 1.00
1034 1035  0  5 1.00
1034 1036  0  5 1.00
1035 1036  0  5 1.00
1035 1037  0  5 1.00
1035 1038  0  5 1.00
1035 1039  0  5 1.00
1036 1037  0  5 1.00
1036 1038  0  5 1.00
1036 1039  0  5 1.00
1036 1040  0  5 1.00
1037 1038  0  5 1.00
1037 1039  0  5 1.00
1037 1040  0  5 1.00
1037 1041  0  5 1.00
1037 1042  0  5 1.00
1038 1039  0  5 1.00
1038 1040  0  5 1.00
1038 1041  0  5 1.00
1038 1042  0  5 1.00
1038 1043  0  5 1.00
1039 1040  0  5 1.00
1039 1041  0  5 1.00
1039 1042  0  5 1.00
1039 1043  0  5 1.00
1040 1041  0  5 1.00
1040 1042  0  5 1.00
1040 1043  0  5 1.00
1040 1044  0  5 1.00
1041 1042  0  5 1.00
1041 1043  0  5 1.00
1041 1044  0  5 1.00
1041 1045  0  5 1.00
1041 1046  0  5 1.00
1042 1043  0  5 1.00
1042 1044  0  5 1.00
1042 1045  0  5 1.00
1042 1046  0  5 1.00
1043 1044  0  5 1.00
1043 1045  0  5 1.00
1043 1046  0  5 1.00
1043 1047  0  5 1.00
1044 1045  0  5 1.00
1044 1046  0  5 1.00
1044 1047  0  5 1.00
1044 1048  0  5 1.00
1045 1046  0  5 1.00
1045 1047  0  5 1.00
1045 1048  0  5 1.00
1045 1049  0  5 1.00
1046 1047  0  5 1.00
1046 1048  0  5 1.00
1046 1049  0  5 1.00
1046 1050  0  5 1.00
1047 1048  0  5 1.00
1047 1049  0  5 1.00
1047 1050  0  5 1.00
1047 1051  0  5 1.00
1048 1049  0  5 1.00
1048 1050  0  5 1.00
1048 1051  0  5 1.00
1048 1052  0  5 1.00
1049 1050  0  5 1.00
1049 1051  0  5 1.00
1049 1052  0  5 1.00
1049 1053  0  5 1.00
1049 1054  0  5 1.00
1050 1051  0  5 1.00
1050 1052  0  5 1.00
1050 1053  0  5 1.00
1050 1054  0  5 1.00
1051 1052  0  5 1.00
1051 1053  0  5 1.00
1051 1054  0  5 1.00
1051 1055  0  5 1.00
1051 1056  0  5 1.00
1052 1053  0  5 1.00
1052 1054  0  5 1.00
1052 1055  0  5 1.00
1052 1056  0  5 1.00
1052 1057  0  5 1.00
1053 1054  0  5 1.00
1053 1055  0  5 1.00
1053 1056  0  5 1.00
1053 1057  0  5 1.00
1054 1055  0  5 1.00
1054 1056  0  5 1.00
1054 1057  0  5 1.00
1054 1058  0  5 1.00
1054 1059  0  5 1.00
1055 1056  0  5 1.00
1055 1057  0  5 1.00
1055 1058  0  5 1.00
1055 1059  0  5 1.00
1055 1060  0  5 1.00
1056 1057  0  5 1.00
1056 1058  0  5 1.00
1056 1059  0  5 1.00
1056 1060  0  5 1.00
1057 1058  0  5 1.00
1057 1059  0  5 1.00
1057 1060  0  5 1.00
1057 1061  0  5 1.00
1057 1062  0  5 1.00
1058 1059  0  5 1.00
1058 1060  0  5 1.00
1058 1061  0  5 1.00
1058 1062  0  5 1.00
1059 1060  0  5 1.00
1059 1061  0  5 1.00
1059 1062  0  5 1.00
1059 1063  0  5 1.00
1060 1061  0  5 1.00
1060 1062  0  5 1.00
1060 1063  0  5 1.00
1060 1064  0  5 1.00
1061 1062  0  5 1.00
1061 1063  0  5 1.00
1061 1064  0  5 1.00
1061 1065  0  5 1.00
1061 1066  0  5 1.00
1062 1063  0  5 1.00
1062 1064  0  5 1.00
1062 1065  0  5 1.00
1062 1066  0  5 1.00
1063 1064  0  5 1.00
1063 1065  0  5 1.00
1063 1066  0  5 1.00
1063 1067  0  5 1.00
1064 1065  0  5 1.00
1064 1066  0  5 1.00
1064 1067  0  5 1.00
1064 1068  0  5 1.00
1065 1066  0  5 1.00
1065 1067  0  5 1.00
1065 1068  0  5 1.00
1065 1069  0  5 1.00
1066 1067  0  5 1.00
1066 1068  0  5 1.00
1066 1069  0  5 1.00
1066 1070  0  5 1.00
1066 1071  0  5 1.00
1067 1068  0  5 1.00
1067 1069  0  5 1.00
1067 1070  0  5 1.00
1067 1071  0  5 1.00
1068 1069  0  5 1.00
1068 1070  0  5 1.00
1068 1071  0  5 1.00
1068 1072  0  5 1.00
1068 1073  0  5 1.00
1069 1070  0  5 1.00
1069 1071  0  5 1.00
1069 1072  0  5 1.00
1069 1073  0  5 1.00
1069 1074  0  5 1.00
1069 1129  0  5 1.00
1070 1071  0  5 1.00
1070 1072  0  5 1.00
1070 1073  0  5 1.00
1070 1074  0  5 1.00
1071 1072  0  5 1.00
1071 1073  0  5 1.00
1071 1074  0  5 1.00
1071 1075  0  5 1.00
1071 1109  0  5 1.00
1072 1073  0  5 1.00
1072 1074  0  5 1.00
1072 1075  0  5 1.00
1072 1076  0  5 1.00
1073 1074  0  5 1.00
1073 1075  0  5 1.00
1073 1076  0  5 1.00
1073 1077  0  5 1.00
1074 1075  0  5 1.00
1074 1076  0  5 1.00
1074 1077  0  5 1.00
1074 1078  0  5 1.00
1075 1076  0  5 1.00
1075 1077  0  5 1.00
1075 1078  0  5 1.00
1075 1079  0  5 1.00
1076 1077  0  5 1.00
1076 1078  0  5 1.00
1076 1079  0  5 1.00
1077 1078  0  5 1.00
1077 1079  0  5 1.00
1078 1079  0  5 1.00
1078 1080  0  5 1.00
1078 1081  0  5 1.00
1078 1082  0  5 1.00
1079 1080  0  5 1.00
1079 1081  0  5 1.00
1079 1082  0  5 1.00
1079 1083  0  5 1.00
1079 1084  0  5 1.00
1080 1081  0  5 1.00
1080 1082  0  5 1.00
1080 1083  0  5 1.00
1080 1084  0  5 1.00
1081 1082  0  5 1.00
1081 1083  0  5 1.00
1081 1084  0  5 1.00
1081 1085  0  5 1.00
1082 1083  0  5 1.00
1082 1084  0  5 1.00
1082 1085  0  5 1.00
1082 1086  0  5 1.00
1083 1084  0  5 1.00
1083 1085  0  5 1.00
1083 1086  0  5 1.00
1083 1087  0  5 1.00
1084 1085  0  5 1.00
1084 1086  0  5 1.00
1084 1087  0  5 1.00
1084 1088  0  5 1.00
1085 1086  0  5 1.00
1085 1087  0  5 1.00
1085 1088  0  5 1.00
1085 1089  0  5 1.00
1086 1087  0  5 1.00
1086 1088  0  5 1.00
1086 1089  0  5 1.00
1087 1088  0  5 1.00
1087 1089  0  5 1.00
1088 1089  0  5 1.00
1088 1090  0  5 1.00
1089 1090  0  5 1.00
1089 1091  0  5 1.00
1090 1091  0  5 1.00
1090 1092  0  5 1.00
1091 1092  0  5 1.00
1091 1093  0  5 1.00
1091 1094  0  5 1.00
1091 1095  0  5 1.00
1092 1093  0  5 1.00
1092 1094  0  5 1.00
1092 1095  0  5 1.00
1092 1096  0  5 1.00
1093 1094  0  5 1.00
1093 1095  0  5 1.00
1093 1096  0  5 1.00
1093 1097  0  5 1.00
1093 1098  0  5 1.00
1094 1095  0  5 1.00
1094 1096  0  5 1.00
1094 1097  0  5 1.00
1094 1098  0  5 1.00
1095 1096  0  5 1.00
1095 1097  0  5 1.00
1095 1098  0  5 1.00
1095 1099  0  5 1.00
1096 1097  0  5 1.00
1096 1098  0  5 1.00
1096 1099  0  5 1.00
1096 1100  0  5 1.00
1097 1098  0  5 1.00
1097 1099  0  5 1.00
1097 1100  0  5 1.00
1097 1101  0  5 1.00
1098 1099  0  5 1.00
1098 1100  0  5 1.00
1098 1101  0  5 1.00
1098 1102  0  5 1.00
1098 1103  0  5 1.00
1099 1100  0  5 1.00
1099 1101  0  5 1.00
1099 1102  0  5 1.00
1099 1103  0  5 1.00
1100 1101  0  5 1.00
1100 1102  0  5 1.00
1100 1103  0  5 1.00
1100 1104  0  5 1.00
1100 1105  0  5 1.00
1101 1102  0  5 1.00
1101 1103  0  5 1.00
1102 1103  0  5 1.00
1102 1104  0  5 1.00
1103 1104  0  5 1.00
1103 1105  0  5 1.00
1104 1105  0  5 1.00
1104 1106  0  5 1.00
1105 1106  0  5 1.00
1105 1107  0  5 1.00
1106 1107  0  5 1.00
1106 1108  0  5 1.00
1106 1109  0  5 1.00
1106 1110  0  5 1.00
1106 1111  0  5 1.00
1107 1108  0  5 1.00
1107 1109  0  5 1.00
1107 1110  0  5 1.00
1107 1111  0  5 1.00
1108 1109  0  5 1.00
1108 1110  0  5 1.00
1108 1111  0  5 1.00
1108 1112  0  5 1.00
1109 1110  0  5 1.00
1109 1111  0  5 1.00
1109 1112  0  5 1.00
1109 1113  0  5 1.00
1110 1111  0  5 1.00
1110 1112  0  5 1.00
1110 1113  0  5 1.00
1110 1114  0  5 1.00
1111 1112  0  5 1.00
1111 1113  0  5 1.00
1111 1114  0  5 1.00
1111 1115  0  5 1.00
1112 1113  0  5 1.00
1112 1114  0  5 1.00
1112 1115  0  5 1.00
1112 1116  0  5 1.00
1113 1114  0  5 1.00
1113 1115  0  5 1.00
1113 1116  0  5 1.00
1114 1115  0  5 1.00
1114 1116  0  5 1.00
1115 1116  0  5 1.00
1115 1117  0  5 1.00
1116 1117  0  5 1.00
1116 1118  0  5 1.00
1117 1118  0  5 1.00
1117 1119  0  5 1.00
1117 1120  0  5 1.00
1117 1121  0  5 1.00
1118 1119  0  5 1.00
1118 1120  0  5 1.00
1118 1121  0  5 1.00
1118 1122  0  5 1.00
1119 1120  0  5 1.00
1119 1121  0  5 1.00
1119 1122  0  5 1.00
1120 1121  0  5 1.00
1120 1122  0  5 1.00
1120 1125  0  5 1.00
1120 1126  0  5 1.00
1121 1122  0  5 1.00
1121 1123  0  5 1.00
1122 1123  0  5 1.00
1122 1124  0  5 1.00
1122 1125  0  5 1.00
1122 1126  0  5 1.00
1123 1124  0  5 1.00
1123 1125  0  5 1.00
1123 1126  0  5 1.00
1123 1127  0  5 1.00
1124 1125  0  5 1.00
1124 1126  0  5 1.00
1124 1127  0  5 1.00
1124 1128  0  5 1.00
1125 1126  0  5 1.00
1125 1127  0  5 1.00
1125 1128  0  5 1.00
1125 1129  0  5 1.00
1126 1127  0  5 1.00
1126 1128  0  5 1.00
1126 1129  0  5 1.00
1126 1130  0  5 1.00
1127 1128  0  5 1.00
1127 1129  0  5 1.00
1127 1130  0  5 1.00
1127 1131  0  5 1.00
1127 1132  0  5 1.00
1128 1129  0  5 1.00
1128 1130  0  5 1.00
1128 1131  0  5 1.00
1128 1132  0  5 1.00
1128 1133  0  5 1.00
1129 1130  0  5 1.00
1129 1131  0  5 1.00
1129 1132  0  5 1.00
1129 1133  0  5 1.00
1130 1131  0  5 1.00
1130 1132  0  5 1.00
1130 1133  0  5 1.00
1130 1134  0  5 1.00
1131 1132  0  5 1.00
1131 1133  0  5 1.00
1131 1134  0  5 1.00
1131 1135  0  5 1.00
1132 1133  0  5 1.00
1132 1134  0  5 1.00
1132 1135  0  5 1.00
1132 1136  0  5 1.00
1133 1134  0  5 1.00
1133 1135  0  5 1.00
1133 1136  0  5 1.00
1133 1137  0  5 1.00
1134 1135  0  5 1.00
1134 1136  0  5 1.00
1134 1137  0  5 1.00
1134 1138  0  5 1.00
1135 1136  0  5 1.00
1135 1137  0  5 1.00
1135 1138  0  5 1.00
1135 1139  0  5 1.00
1136 1137  0  5 1.00
1136 1138  0  5 1.00
1136 1139  0  5 1.00
1136 1140  0  5 1.00
1137 1138  0  5 1.00
1137 1139  0  5 1.00
1137 1140  0  5 1.00
1137 1141  0  5 1.00
1138 1139  0  5 1.00
1138 1140  0  5 1.00
1138 1141  0  5 1.00
1138 1142  0  5 1.00
1139 1140  0  5 1.00
1139 1141  0  5 1.00
1139 1142  0  5 1.00
1139 1143  0  5 1.00
1139 1144  0  5 1.00
1140 1141  0  5 1.00
1140 1142  0  5 1.00
1140 1143  0  5 1.00
1140 1144  0  5 1.00
1141 1142  0  5 1.00
1141 1143  0  5 1.00
1141 1144  0  5 1.00
1141 1145  0  5 1.00
1142 1143  0  5 1.00
1142 1144  0  5 1.00
1142 1145  0  5 1.00
1142 1146  0  5 1.00
1143 1144  0  5 1.00
1143 1145  0  5 1.00
1143 1146  0  5 1.00
1143 1147  0  5 1.00
1143 1148  0  5 1.00
1144 1145  0  5 1.00
1144 1146  0  5 1.00
1144 1147  0  5 1.00
1144 1148  0  5 1.00
1144 1149  0  5 1.00
1145 1146  0  5 1.00
1145 1147  0  5 1.00
1145 1148  0  5 1.00
1145 1149  0  5 1.00
1146 1147  0  5 1.00
1146 1148  0  5 1.00
1146 1149  0  5 1.00
1146 1150  0  5 1.00
1147 1148  0  5 1.00
1147 1149  0  5 1.00
1147 1150  0  5 1.00
1148 1149  0  5 1.00
1148 1150  0  5 1.00
1149 1150  0  5 1.00
1149 1151  0  5 1.00
1149 1152  0  5 1.00
1149 1153  0  5 1.00
1150 1151  0  5 1.00
1150 1152  0  5 1.00
1150 1153  0  5 1.00
1150 1154  0  5 1.00
1151 1152  0  5 1.00
1151 1153  0  5 1.00
1151 1154  0  5 1.00
1151 1155  0  5 1.00
1152 1153  0  5 1.00
1152 1154  0  5 1.00
1152 1155  0  5 1.00
1152 1156  0  5 1.00
1153 1154  0  5 1.00
1153 1155  0  5 1.00
1153 1156  0  5 1.00
1153 1157  0  5 1.00
1154 1155  0  5 1.00
1154 1156  0  5 1.00
1154 1157  0  5 1.00
1154 1158  0  5 1.00
1155 1156  0  5 1.00
1155 1157  0  5 1.00
1155 1158  0  5 1.00
1155 1159  0  5 1.00
1155 1160  0  5 1.00
1156 1157  0  5 1.00
1156 1158  0  5 1.00
1156 1159  0  5 1.00
1156 1160  0  5 1.00
1156 1161  0  5 1.00
1157 1158  0  5 1.00
1157 1159  0  5 1.00
1157 1160  0  5 1.00
1157 1161  0  5 1.00
1157 1162  0  5 1.00
1158 1159  0  5 1.00
1158 1160  0  5 1.00
1158 1161  0  5 1.00
1158 1162  0  5 1.00
1159 1160  0  5 1.00
1159 1161  0  5 1.00
1159 1162  0  5 1.00
1159 1163  0  5 1.00
1160 1161  0  5 1.00
1160 1162  0  5 1.00
1160 1163  0  5 1.00
1160 1164  0  5 1.00
1161 1162  0  5 1.00
1161 1163  0  5 1.00
1161 1164  0  5 1.00
1161 1165  0  5 1.00
1161 1166  0  5 1.00
1162 1163  0  5 1.00
1162 1164  0  5 1.00
1162 1165  0  5 1.00
1162 1166  0  5 1.00
1162 1167  0  5 1.00
1163 1164  0  5 1.00
1163 1165  0  5 1.00
1163 1166  0  5 1.00
1163 1167  0  5 1.00
1163 1168  0  5 1.00
1164 1165  0  5 1.00
1164 1166  0  5 1.00
1164 1167  0  5 1.00
1164 1168  0  5 1.00
1164 1169  0  5 1.00
1165 1166  0  5 1.00
1165 1167  0  5 1.00
1165 1168  0  5 1.00
1165 1169  0  5 1.00
1166 1167  0  5 1.00
1166 1168  0  5 1.00
1166 1169  0  5 1.00
1167 1168  0  5 1.00
1167 1169  0  5 1.00
1168 1169  0  5 1.00
1168 1170  0  5 1.00
1169 1170  0  5 1.00
1169 1171  0  5 1.00
1170 1171  0  5 1.00
1170 1172  0  5 1.00
1171 1172  0  5 1.00
1171 1173  0  5 1.00
1172 1173  0  5 1.00
1172 1174  0  5 1.00
1173 1174  0  5 1.00
1173 1175  0  5 1.00
1174 1175  0  5 1.00
1174 1176  0  5 1.00
1175 1176  0  5 1.00
1175 1177  0  5 1.00
1176 1177  0  5 1.00
1176 1178  0  5 1.00
1177 1178  0  5 1.00
1177 1179  0  5 1.00
1178 1179  0  5 1.00
END
HELX_P HELX_P1  AA1 ARG A 30   ? GLY A 36   ? ARG A 29   GLY A 35   1 ? 7  
HELX_P HELX_P2  AA2 GLY A 39   ? MET A 59   ? GLY A 38   MET A 58   1 ? 21 
HELX_P HELX_P3  AA3 PRO A 95   ? GLN A 103  ? PRO A 94   GLN A 102  1 ? 9  
HELX_P HELX_P4  AA4 VAL A 126  ? LEU A 132  ? VAL A 125  LEU A 131  1 ? 7  
HELX_P HELX_P5  AA5 ASP A 187  ? ASN A 202  ? ASP A 186  ASN A 201  1 ? 16 
HELX_P HELX_P6  AA6 GLY A 257  ? LYS A 269  ? GLY A 256  LYS A 268  1 ? 13 
HELX_P HELX_P7  AA7 HIS A 317  ? ASN A 330  ? HIS A 316  ASN A 329  1 ? 14 
HELX_P HELX_P8  AA8 ASP A 349  ? GLU A 353  ? ASP A 348  GLU A 352  1 ? 5  
HELX_P HELX_P9  AA9 ASN A 378  ? ASN A 400  ? ASN A 377  ASN A 399  1 ? 23 
HELX_P HELX_P10 AB1 ASP A 403  ? ARG A 430  ? ASP A 402  ARG A 429  1 ? 28 
HELX_P HELX_P11 AB2 ALA A 464  ? ARG A 472  ? ALA A 463  ARG A 471  1 ? 9  
HELX_P HELX_P12 AB3 ARG A 493  ? LEU A 498  ? ARG A 492  LEU A 497  1 ? 6  
HELX_P HELX_P13 AB4 ASN A 500  ? GLY A 511  ? ASN A 499  GLY A 510  1 ? 12 
HELX_P HELX_P14 AB5 ASP A 519  ? LEU A 523  ? ASP A 518  LEU A 522  5 ? 5  
HELX_P HELX_P15 AB6 ASP A 537  ? ASN A 559  ? ASP A 536  ASN A 558  1 ? 23 
HELX_P HELX_P16 AB7 SER A 584  ? ALA A 598  ? SER A 583  ALA A 597  1 ? 15 
HELX_P HELX_P17 AB8 ASP A 618  ? MET A 627  ? ASP A 617  MET A 626  1 ? 10 
HELX_P HELX_P18 AB9 ASP A 641  ? GLY A 654  ? ASP A 640  GLY A 653  1 ? 14 
HELX_P HELX_P19 AC1 ASP A 656  ? ASN A 667  ? ASP A 655  ASN A 666  1 ? 12 
HELX_P HELX_P20 AC2 ILE A 698  ? GLY A 716  ? ILE A 1020 GLY A 1038 1 ? 19 
HELX_P HELX_P21 AC3 LYS A 727  ? SER A 740  ? LYS A 1049 SER A 1062 1 ? 14 
HELX_P HELX_P22 AC4 SER A 751  ? TYR A 762  ? SER A 1073 TYR A 1084 1 ? 12 
HELX_P HELX_P23 AC5 GLY A 766  ? GLN A 779  ? GLY A 1088 GLN A 1101 1 ? 14 
HELX_P HELX_P24 AC6 THR A 813  ? LEU A 820  ? THR A 1135 LEU A 1142 1 ? 8  
HELX_P HELX_P25 AC7 GLU A 822  ? GLU A 826  ? GLU A 1144 GLU A 1148 5 ? 5  
HELX_P HELX_P26 AC8 PRO A 849  ? GLY A 855  ? PRO A 1171 GLY A 1177 1 ? 7  
HELX_P HELX_P27 AC9 ASN A 871  ? ASN A 885  ? ASN A 1193 ASN A 1207 1 ? 15 
HELX_P HELX_P28 AD1 ASP A 889  ? VAL A 901  ? ASP A 1211 VAL A 1223 1 ? 13 
HELX_P HELX_P29 AD2 SER A 915  ? GLY A 925  ? SER A 1237 GLY A 1247 1 ? 11 
HELX_P HELX_P30 AD3 ASN A 957  ? ASP A 971  ? ASN A 1279 ASP A 1293 1 ? 15 
HELX_P HELX_P31 AD4 VAL A 1001 ? THR A 1013 ? VAL A 1323 THR A 1335 1 ? 13 
HELX_P HELX_P32 AD5 ARG A 1035 ? ALA A 1078 ? ARG A 1357 ALA A 1400 1 ? 44 
HELX_P HELX_P33 AD6 ALA A 1078 ? SER A 1089 ? ALA A 1400 SER A 1411 1 ? 12 
HELX_P HELX_P34 AD7 THR A 1091 ? LEU A 1103 ? THR A 1413 LEU A 1425 1 ? 13 
HELX_P HELX_P35 AD8 ASP A 1106 ? ASP A 1115 ? ASP A 1428 ASP A 1437 1 ? 10 
HELX_P HELX_P36 AD9 GLN A 1117 ? LEU A 1121 ? GLN A 1439 LEU A 1443 5 ? 5  
HELX_P HELX_P37 AE1 ALA A 1122 ? LYS A 1149 ? ALA A 1444 LYS A 1471 1 ? 28 
HELX_P HELX_P38 AE2 LYS A 1149 ? HIS A 1168 ? LYS A 1471 HIS A 1490 1 ? 20 