6iwq 597
 52  53  0  5 1.00
 52  54  0  5 1.00
 52 444  0  5 1.00
 53  54  0  5 1.00
 53  55  0  5 1.00
 53 444  0  5 1.00
 53 445  0  5 1.00
 54  55  0  5 1.00
 54  56  0  5 1.00
 55  56  0  5 1.00
 55  57  0  5 1.00
 56  57  0  5 1.00
 56  58  0  5 1.00
 57  58  0  5 1.00
 57  59  0  5 1.00
 58  59  0  5 1.00
 58  60  0  5 1.00
 59  60  0  5 1.00
 59  61  0  5 1.00
 60  61  0  5 1.00
 60  62  0  5 1.00
 60 259  0  5 1.00
 60 260  0  5 1.00
 61  62  0  5 1.00
 61  63  0  5 1.00
 62  63  0  5 1.00
 62  64  0  5 1.00
 62 259  0  5 1.00
 62 260  0  5 1.00
 63  64  0  5 1.00
 63  65  0  5 1.00
 64  65  0  5 1.00
 64  66  0  5 1.00
 65  66  0  5 1.00
 65  67  0  5 1.00
 65 141  0  5 1.00
 65 142  0  5 1.00
 66  67  0  5 1.00
 66  68  0  5 1.00
 66 139  0  5 1.00
 66 140  0  5 1.00
 66 141  0  5 1.00
 67  68  0  5 1.00
 67  69  0  5 1.00
 67 139  0  5 1.00
 67 140  0  5 1.00
 68  69  0  5 1.00
 68  70  0  5 1.00
 68  71  0  5 1.00
 68 139  0  5 1.00
 69  70  0  5 1.00
 69  71  0  5 1.00
 69 139  0  5 1.00
 70  71  0  5 1.00
 70  72  0  5 1.00
 71  72  0  5 1.00
 71  73  0  5 1.00
 71 138  0  5 1.00
 71 139  0  5 1.00
 72  73  0  5 1.00
 72  74  0  5 1.00
 72 138  0  5 1.00
 72 139  0  5 1.00
 73  74  0  5 1.00
 73  75  0  5 1.00
 73  76  0  5 1.00
 73 138  0  5 1.00
 73 139  0  5 1.00
 73 140  0  5 1.00
 73 141  0  5 1.00
 74  75  0  5 1.00
 74  76  0  5 1.00
 74 140  0  5 1.00
 74 141  0  5 1.00
 75  76  0  5 1.00
 75  77  0  5 1.00
 75 249  0  5 1.00
 76  77  0  5 1.00
 76  78  0  5 1.00
 77  78  0  5 1.00
 77  79  0  5 1.00
 78  79  0  5 1.00
 78  80  0  5 1.00
 79  80  0  5 1.00
 79  81  0  5 1.00
 80  81  0  5 1.00
 80  82  0  5 1.00
 81  82  0  5 1.00
 81  83  0  5 1.00
 82  83  0  5 1.00
 82  84  0  5 1.00
 82 126  0  5 1.00
 83  84  0  5 1.00
 83  85  0  5 1.00
 83 126  0  5 1.00
 83 128  0  5 1.00
 84  85  0  5 1.00
 84  86  0  5 1.00
 84 126  0  5 1.00
 84 127  0  5 1.00
 84 128  0  5 1.00
 85  86  0  5 1.00
 85  87  0  5 1.00
 85  88  0  5 1.00
 86  87  0  5 1.00
 86  88  0  5 1.00
 87  88  0  5 1.00
 87  89  0  5 1.00
 88  89  0  5 1.00
 88  90  0  5 1.00
 89  90  0  5 1.00
 89  91  0  5 1.00
 89 122  0  5 1.00
 89 123  0  5 1.00
 89 124  0  5 1.00
 90  91  0  5 1.00
 90  92  0  5 1.00
 90  93  0  5 1.00
 90  94  0  5 1.00
 90 128  0  5 1.00
 91  92  0  5 1.00
 91  93  0  5 1.00
 91  94  0  5 1.00
 91 128  0  5 1.00
 92  93  0  5 1.00
 92  94  0  5 1.00
 92 128  0  5 1.00
 92 129  0  5 1.00
 92 130  0  5 1.00
 93  94  0  5 1.00
 93  95  0  5 1.00
 93 128  0  5 1.00
 93 129  0  5 1.00
 93 130  0  5 1.00
 93 278  0  5 1.00
 93 279  0  5 1.00
 93 280  0  5 1.00
 94  95  0  5 1.00
 94  96  0  5 1.00
 94 277  0  5 1.00
 94 278  0  5 1.00
 94 279  0  5 1.00
 95  96  0  5 1.00
 95  97  0  5 1.00
 95 277  0  5 1.00
 95 279  0  5 1.00
 96  97  0  5 1.00
 96  98  0  5 1.00
 96 276  0  5 1.00
 96 277  0  5 1.00
 97  98  0  5 1.00
 97  99  0  5 1.00
 98  99  0  5 1.00
 98 100  0  5 1.00
 99 100  0  5 1.00
 99 101  0  5 1.00
 99 102  0  5 1.00
 99 103  0  5 1.00
100 101  0  5 1.00
100 102  0  5 1.00
100 103  0  5 1.00
100 104  0  5 1.00
101 102  0  5 1.00
101 103  0  5 1.00
101 104  0  5 1.00
102 103  0  5 1.00
102 104  0  5 1.00
102 105  0  5 1.00
102 106  0  5 1.00
102 107  0  5 1.00
103 104  0  5 1.00
103 105  0  5 1.00
103 106  0  5 1.00
103 107  0  5 1.00
103 108  0  5 1.00
104 105  0  5 1.00
104 106  0  5 1.00
104 107  0  5 1.00
104 108  0  5 1.00
105 106  0  5 1.00
105 107  0  5 1.00
105 108  0  5 1.00
105 109  0  5 1.00
106 107  0  5 1.00
106 108  0  5 1.00
106 109  0  5 1.00
106 110  0  5 1.00
107 108  0  5 1.00
107 109  0  5 1.00
107 110  0  5 1.00
107 111  0  5 1.00
108 109  0  5 1.00
108 110  0  5 1.00
108 111  0  5 1.00
108 112  0  5 1.00
109 110  0  5 1.00
109 111  0  5 1.00
109 112  0  5 1.00
109 113  0  5 1.00
109 114  0  5 1.00
109 115  0  5 1.00
109 117  0  5 1.00
110 111  0  5 1.00
110 112  0  5 1.00
110 113  0  5 1.00
110 114  0  5 1.00
110 115  0  5 1.00
110 386  0  5 1.00
110 387  0  5 1.00
110 388  0  5 1.00
111 112  0  5 1.00
111 113  0  5 1.00
111 114  0  5 1.00
111 386  0  5 1.00
111 387  0  5 1.00
111 388  0  5 1.00
112 113  0  5 1.00
112 114  0  5 1.00
113 114  0  5 1.00
113 115  0  5 1.00
114 115  0  5 1.00
114 116  0  5 1.00
114 382  0  5 1.00
114 383  0  5 1.00
114 384  0  5 1.00
114 387  0  5 1.00
115 116  0  5 1.00
115 117  0  5 1.00
115 275  0  5 1.00
116 117  0  5 1.00
116 118  0  5 1.00
116 119  0  5 1.00
116 120  0  5 1.00
116 275  0  5 1.00
116 276  0  5 1.00
117 118  0  5 1.00
117 119  0  5 1.00
117 120  0  5 1.00
117 121  0  5 1.00
118 119  0  5 1.00
118 120  0  5 1.00
118 121  0  5 1.00
118 122  0  5 1.00
119 120  0  5 1.00
119 121  0  5 1.00
119 122  0  5 1.00
119 123  0  5 1.00
120 121  0  5 1.00
120 122  0  5 1.00
120 123  0  5 1.00
121 122  0  5 1.00
121 123  0  5 1.00
122 123  0  5 1.00
122 124  0  5 1.00
123 124  0  5 1.00
123 125  0  5 1.00
124 125  0  5 1.00
124 126  0  5 1.00
124 127  0  5 1.00
125 126  0  5 1.00
125 127  0  5 1.00
125 164  0  5 1.00
125 165  0  5 1.00
125 168  0  5 1.00
125 169  0  5 1.00
126 127  0  5 1.00
126 128  0  5 1.00
127 128  0  5 1.00
127 129  0  5 1.00
128 129  0  5 1.00
128 130  0  5 1.00
129 130  0  5 1.00
129 131  0  5 1.00
130 131  0  5 1.00
130 132  0  5 1.00
131 132  0  5 1.00
131 133  0  5 1.00
132 133  0  5 1.00
132 134  0  5 1.00
133 134  0  5 1.00
133 135  0  5 1.00
134 135  0  5 1.00
134 136  0  5 1.00
134 137  0  5 1.00
134 138  0  5 1.00
135 136  0  5 1.00
135 137  0  5 1.00
135 138  0  5 1.00
135 139  0  5 1.00
136 137  0  5 1.00
136 138  0  5 1.00
136 139  0  5 1.00
136 140  0  5 1.00
137 138  0  5 1.00
137 139  0  5 1.00
137 140  0  5 1.00
138 139  0  5 1.00
138 140  0  5 1.00
139 140  0  5 1.00
139 141  0  5 1.00
140 141  0  5 1.00
140 142  0  5 1.00
141 142  0  5 1.00
141 143  0  5 1.00
142 143  0  5 1.00
142 144  0  5 1.00
143 144  0  5 1.00
143 145  0  5 1.00
144 145  0  5 1.00
144 146  0  5 1.00
145 146  0  5 1.00
145 147  0  5 1.00
146 147  0  5 1.00
146 148  0  5 1.00
147 148  0  5 1.00
147 149  0  5 1.00
147 178  0  5 1.00
148 149  0  5 1.00
148 150  0  5 1.00
148 178  0  5 1.00
148 234  0  5 1.00
148 235  0  5 1.00
148 236  0  5 1.00
149 150  0  5 1.00
149 151  0  5 1.00
149 178  0  5 1.00
149 179  0  5 1.00
149 180  0  5 1.00
149 181  0  5 1.00
149 234  0  5 1.00
149 235  0  5 1.00
149 236  0  5 1.00
150 151  0  5 1.00
150 152  0  5 1.00
150 180  0  5 1.00
150 181  0  5 1.00
150 234  0  5 1.00
150 236  0  5 1.00
150 237  0  5 1.00
150 238  0  5 1.00
151 152  0  5 1.00
151 153  0  5 1.00
151 181  0  5 1.00
151 182  0  5 1.00
151 183  0  5 1.00
151 238  0  5 1.00
152 153  0  5 1.00
152 154  0  5 1.00
152 183  0  5 1.00
152 238  0  5 1.00
152 239  0  5 1.00
152 240  0  5 1.00
153 154  0  5 1.00
153 155  0  5 1.00
153 183  0  5 1.00
153 184  0  5 1.00
153 185  0  5 1.00
153 240  0  5 1.00
154 155  0  5 1.00
154 156  0  5 1.00
154 185  0  5 1.00
154 240  0  5 1.00
154 241  0  5 1.00
154 242  0  5 1.00
155 156  0  5 1.00
155 157  0  5 1.00
155 185  0  5 1.00
155 186  0  5 1.00
155 187  0  5 1.00
156 157  0  5 1.00
156 158  0  5 1.00
156 187  0  5 1.00
157 158  0  5 1.00
157 159  0  5 1.00
157 189  0  5 1.00
158 159  0  5 1.00
158 160  0  5 1.00
159 160  0  5 1.00
159 161  0  5 1.00
159 162  0  5 1.00
159 163  0  5 1.00
159 164  0  5 1.00
160 161  0  5 1.00
160 162  0  5 1.00
160 163  0  5 1.00
160 164  0  5 1.00
160 165  0  5 1.00
161 162  0  5 1.00
161 163  0  5 1.00
161 164  0  5 1.00
161 165  0  5 1.00
161 166  0  5 1.00
162 163  0  5 1.00
162 164  0  5 1.00
162 165  0  5 1.00
162 166  0  5 1.00
162 242  0  5 1.00
162 243  0  5 1.00
162 244  0  5 1.00
163 164  0  5 1.00
163 165  0  5 1.00
163 166  0  5 1.00
163 167  0  5 1.00
163 242  0  5 1.00
164 165  0  5 1.00
164 166  0  5 1.00
164 167  0  5 1.00
164 168  0  5 1.00
164 169  0  5 1.00
165 166  0  5 1.00
165 167  0  5 1.00
165 168  0  5 1.00
165 169  0  5 1.00
165 170  0  5 1.00
165 244  0  5 1.00
166 167  0  5 1.00
166 168  0  5 1.00
166 169  0  5 1.00
166 170  0  5 1.00
166 244  0  5 1.00
167 168  0  5 1.00
167 169  0  5 1.00
167 170  0  5 1.00
167 171  0  5 1.00
167 172  0  5 1.00
168 169  0  5 1.00
168 170  0  5 1.00
168 171  0  5 1.00
168 172  0  5 1.00
168 173  0  5 1.00
169 170  0  5 1.00
169 171  0  5 1.00
169 172  0  5 1.00
169 173  0  5 1.00
169 174  0  5 1.00
169 246  0  5 1.00
170 171  0  5 1.00
170 172  0  5 1.00
170 173  0  5 1.00
170 174  0  5 1.00
171 172  0  5 1.00
171 173  0  5 1.00
171 174  0  5 1.00
172 173  0  5 1.00
172 174  0  5 1.00
173 174  0  5 1.00
173 175  0  5 1.00
173 247  0  5 1.00
173 249  0  5 1.00
174 175  0  5 1.00
174 176  0  5 1.00
175 176  0  5 1.00
175 177  0  5 1.00
175 178  0  5 1.00
175 179  0  5 1.00
176 177  0  5 1.00
176 178  0  5 1.00
176 179  0  5 1.00
177 178  0  5 1.00
177 179  0  5 1.00
178 179  0  5 1.00
178 180  0  5 1.00
179 180  0  5 1.00
179 181  0  5 1.00
180 181  0  5 1.00
180 182  0  5 1.00
181 182  0  5 1.00
181 183  0  5 1.00
181 208  0  5 1.00
182 183  0  5 1.00
182 184  0  5 1.00
182 208  0  5 1.00
182 209  0  5 1.00
182 210  0  5 1.00
183 184  0  5 1.00
183 185  0  5 1.00
183 210  0  5 1.00
184 185  0  5 1.00
184 186  0  5 1.00
184 210  0  5 1.00
184 211  0  5 1.00
184 212  0  5 1.00
185 186  0  5 1.00
185 187  0  5 1.00
185 212  0  5 1.00
186 187  0  5 1.00
186 188  0  5 1.00
186 189  0  5 1.00
186 212  0  5 1.00
186 213  0  5 1.00
186 214  0  5 1.00
187 188  0  5 1.00
187 189  0  5 1.00
187 216  0  5 1.00
187 217  0  5 1.00
188 189  0  5 1.00
188 190  0  5 1.00
188 214  0  5 1.00
188 216  0  5 1.00
188 217  0  5 1.00
189 190  0  5 1.00
189 191  0  5 1.00
190 191  0  5 1.00
190 192  0  5 1.00
191 192  0  5 1.00
191 193  0  5 1.00
191 194  0  5 1.00
191 195  0  5 1.00
192 193  0  5 1.00
192 194  0  5 1.00
192 195  0  5 1.00
192 197  0  5 1.00
193 194  0  5 1.00
193 195  0  5 1.00
193 197  0  5 1.00
193 198  0  5 1.00
194 195  0  5 1.00
194 196  0  5 1.00
194 198  0  5 1.00
195 196  0  5 1.00
195 197  0  5 1.00
195 198  0  5 1.00
195 199  0  5 1.00
196 197  0  5 1.00
196 198  0  5 1.00
196 199  0  5 1.00
196 200  0  5 1.00
196 201  0  5 1.00
197 198  0  5 1.00
197 199  0  5 1.00
197 200  0  5 1.00
197 201  0  5 1.00
198 199  0  5 1.00
198 200  0  5 1.00
198 201  0  5 1.00
198 202  0  5 1.00
199 200  0  5 1.00
199 201  0  5 1.00
199 202  0  5 1.00
199 203  0  5 1.00
200 201  0  5 1.00
200 202  0  5 1.00
200 203  0  5 1.00
200 204  0  5 1.00
201 202  0  5 1.00
201 203  0  5 1.00
201 204  0  5 1.00
202 203  0  5 1.00
202 204  0  5 1.00
202 205  0  5 1.00
202 206  0  5 1.00
202 207  0  5 1.00
202 209  0  5 1.00
203 204  0  5 1.00
203 205  0  5 1.00
203 206  0  5 1.00
203 207  0  5 1.00
204 205  0  5 1.00
204 206  0  5 1.00
205 206  0  5 1.00
205 207  0  5 1.00
205 208  0  5 1.00
205 209  0  5 1.00
206 207  0  5 1.00
206 208  0  5 1.00
207 208  0  5 1.00
207 209  0  5 1.00
208 209  0  5 1.00
208 210  0  5 1.00
209 210  0  5 1.00
209 211  0  5 1.00
210 211  0  5 1.00
210 212  0  5 1.00
211 212  0  5 1.00
211 213  0  5 1.00
212 213  0  5 1.00
212 214  0  5 1.00
213 214  0  5 1.00
213 215  0  5 1.00
214 215  0  5 1.00
214 216  0  5 1.00
215 216  0  5 1.00
215 217  0  5 1.00
216 217  0  5 1.00
216 218  0  5 1.00
217 218  0  5 1.00
217 219  0  5 1.00
218 219  0  5 1.00
218 220  0  5 1.00
218 222  0  5 1.00
218 223  0  5 1.00
219 220  0  5 1.00
219 221  0  5 1.00
219 222  0  5 1.00
219 223  0  5 1.00
219 224  0  5 1.00
219 351  0  5 1.00
220 221  0  5 1.00
220 222  0  5 1.00
220 223  0  5 1.00
220 224  0  5 1.00
220 351  0  5 1.00
221 222  0  5 1.00
221 223  0  5 1.00
221 224  0  5 1.00
221 225  0  5 1.00
221 351  0  5 1.00
222 223  0  5 1.00
222 224  0  5 1.00
222 225  0  5 1.00
222 226  0  5 1.00
223 224  0  5 1.00
223 225  0  5 1.00
223 226  0  5 1.00
223 227  0  5 1.00
224 225  0  5 1.00
224 226  0  5 1.00
224 227  0  5 1.00
224 228  0  5 1.00
225 226  0  5 1.00
225 227  0  5 1.00
225 228  0  5 1.00
225 229  0  5 1.00
226 227  0  5 1.00
226 228  0  5 1.00
226 229  0  5 1.00
226 230  0  5 1.00
226 231  0  5 1.00
227 228  0  5 1.00
227 229  0  5 1.00
227 230  0  5 1.00
227 231  0  5 1.00
228 229  0  5 1.00
228 230  0  5 1.00
228 231  0  5 1.00
229 230  0  5 1.00
229 231  0  5 1.00
229 232  0  5 1.00
230 231  0  5 1.00
230 232  0  5 1.00
231 232  0  5 1.00
231 233  0  5 1.00
232 233  0  5 1.00
232 234  0  5 1.00
233 234  0  5 1.00
233 235  0  5 1.00
234 235  0  5 1.00
234 236  0  5 1.00
235 236  0  5 1.00
235 237  0  5 1.00
235 334  0  5 1.00
235 335  0  5 1.00
235 336  0  5 1.00
235 337  0  5 1.00
236 237  0  5 1.00
236 238  0  5 1.00
236 334  0  5 1.00
236 335  0  5 1.00
236 336  0  5 1.00
237 238  0  5 1.00
237 239  0  5 1.00
237 332  0  5 1.00
237 333  0  5 1.00
237 334  0  5 1.00
237 335  0  5 1.00
237 336  0  5 1.00
238 239  0  5 1.00
238 240  0  5 1.00
238 332  0  5 1.00
238 333  0  5 1.00
239 240  0  5 1.00
239 241  0  5 1.00
239 330  0  5 1.00
239 331  0  5 1.00
239 332  0  5 1.00
240 241  0  5 1.00
240 242  0  5 1.00
240 330  0  5 1.00
240 331  0  5 1.00
241 242  0  5 1.00
241 243  0  5 1.00
241 244  0  5 1.00
241 330  0  5 1.00
242 243  0  5 1.00
242 244  0  5 1.00
243 244  0  5 1.00
243 245  0  5 1.00
243 379  0  5 1.00
243 380  0  5 1.00
243 381  0  5 1.00
244 245  0  5 1.00
244 246  0  5 1.00
244 379  0  5 1.00
244 380  0  5 1.00
245 246  0  5 1.00
245 247  0  5 1.00
245 377  0  5 1.00
245 378  0  5 1.00
245 379  0  5 1.00
246 247  0  5 1.00
246 248  0  5 1.00
246 377  0  5 1.00
246 378  0  5 1.00
246 379  0  5 1.00
247 248  0  5 1.00
247 249  0  5 1.00
247 250  0  5 1.00
247 377  0  5 1.00
247 378  0  5 1.00
248 249  0  5 1.00
248 250  0  5 1.00
248 375  0  5 1.00
249 250  0  5 1.00
249 251  0  5 1.00
249 252  0  5 1.00
249 253  0  5 1.00
249 375  0  5 1.00
249 376  0  5 1.00
250 251  0  5 1.00
250 252  0  5 1.00
250 253  0  5 1.00
250 254  0  5 1.00
250 375  0  5 1.00
250 376  0  5 1.00
250 377  0  5 1.00
251 252  0  5 1.00
251 253  0  5 1.00
251 254  0  5 1.00
251 255  0  5 1.00
251 256  0  5 1.00
252 253  0  5 1.00
252 254  0  5 1.00
252 255  0  5 1.00
252 256  0  5 1.00
253 254  0  5 1.00
253 255  0  5 1.00
253 256  0  5 1.00
253 257  0  5 1.00
254 255  0  5 1.00
254 256  0  5 1.00
254 257  0  5 1.00
254 258  0  5 1.00
254 266  0  5 1.00
255 256  0  5 1.00
255 257  0  5 1.00
255 258  0  5 1.00
255 259  0  5 1.00
256 257  0  5 1.00
256 258  0  5 1.00
256 259  0  5 1.00
256 260  0  5 1.00
257 258  0  5 1.00
257 259  0  5 1.00
257 260  0  5 1.00
257 261  0  5 1.00
258 259  0  5 1.00
258 260  0  5 1.00
258 261  0  5 1.00
258 262  0  5 1.00
258 264  0  5 1.00
259 260  0  5 1.00
259 261  0  5 1.00
259 262  0  5 1.00
260 261  0  5 1.00
260 262  0  5 1.00
261 262  0  5 1.00
261 263  0  5 1.00
261 264  0  5 1.00
262 263  0  5 1.00
262 264  0  5 1.00
262 335  0  5 1.00
262 338  0  5 1.00
263 264  0  5 1.00
263 265  0  5 1.00
263 368  0  5 1.00
263 369  0  5 1.00
264 265  0  5 1.00
264 266  0  5 1.00
264 333  0  5 1.00
264 334  0  5 1.00
264 335  0  5 1.00
264 369  0  5 1.00
265 266  0  5 1.00
265 267  0  5 1.00
265 333  0  5 1.00
265 334  0  5 1.00
265 369  0  5 1.00
265 370  0  5 1.00
265 371  0  5 1.00
266 267  0  5 1.00
266 268  0  5 1.00
266 331  0  5 1.00
266 332  0  5 1.00
266 333  0  5 1.00
266 371  0  5 1.00
267 268  0  5 1.00
267 269  0  5 1.00
267 331  0  5 1.00
267 332  0  5 1.00
267 333  0  5 1.00
267 371  0  5 1.00
267 372  0  5 1.00
267 373  0  5 1.00
268 269  0  5 1.00
268 270  0  5 1.00
268 331  0  5 1.00
268 373  0  5 1.00
268 376  0  5 1.00
269 270  0  5 1.00
269 271  0  5 1.00
269 373  0  5 1.00
269 376  0  5 1.00
269 377  0  5 1.00
269 378  0  5 1.00
270 271  0  5 1.00
270 272  0  5 1.00
270 283  0  5 1.00
270 378  0  5 1.00
271 272  0  5 1.00
271 273  0  5 1.00
271 281  0  5 1.00
271 282  0  5 1.00
271 283  0  5 1.00
271 378  0  5 1.00
271 379  0  5 1.00
271 380  0  5 1.00
272 273  0  5 1.00
272 274  0  5 1.00
272 279  0  5 1.00
272 280  0  5 1.00
272 281  0  5 1.00
272 282  0  5 1.00
272 283  0  5 1.00
272 379  0  5 1.00
272 380  0  5 1.00
273 274  0  5 1.00
273 275  0  5 1.00
273 278  0  5 1.00
273 279  0  5 1.00
273 280  0  5 1.00
273 281  0  5 1.00
273 380  0  5 1.00
273 381  0  5 1.00
273 382  0  5 1.00
274 275  0  5 1.00
274 276  0  5 1.00
274 277  0  5 1.00
274 278  0  5 1.00
274 279  0  5 1.00
274 382  0  5 1.00
275 276  0  5 1.00
275 277  0  5 1.00
275 278  0  5 1.00
275 382  0  5 1.00
276 277  0  5 1.00
276 278  0  5 1.00
277 278  0  5 1.00
277 279  0  5 1.00
278 279  0  5 1.00
278 280  0  5 1.00
279 280  0  5 1.00
279 281  0  5 1.00
280 281  0  5 1.00
280 282  0  5 1.00
281 282  0  5 1.00
281 283  0  5 1.00
282 283  0  5 1.00
282 284  0  5 1.00
283 284  0  5 1.00
283 285  0  5 1.00
283 290  0  5 1.00
284 285  0  5 1.00
284 286  0  5 1.00
285 286  0  5 1.00
285 287  0  5 1.00
285 290  0  5 1.00
285 291  0  5 1.00
286 287  0  5 1.00
286 288  0  5 1.00
286 290  0  5 1.00
286 291  0  5 1.00
286 292  0  5 1.00
286 305  0  5 1.00
286 306  0  5 1.00
287 288  0  5 1.00
287 289  0  5 1.00
287 290  0  5 1.00
287 291  0  5 1.00
287 292  0  5 1.00
287 306  0  5 1.00
287 307  0  5 1.00
288 289  0  5 1.00
288 290  0  5 1.00
289 290  0  5 1.00
289 291  0  5 1.00
290 291  0  5 1.00
290 292  0  5 1.00
291 292  0  5 1.00
291 293  0  5 1.00
291 305  0  5 1.00
291 306  0  5 1.00
291 307  0  5 1.00
292 293  0  5 1.00
292 294  0  5 1.00
292 305  0  5 1.00
292 306  0  5 1.00
292 307  0  5 1.00
293 294  0  5 1.00
293 295  0  5 1.00
293 303  0  5 1.00
293 304  0  5 1.00
293 305  0  5 1.00
293 306  0  5 1.00
293 307  0  5 1.00
293 324  0  5 1.00
294 295  0  5 1.00
294 296  0  5 1.00
294 303  0  5 1.00
294 304  0  5 1.00
294 324  0  5 1.00
294 325  0  5 1.00
294 326  0  5 1.00
295 296  0  5 1.00
295 297  0  5 1.00
295 301  0  5 1.00
295 302  0  5 1.00
295 303  0  5 1.00
295 304  0  5 1.00
296 297  0  5 1.00
296 298  0  5 1.00
296 301  0  5 1.00
296 302  0  5 1.00
296 303  0  5 1.00
297 298  0  5 1.00
297 299  0  5 1.00
297 300  0  5 1.00
297 301  0  5 1.00
298 299  0  5 1.00
298 300  0  5 1.00
298 419  0  5 1.00
298 420  0  5 1.00
299 300  0  5 1.00
299 301  0  5 1.00
300 301  0  5 1.00
300 302  0  5 1.00
301 302  0  5 1.00
301 303  0  5 1.00
302 303  0  5 1.00
302 304  0  5 1.00
303 304  0  5 1.00
303 305  0  5 1.00
304 305  0  5 1.00
304 306  0  5 1.00
305 306  0  5 1.00
305 307  0  5 1.00
306 307  0  5 1.00
306 308  0  5 1.00
307 308  0  5 1.00
307 309  0  5 1.00
308 309  0  5 1.00
308 310  0  5 1.00
308 311  0  5 1.00
308 312  0  5 1.00
309 310  0  5 1.00
309 311  0  5 1.00
309 312  0  5 1.00
309 313  0  5 1.00
310 311  0  5 1.00
310 312  0  5 1.00
310 313  0  5 1.00
310 314  0  5 1.00
311 312  0  5 1.00
311 313  0  5 1.00
311 314  0  5 1.00
311 315  0  5 1.00
312 313  0  5 1.00
312 314  0  5 1.00
312 315  0  5 1.00
313 314  0  5 1.00
313 315  0  5 1.00
314 315  0  5 1.00
314 316  0  5 1.00
315 316  0  5 1.00
315 317  0  5 1.00
316 317  0  5 1.00
316 318  0  5 1.00
317 318  0  5 1.00
317 319  0  5 1.00
317 320  0  5 1.00
318 319  0  5 1.00
318 320  0  5 1.00
319 320  0  5 1.00
319 321  0  5 1.00
319 374  0  5 1.00
319 375  0  5 1.00
320 321  0  5 1.00
320 322  0  5 1.00
320 372  0  5 1.00
320 374  0  5 1.00
321 322  0  5 1.00
321 323  0  5 1.00
321 372  0  5 1.00
321 373  0  5 1.00
321 374  0  5 1.00
322 323  0  5 1.00
322 324  0  5 1.00
322 370  0  5 1.00
322 371  0  5 1.00
322 372  0  5 1.00
323 324  0  5 1.00
323 325  0  5 1.00
323 370  0  5 1.00
323 371  0  5 1.00
323 372  0  5 1.00
324 325  0  5 1.00
324 326  0  5 1.00
324 370  0  5 1.00
324 371  0  5 1.00
324 372  0  5 1.00
325 326  0  5 1.00
325 327  0  5 1.00
325 360  0  5 1.00
326 327  0  5 1.00
326 328  0  5 1.00
326 360  0  5 1.00
327 328  0  5 1.00
327 329  0  5 1.00
327 356  0  5 1.00
328 329  0  5 1.00
328 330  0  5 1.00
328 356  0  5 1.00
329 330  0  5 1.00
329 331  0  5 1.00
329 356  0  5 1.00
330 331  0  5 1.00
330 332  0  5 1.00
331 332  0  5 1.00
331 333  0  5 1.00
332 333  0  5 1.00
332 334  0  5 1.00
333 334  0  5 1.00
333 335  0  5 1.00
334 335  0  5 1.00
334 336  0  5 1.00
335 336  0  5 1.00
335 337  0  5 1.00
335 338  0  5 1.00
335 339  0  5 1.00
336 337  0  5 1.00
336 338  0  5 1.00
336 339  0  5 1.00
336 340  0  5 1.00
337 338  0  5 1.00
337 339  0  5 1.00
337 340  0  5 1.00
337 341  0  5 1.00
338 339  0  5 1.00
338 340  0  5 1.00
338 341  0  5 1.00
338 342  0  5 1.00
339 340  0  5 1.00
339 341  0  5 1.00
339 342  0  5 1.00
339 343  0  5 1.00
339 344  0  5 1.00
340 341  0  5 1.00
340 342  0  5 1.00
340 343  0  5 1.00
340 344  0  5 1.00
341 342  0  5 1.00
341 343  0  5 1.00
342 343  0  5 1.00
342 344  0  5 1.00
343 344  0  5 1.00
343 345  0  5 1.00
343 346  0  5 1.00
344 345  0  5 1.00
344 346  0  5 1.00
345 346  0  5 1.00
345 347  0  5 1.00
346 347  0  5 1.00
346 348  0  5 1.00
346 349  0  5 1.00
347 348  0  5 1.00
347 349  0  5 1.00
348 349  0  5 1.00
348 350  0  5 1.00
349 350  0  5 1.00
349 351  0  5 1.00
350 351  0  5 1.00
350 352  0  5 1.00
351 352  0  5 1.00
351 353  0  5 1.00
352 353  0  5 1.00
352 354  0  5 1.00
352 401  0  5 1.00
353 354  0  5 1.00
353 355  0  5 1.00
353 401  0  5 1.00
354 355  0  5 1.00
354 356  0  5 1.00
354 357  0  5 1.00
354 358  0  5 1.00
355 356  0  5 1.00
355 357  0  5 1.00
355 358  0  5 1.00
355 359  0  5 1.00
356 357  0  5 1.00
356 358  0  5 1.00
356 359  0  5 1.00
356 360  0  5 1.00
357 358  0  5 1.00
357 359  0  5 1.00
357 360  0  5 1.00
357 361  0  5 1.00
357 362  0  5 1.00
358 359  0  5 1.00
358 360  0  5 1.00
358 361  0  5 1.00
358 362  0  5 1.00
359 360  0  5 1.00
359 361  0  5 1.00
359 362  0  5 1.00
359 363  0  5 1.00
359 364  0  5 1.00
360 361  0  5 1.00
360 362  0  5 1.00
360 363  0  5 1.00
360 364  0  5 1.00
360 365  0  5 1.00
361 362  0  5 1.00
361 363  0  5 1.00
361 364  0  5 1.00
361 365  0  5 1.00
361 366  0  5 1.00
362 363  0  5 1.00
362 364  0  5 1.00
362 365  0  5 1.00
362 366  0  5 1.00
362 367  0  5 1.00
363 364  0  5 1.00
363 365  0  5 1.00
363 366  0  5 1.00
363 367  0  5 1.00
363 368  0  5 1.00
363 369  0  5 1.00
364 365  0  5 1.00
364 366  0  5 1.00
364 367  0  5 1.00
364 368  0  5 1.00
365 366  0  5 1.00
365 367  0  5 1.00
365 447  0  5 1.00
365 448  0  5 1.00
366 367  0  5 1.00
366 368  0  5 1.00
366 447  0  5 1.00
366 448  0  5 1.00
367 368  0  5 1.00
367 369  0  5 1.00
368 369  0  5 1.00
368 370  0  5 1.00
369 370  0  5 1.00
369 371  0  5 1.00
370 371  0  5 1.00
370 372  0  5 1.00
371 372  0  5 1.00
371 373  0  5 1.00
372 373  0  5 1.00
372 374  0  5 1.00
373 374  0  5 1.00
373 375  0  5 1.00
373 376  0  5 1.00
374 375  0  5 1.00
374 376  0  5 1.00
374 377  0  5 1.00
375 376  0  5 1.00
375 377  0  5 1.00
376 377  0  5 1.00
376 378  0  5 1.00
377 378  0  5 1.00
377 379  0  5 1.00
378 379  0  5 1.00
378 380  0  5 1.00
379 380  0  5 1.00
379 381  0  5 1.00
380 381  0  5 1.00
380 382  0  5 1.00
381 382  0  5 1.00
381 383  0  5 1.00
382 383  0  5 1.00
382 384  0  5 1.00
383 384  0  5 1.00
383 385  0  5 1.00
384 385  0  5 1.00
384 386  0  5 1.00
384 387  0  5 1.00
385 386  0  5 1.00
385 387  0  5 1.00
386 387  0  5 1.00
386 388  0  5 1.00
387 388  0  5 1.00
387 389  0  5 1.00
388 389  0  5 1.00
388 390  0  5 1.00
389 390  0  5 1.00
389 391  0  5 1.00
390 391  0  5 1.00
390 392  0  5 1.00
391 392  0  5 1.00
391 393  0  5 1.00
392 393  0  5 1.00
392 394  0  5 1.00
393 394  0  5 1.00
393 395  0  5 1.00
394 395  0  5 1.00
394 396  0  5 1.00
394 397  0  5 1.00
395 396  0  5 1.00
395 397  0  5 1.00
396 397  0  5 1.00
396 398  0  5 1.00
396 596  0  5 1.00
396 597  0  5 1.00
397 398  0  5 1.00
397 399  0  5 1.00
397 400  0  5 1.00
397 596  0  5 1.00
397 597  0  5 1.00
398 399  0  5 1.00
398 400  0  5 1.00
398 597  0  5 1.00
399 400  0  5 1.00
399 401  0  5 1.00
399 402  0  5 1.00
399 403  0  5 1.00
400 401  0  5 1.00
400 402  0  5 1.00
400 403  0  5 1.00
400 404  0  5 1.00
401 402  0  5 1.00
401 403  0  5 1.00
401 404  0  5 1.00
401 405  0  5 1.00
402 403  0  5 1.00
402 404  0  5 1.00
402 405  0  5 1.00
402 406  0  5 1.00
403 404  0  5 1.00
403 405  0  5 1.00
403 406  0  5 1.00
403 407  0  5 1.00
403 432  0  5 1.00
404 405  0  5 1.00
404 406  0  5 1.00
404 407  0  5 1.00
404 408  0  5 1.00
405 406  0  5 1.00
405 407  0  5 1.00
405 408  0  5 1.00
405 409  0  5 1.00
405 410  0  5 1.00
406 407  0  5 1.00
406 408  0  5 1.00
406 409  0  5 1.00
406 410  0  5 1.00
406 411  0  5 1.00
407 408  0  5 1.00
407 409  0  5 1.00
407 410  0  5 1.00
407 411  0  5 1.00
408 409  0  5 1.00
408 410  0  5 1.00
408 411  0  5 1.00
408 412  0  5 1.00
408 413  0  5 1.00
409 410  0  5 1.00
409 411  0  5 1.00
409 412  0  5 1.00
409 413  0  5 1.00
409 414  0  5 1.00
410 411  0  5 1.00
410 412  0  5 1.00
410 413  0  5 1.00
410 414  0  5 1.00
411 412  0  5 1.00
411 413  0  5 1.00
412 413  0  5 1.00
412 414  0  5 1.00
412 450  0  5 1.00
413 414  0  5 1.00
413 415  0  5 1.00
413 416  0  5 1.00
413 417  0  5 1.00
413 450  0  5 1.00
414 415  0  5 1.00
414 416  0  5 1.00
414 417  0  5 1.00
414 418  0  5 1.00
415 416  0  5 1.00
415 417  0  5 1.00
415 418  0  5 1.00
415 419  0  5 1.00
416 417  0  5 1.00
416 418  0  5 1.00
416 419  0  5 1.00
416 420  0  5 1.00
417 418  0  5 1.00
417 419  0  5 1.00
417 420  0  5 1.00
417 421  0  5 1.00
418 419  0  5 1.00
418 420  0  5 1.00
418 421  0  5 1.00
418 422  0  5 1.00
419 420  0  5 1.00
419 421  0  5 1.00
419 422  0  5 1.00
419 423  0  5 1.00
420 421  0  5 1.00
420 422  0  5 1.00
420 423  0  5 1.00
420 424  0  5 1.00
421 422  0  5 1.00
421 423  0  5 1.00
421 424  0  5 1.00
421 425  0  5 1.00
422 423  0  5 1.00
422 424  0  5 1.00
422 425  0  5 1.00
423 424  0  5 1.00
423 425  0  5 1.00
424 425  0  5 1.00
424 426  0  5 1.00
424 427  0  5 1.00
424 428  0  5 1.00
425 426  0  5 1.00
425 427  0  5 1.00
425 428  0  5 1.00
425 429  0  5 1.00
426 427  0  5 1.00
426 428  0  5 1.00
426 429  0  5 1.00
426 594  0  5 1.00
426 596  0  5 1.00
427 428  0  5 1.00
427 429  0  5 1.00
427 430  0  5 1.00
428 429  0  5 1.00
428 430  0  5 1.00
429 430  0  5 1.00
429 431  0  5 1.00
429 596  0  5 1.00
430 431  0  5 1.00
430 432  0  5 1.00
430 596  0  5 1.00
431 432  0  5 1.00
431 433  0  5 1.00
432 433  0  5 1.00
432 434  0  5 1.00
433 434  0  5 1.00
433 435  0  5 1.00
434 435  0  5 1.00
434 436  0  5 1.00
435 436  0  5 1.00
435 437  0  5 1.00
435 438  0  5 1.00
435 439  0  5 1.00
435 440  0  5 1.00
436 437  0  5 1.00
436 438  0  5 1.00
436 439  0  5 1.00
436 440  0  5 1.00
436 441  0  5 1.00
437 438  0  5 1.00
437 439  0  5 1.00
437 440  0  5 1.00
437 441  0  5 1.00
437 442  0  5 1.00
438 439  0  5 1.00
438 440  0  5 1.00
438 441  0  5 1.00
438 442  0  5 1.00
439 440  0  5 1.00
439 441  0  5 1.00
439 442  0  5 1.00
439 443  0  5 1.00
440 441  0  5 1.00
440 442  0  5 1.00
440 443  0  5 1.00
440 444  0  5 1.00
440 445  0  5 1.00
441 442  0  5 1.00
441 443  0  5 1.00
441 444  0  5 1.00
441 445  0  5 1.00
441 446  0  5 1.00
442 443  0  5 1.00
442 444  0  5 1.00
442 445  0  5 1.00
442 446  0  5 1.00
442 447  0  5 1.00
443 444  0  5 1.00
443 445  0  5 1.00
443 446  0  5 1.00
444 445  0  5 1.00
444 446  0  5 1.00
445 446  0  5 1.00
445 447  0  5 1.00
446 447  0  5 1.00
446 448  0  5 1.00
447 448  0  5 1.00
447 449  0  5 1.00
448 449  0  5 1.00
448 450  0  5 1.00
449 450  0  5 1.00
449 451  0  5 1.00
449 452  0  5 1.00
449 453  0  5 1.00
450 451  0  5 1.00
450 452  0  5 1.00
450 453  0  5 1.00
450 454  0  5 1.00
451 452  0  5 1.00
451 453  0  5 1.00
451 454  0  5 1.00
451 455  0  5 1.00
451 456  0  5 1.00
452 453  0  5 1.00
452 454  0  5 1.00
452 455  0  5 1.00
452 456  0  5 1.00
452 457  0  5 1.00
453 454  0  5 1.00
453 455  0  5 1.00
453 456  0  5 1.00
453 457  0  5 1.00
453 458  0  5 1.00
453 459  0  5 1.00
454 455  0  5 1.00
454 456  0  5 1.00
454 457  0  5 1.00
454 458  0  5 1.00
454 459  0  5 1.00
455 456  0  5 1.00
455 457  0  5 1.00
455 458  0  5 1.00
455 459  0  5 1.00
456 457  0  5 1.00
456 458  0  5 1.00
456 459  0  5 1.00
457 458  0  5 1.00
457 459  0  5 1.00
458 459  0  5 1.00
458 460  0  5 1.00
458 461  0  5 1.00
458 462  0  5 1.00
459 460  0  5 1.00
459 461  0  5 1.00
459 462  0  5 1.00
459 463  0  5 1.00
460 461  0  5 1.00
460 462  0  5 1.00
460 463  0  5 1.00
460 464  0  5 1.00
461 462  0  5 1.00
461 463  0  5 1.00
461 464  0  5 1.00
461 465  0  5 1.00
461 466  0  5 1.00
462 463  0  5 1.00
462 464  0  5 1.00
462 465  0  5 1.00
462 466  0  5 1.00
462 467  0  5 1.00
463 464  0  5 1.00
463 465  0  5 1.00
464 465  0  5 1.00
464 466  0  5 1.00
465 466  0  5 1.00
465 467  0  5 1.00
466 467  0  5 1.00
466 468  0  5 1.00
467 468  0  5 1.00
467 469  0  5 1.00
468 469  0  5 1.00
468 470  0  5 1.00
469 470  0  5 1.00
469 471  0  5 1.00
469 515  0  5 1.00
470 471  0  5 1.00
470 472  0  5 1.00
470 513  0  5 1.00
470 514  0  5 1.00
470 515  0  5 1.00
471 472  0  5 1.00
471 473  0  5 1.00
471 513  0  5 1.00
471 514  0  5 1.00
471 515  0  5 1.00
472 473  0  5 1.00
472 474  0  5 1.00
472 513  0  5 1.00
472 514  0  5 1.00
472 515  0  5 1.00
473 474  0  5 1.00
473 475  0  5 1.00
473 511  0  5 1.00
473 512  0  5 1.00
473 513  0  5 1.00
474 475  0  5 1.00
474 476  0  5 1.00
474 511  0  5 1.00
474 512  0  5 1.00
474 513  0  5 1.00
474 591  0  5 1.00
474 592  0  5 1.00
474 593  0  5 1.00
475 476  0  5 1.00
475 477  0  5 1.00
475 509  0  5 1.00
475 510  0  5 1.00
475 511  0  5 1.00
475 512  0  5 1.00
475 592  0  5 1.00
475 593  0  5 1.00
475 594  0  5 1.00
476 477  0  5 1.00
476 478  0  5 1.00
476 509  0  5 1.00
476 510  0  5 1.00
476 511  0  5 1.00
476 590  0  5 1.00
476 591  0  5 1.00
476 592  0  5 1.00
476 593  0  5 1.00
476 594  0  5 1.00
477 478  0  5 1.00
477 479  0  5 1.00
477 484  0  5 1.00
477 485  0  5 1.00
477 486  0  5 1.00
477 509  0  5 1.00
477 590  0  5 1.00
477 591  0  5 1.00
478 479  0  5 1.00
478 480  0  5 1.00
478 484  0  5 1.00
478 485  0  5 1.00
478 588  0  5 1.00
478 589  0  5 1.00
478 590  0  5 1.00
479 480  0  5 1.00
479 481  0  5 1.00
479 482  0  5 1.00
479 483  0  5 1.00
479 484  0  5 1.00
479 485  0  5 1.00
479 588  0  5 1.00
479 589  0  5 1.00
479 590  0  5 1.00
480 481  0  5 1.00
480 482  0  5 1.00
480 588  0  5 1.00
480 589  0  5 1.00
480 590  0  5 1.00
481 482  0  5 1.00
481 483  0  5 1.00
482 483  0  5 1.00
482 484  0  5 1.00
483 484  0  5 1.00
483 485  0  5 1.00
483 500  0  5 1.00
483 501  0  5 1.00
483 502  0  5 1.00
484 485  0  5 1.00
484 486  0  5 1.00
484 500  0  5 1.00
484 501  0  5 1.00
484 502  0  5 1.00
485 486  0  5 1.00
485 487  0  5 1.00
485 498  0  5 1.00
485 499  0  5 1.00
485 500  0  5 1.00
485 501  0  5 1.00
485 502  0  5 1.00
486 487  0  5 1.00
486 488  0  5 1.00
486 498  0  5 1.00
486 499  0  5 1.00
486 500  0  5 1.00
486 508  0  5 1.00
486 509  0  5 1.00
487 488  0  5 1.00
487 489  0  5 1.00
487 497  0  5 1.00
487 498  0  5 1.00
487 499  0  5 1.00
487 500  0  5 1.00
487 508  0  5 1.00
487 509  0  5 1.00
488 489  0  5 1.00
488 490  0  5 1.00
488 491  0  5 1.00
488 496  0  5 1.00
488 497  0  5 1.00
488 508  0  5 1.00
489 490  0  5 1.00
489 491  0  5 1.00
489 508  0  5 1.00
490 491  0  5 1.00
490 492  0  5 1.00
491 492  0  5 1.00
491 493  0  5 1.00
492 493  0  5 1.00
492 494  0  5 1.00
492 495  0  5 1.00
492 537  0  5 1.00
493 494  0  5 1.00
493 495  0  5 1.00
493 537  0  5 1.00
493 538  0  5 1.00
493 539  0  5 1.00
494 495  0  5 1.00
494 496  0  5 1.00
494 537  0  5 1.00
494 538  0  5 1.00
495 496  0  5 1.00
495 497  0  5 1.00
495 535  0  5 1.00
495 536  0  5 1.00
495 537  0  5 1.00
496 497  0  5 1.00
496 498  0  5 1.00
496 535  0  5 1.00
496 536  0  5 1.00
496 537  0  5 1.00
497 498  0  5 1.00
497 499  0  5 1.00
497 535  0  5 1.00
497 536  0  5 1.00
497 575  0  5 1.00
498 499  0  5 1.00
498 500  0  5 1.00
498 573  0  5 1.00
498 575  0  5 1.00
499 500  0  5 1.00
499 501  0  5 1.00
499 573  0  5 1.00
499 574  0  5 1.00
499 575  0  5 1.00
500 501  0  5 1.00
500 502  0  5 1.00
501 502  0  5 1.00
501 503  0  5 1.00
502 503  0  5 1.00
502 504  0  5 1.00
503 504  0  5 1.00
503 505  0  5 1.00
504 505  0  5 1.00
504 506  0  5 1.00
505 506  0  5 1.00
505 507  0  5 1.00
506 507  0  5 1.00
506 508  0  5 1.00
506 509  0  5 1.00
506 510  0  5 1.00
507 508  0  5 1.00
507 509  0  5 1.00
507 510  0  5 1.00
508 509  0  5 1.00
508 510  0  5 1.00
509 510  0  5 1.00
509 511  0  5 1.00
510 511  0  5 1.00
510 512  0  5 1.00
510 520  0  5 1.00
510 521  0  5 1.00
511 512  0  5 1.00
511 513  0  5 1.00
511 520  0  5 1.00
511 521  0  5 1.00
512 513  0  5 1.00
512 514  0  5 1.00
512 518  0  5 1.00
512 519  0  5 1.00
512 520  0  5 1.00
513 514  0  5 1.00
513 515  0  5 1.00
513 518  0  5 1.00
513 519  0  5 1.00
514 515  0  5 1.00
514 516  0  5 1.00
514 517  0  5 1.00
514 518  0  5 1.00
515 516  0  5 1.00
515 517  0  5 1.00
516 517  0  5 1.00
516 518  0  5 1.00
516 546  0  5 1.00
517 518  0  5 1.00
517 519  0  5 1.00
517 545  0  5 1.00
517 546  0  5 1.00
517 547  0  5 1.00
517 548  0  5 1.00
518 519  0  5 1.00
518 520  0  5 1.00
518 545  0  5 1.00
518 546  0  5 1.00
518 547  0  5 1.00
518 548  0  5 1.00
519 520  0  5 1.00
519 521  0  5 1.00
519 524  0  5 1.00
519 525  0  5 1.00
519 526  0  5 1.00
519 545  0  5 1.00
520 521  0  5 1.00
520 522  0  5 1.00
520 524  0  5 1.00
520 525  0  5 1.00
520 526  0  5 1.00
521 522  0  5 1.00
521 523  0  5 1.00
521 524  0  5 1.00
521 525  0  5 1.00
522 523  0  5 1.00
522 524  0  5 1.00
523 524  0  5 1.00
523 525  0  5 1.00
523 539  0  5 1.00
523 540  0  5 1.00
524 525  0  5 1.00
524 526  0  5 1.00
524 538  0  5 1.00
524 539  0  5 1.00
524 540  0  5 1.00
525 526  0  5 1.00
525 527  0  5 1.00
525 536  0  5 1.00
525 537  0  5 1.00
525 538  0  5 1.00
525 539  0  5 1.00
526 527  0  5 1.00
526 528  0  5 1.00
526 536  0  5 1.00
526 537  0  5 1.00
526 545  0  5 1.00
527 528  0  5 1.00
527 529  0  5 1.00
527 534  0  5 1.00
527 535  0  5 1.00
527 536  0  5 1.00
528 529  0  5 1.00
528 530  0  5 1.00
528 534  0  5 1.00
528 535  0  5 1.00
529 530  0  5 1.00
529 531  0  5 1.00
529 532  0  5 1.00
529 533  0  5 1.00
529 534  0  5 1.00
530 531  0  5 1.00
530 532  0  5 1.00
531 532  0  5 1.00
531 533  0  5 1.00
532 533  0  5 1.00
532 534  0  5 1.00
533 534  0  5 1.00
533 535  0  5 1.00
533 575  0  5 1.00
533 576  0  5 1.00
533 577  0  5 1.00
534 535  0  5 1.00
534 536  0  5 1.00
534 575  0  5 1.00
534 576  0  5 1.00
534 577  0  5 1.00
535 536  0  5 1.00
535 537  0  5 1.00
535 575  0  5 1.00
535 576  0  5 1.00
536 537  0  5 1.00
536 538  0  5 1.00
537 538  0  5 1.00
537 539  0  5 1.00
538 539  0  5 1.00
538 540  0  5 1.00
539 540  0  5 1.00
539 541  0  5 1.00
540 541  0  5 1.00
540 542  0  5 1.00
541 542  0  5 1.00
541 543  0  5 1.00
541 544  0  5 1.00
542 543  0  5 1.00
542 544  0  5 1.00
543 544  0  5 1.00
543 545  0  5 1.00
543 546  0  5 1.00
544 545  0  5 1.00
544 546  0  5 1.00
545 546  0  5 1.00
545 547  0  5 1.00
545 548  0  5 1.00
546 547  0  5 1.00
546 548  0  5 1.00
547 548  0  5 1.00
547 549  0  5 1.00
547 558  0  5 1.00
547 559  0  5 1.00
547 560  0  5 1.00
547 561  0  5 1.00
548 549  0  5 1.00
548 550  0  5 1.00
548 558  0  5 1.00
548 559  0  5 1.00
548 560  0  5 1.00
549 550  0  5 1.00
549 551  0  5 1.00
549 556  0  5 1.00
549 557  0  5 1.00
549 558  0  5 1.00
550 551  0  5 1.00
550 552  0  5 1.00
550 556  0  5 1.00
550 557  0  5 1.00
551 552  0  5 1.00
551 553  0  5 1.00
551 554  0  5 1.00
551 555  0  5 1.00
551 556  0  5 1.00
552 553  0  5 1.00
552 554  0  5 1.00
552 555  0  5 1.00
553 554  0  5 1.00
553 555  0  5 1.00
554 555  0  5 1.00
554 556  0  5 1.00
555 556  0  5 1.00
555 557  0  5 1.00
555 587  0  5 1.00
555 588  0  5 1.00
555 589  0  5 1.00
556 557  0  5 1.00
556 558  0  5 1.00
556 587  0  5 1.00
556 589  0  5 1.00
557 558  0  5 1.00
557 559  0  5 1.00
557 564  0  5 1.00
557 565  0  5 1.00
557 566  0  5 1.00
558 559  0  5 1.00
558 560  0  5 1.00
558 564  0  5 1.00
558 565  0  5 1.00
558 566  0  5 1.00
559 560  0  5 1.00
559 561  0  5 1.00
559 562  0  5 1.00
559 563  0  5 1.00
559 564  0  5 1.00
559 565  0  5 1.00
560 561  0  5 1.00
560 562  0  5 1.00
560 563  0  5 1.00
561 562  0  5 1.00
561 563  0  5 1.00
562 563  0  5 1.00
562 564  0  5 1.00
563 564  0  5 1.00
563 565  0  5 1.00
563 580  0  5 1.00
564 565  0  5 1.00
564 566  0  5 1.00
564 578  0  5 1.00
564 579  0  5 1.00
564 580  0  5 1.00
565 566  0  5 1.00
565 567  0  5 1.00
565 576  0  5 1.00
565 577  0  5 1.00
565 578  0  5 1.00
565 579  0  5 1.00
565 580  0  5 1.00
566 567  0  5 1.00
566 568  0  5 1.00
566 576  0  5 1.00
566 577  0  5 1.00
566 586  0  5 1.00
566 587  0  5 1.00
566 588  0  5 1.00
567 568  0  5 1.00
567 569  0  5 1.00
567 574  0  5 1.00
567 575  0  5 1.00
567 576  0  5 1.00
567 577  0  5 1.00
567 578  0  5 1.00
567 586  0  5 1.00
567 587  0  5 1.00
568 569  0  5 1.00
568 570  0  5 1.00
568 574  0  5 1.00
568 575  0  5 1.00
568 576  0  5 1.00
568 586  0  5 1.00
568 587  0  5 1.00
569 570  0  5 1.00
569 571  0  5 1.00
569 572  0  5 1.00
569 573  0  5 1.00
569 574  0  5 1.00
570 571  0  5 1.00
570 572  0  5 1.00
570 573  0  5 1.00
571 572  0  5 1.00
571 573  0  5 1.00
572 573  0  5 1.00
572 574  0  5 1.00
573 574  0  5 1.00
573 575  0  5 1.00
574 575  0  5 1.00
574 576  0  5 1.00
575 576  0  5 1.00
575 577  0  5 1.00
576 577  0  5 1.00
576 578  0  5 1.00
577 578  0  5 1.00
577 579  0  5 1.00
578 579  0  5 1.00
578 580  0  5 1.00
579 580  0  5 1.00
579 581  0  5 1.00
580 581  0  5 1.00
580 582  0  5 1.00
581 582  0  5 1.00
581 583  0  5 1.00
581 584  0  5 1.00
582 583  0  5 1.00
582 584  0  5 1.00
583 584  0  5 1.00
583 585  0  5 1.00
584 585  0  5 1.00
584 586  0  5 1.00
584 587  0  5 1.00
584 588  0  5 1.00
585 586  0  5 1.00
585 587  0  5 1.00
585 588  0  5 1.00
586 587  0  5 1.00
586 588  0  5 1.00
587 588  0  5 1.00
587 589  0  5 1.00
588 589  0  5 1.00
588 590  0  5 1.00
589 590  0  5 1.00
589 591  0  5 1.00
590 591  0  5 1.00
590 592  0  5 1.00
591 592  0  5 1.00
591 593  0  5 1.00
592 593  0  5 1.00
592 594  0  5 1.00
593 594  0  5 1.00
593 595  0  5 1.00
594 595  0  5 1.00
594 596  0  5 1.00
595 596  0  5 1.00
595 597  0  5 1.00
596 597  0  5 1.00
END
HELX_P HELX_P1   AA1 PHE A 102 ? GLY A 114 ? PHE A 162 GLY A 174 1 ? 13 
HELX_P HELX_P2   AA2 ASN A 116 ? MET A 122 ? ASN A 176 MET A 182 1 ? 7  
HELX_P HELX_P3   AA3 GLN A 134 ? LYS A 138 ? GLN A 194 LYS A 198 5 ? 5  
HELX_P HELX_P4   AA4 GLY A 159 ? THR A 174 ? GLY A 219 THR A 234 1 ? 16 
HELX_P HELX_P5   AA5 PRO A 175 ? LYS A 177 ? PRO A 235 LYS A 237 5 ? 3  
HELX_P HELX_P6   AA6 LYS A 191 ? LYS A 195 ? LYS A 251 LYS A 255 5 ? 5  
HELX_P HELX_P7   AA7 GLU A 196 ? ILE A 202 ? GLU A 256 ILE A 262 1 ? 7  
HELX_P HELX_P8   AA8 LYS A 203 ? ASN A 206 ? LYS A 263 ASN A 266 5 ? 4  
HELX_P HELX_P9   AA9 GLY A 219 ? ALA A 231 ? GLY A 279 ALA A 291 1 ? 13 
HELX_P HELX_P10  AB1 TRP A 250 ? ASP A 261 ? TRP A 310 ASP A 321 1 ? 12 
HELX_P HELX_P11  AB2 THR A 308 ? ARG A 315 ? THR A 368 ARG A 375 1 ? 8  
HELX_P HELX_P12  AB3 ARG A 336 ? LEU A 342 ? ARG A 396 LEU A 402 1 ? 7  
HELX_P HELX_P13  AB4 GLU A 355 ? CYS A 366 ? GLU A 415 CYS A 426 1 ? 12 
HELX_P HELX_P14  AB5 SER A 399 ? TRP A 413 ? SER A 459 TRP A 473 1 ? 15 
HELX_P HELX_P15  AB6 TYR A 416 ? ARG A 424 ? TYR A 476 ARG A 484 1 ? 9  
HELX_P HELX_P16  AB7 ILE A 435 ? HIS A 445 ? ILE A 495 HIS A 505 1 ? 11 
HELX_P HELX_P17  AB8 SER A 449 ? ILE A 457 ? SER A 509 ILE A 517 1 ? 9  
HELX_P HELX_P18  AB9 ASP A 460 ? TYR A 465 ? ASP A 520 TYR A 525 1 ? 6  
HELX_P HELX_P19  AC1 GLY A 506 ? LEU A 510 ? GLY A 566 LEU A 570 5 ? 5 