6m0z 536
  1   2  0  5 1.00
  1   3  0  5 1.00
  2   3  0  5 1.00
  2   4  0  5 1.00
  3   4  0  5 1.00
  3   5  0  5 1.00
  4   5  0  5 1.00
  4   6  0  5 1.00
  4 269  0  5 1.00
  5   6  0  5 1.00
  5   7  0  5 1.00
  5 269  0  5 1.00
  6   7  0  5 1.00
  6   8  0  5 1.00
  6   9  0  5 1.00
  6 269  0  5 1.00
  7   8  0  5 1.00
  7   9  0  5 1.00
  8   9  0  5 1.00
  8  10  0  5 1.00
  8  11  0  5 1.00
  8  12  0  5 1.00
  9  10  0  5 1.00
  9  11  0  5 1.00
  9  12  0  5 1.00
  9  13  0  5 1.00
 10  11  0  5 1.00
 10  12  0  5 1.00
 10  13  0  5 1.00
 10  14  0  5 1.00
 10  15  0  5 1.00
 11  12  0  5 1.00
 11  13  0  5 1.00
 11  14  0  5 1.00
 11  15  0  5 1.00
 11  16  0  5 1.00
 11 197  0  5 1.00
 12  13  0  5 1.00
 12  14  0  5 1.00
 12  15  0  5 1.00
 12  16  0  5 1.00
 12  17  0  5 1.00
 13  14  0  5 1.00
 13  15  0  5 1.00
 13  16  0  5 1.00
 13  17  0  5 1.00
 13  18  0  5 1.00
 14  15  0  5 1.00
 14  16  0  5 1.00
 14  17  0  5 1.00
 14  18  0  5 1.00
 14  19  0  5 1.00
 14 200  0  5 1.00
 15  16  0  5 1.00
 15  17  0  5 1.00
 15  18  0  5 1.00
 15  19  0  5 1.00
 16  17  0  5 1.00
 16  18  0  5 1.00
 16  19  0  5 1.00
 16  20  0  5 1.00
 16  21  0  5 1.00
 17  18  0  5 1.00
 17  19  0  5 1.00
 17  20  0  5 1.00
 17  21  0  5 1.00
 18  19  0  5 1.00
 18  20  0  5 1.00
 18  21  0  5 1.00
 18  22  0  5 1.00
 18 204  0  5 1.00
 18 352  0  5 1.00
 18 355  0  5 1.00
 18 356  0  5 1.00
 19  20  0  5 1.00
 19  21  0  5 1.00
 19 355  0  5 1.00
 19 356  0  5 1.00
 20  21  0  5 1.00
 20  22  0  5 1.00
 20 255  0  5 1.00
 21  22  0  5 1.00
 21  23  0  5 1.00
 21 352  0  5 1.00
 22  23  0  5 1.00
 22  24  0  5 1.00
 22  25  0  5 1.00
 22  26  0  5 1.00
 22 352  0  5 1.00
 23  24  0  5 1.00
 23  25  0  5 1.00
 23  26  0  5 1.00
 23  27  0  5 1.00
 23  28  0  5 1.00
 23 352  0  5 1.00
 24  25  0  5 1.00
 24  26  0  5 1.00
 24  27  0  5 1.00
 24  28  0  5 1.00
 24  29  0  5 1.00
 25  26  0  5 1.00
 25  27  0  5 1.00
 25  28  0  5 1.00
 25  29  0  5 1.00
 25  30  0  5 1.00
 25 290  0  5 1.00
 25 291  0  5 1.00
 26  27  0  5 1.00
 26  28  0  5 1.00
 26  29  0  5 1.00
 26  30  0  5 1.00
 27  28  0  5 1.00
 27  29  0  5 1.00
 27 318  0  5 1.00
 27 319  0  5 1.00
 27 320  0  5 1.00
 28  29  0  5 1.00
 28  30  0  5 1.00
 28  31  0  5 1.00
 28  32  0  5 1.00
 29  30  0  5 1.00
 29  31  0  5 1.00
 29  32  0  5 1.00
 29  33  0  5 1.00
 30  31  0  5 1.00
 30  32  0  5 1.00
 30  33  0  5 1.00
 30  34  0  5 1.00
 30 295  0  5 1.00
 31  32  0  5 1.00
 31  33  0  5 1.00
 31  34  0  5 1.00
 31  35  0  5 1.00
 31  36  0  5 1.00
 31 318  0  5 1.00
 32  33  0  5 1.00
 32  34  0  5 1.00
 32  35  0  5 1.00
 32  36  0  5 1.00
 32  37  0  5 1.00
 33  34  0  5 1.00
 33  35  0  5 1.00
 33  36  0  5 1.00
 33  37  0  5 1.00
 33  38  0  5 1.00
 33 231  0  5 1.00
 34  35  0  5 1.00
 34  36  0  5 1.00
 34  37  0  5 1.00
 34  38  0  5 1.00
 34 230  0  5 1.00
 34 231  0  5 1.00
 35  36  0  5 1.00
 35  37  0  5 1.00
 36  37  0  5 1.00
 36  38  0  5 1.00
 36  40  0  5 1.00
 36  41  0  5 1.00
 36 238  0  5 1.00
 37  38  0  5 1.00
 37  39  0  5 1.00
 37  40  0  5 1.00
 37  41  0  5 1.00
 37 232  0  5 1.00
 37 233  0  5 1.00
 37 234  0  5 1.00
 37 235  0  5 1.00
 38  39  0  5 1.00
 38  40  0  5 1.00
 38  41  0  5 1.00
 38  42  0  5 1.00
 38 231  0  5 1.00
 38 232  0  5 1.00
 38 233  0  5 1.00
 38 234  0  5 1.00
 39  40  0  5 1.00
 39  41  0  5 1.00
 39  42  0  5 1.00
 39  43  0  5 1.00
 39 231  0  5 1.00
 39 232  0  5 1.00
 39 233  0  5 1.00
 39 234  0  5 1.00
 40  41  0  5 1.00
 40  42  0  5 1.00
 40  43  0  5 1.00
 40  44  0  5 1.00
 40 232  0  5 1.00
 40 234  0  5 1.00
 40 235  0  5 1.00
 41  42  0  5 1.00
 41  43  0  5 1.00
 41  44  0  5 1.00
 41  45  0  5 1.00
 41  46  0  5 1.00
 42  43  0  5 1.00
 42  44  0  5 1.00
 42  45  0  5 1.00
 42  46  0  5 1.00
 42  47  0  5 1.00
 43  44  0  5 1.00
 43  45  0  5 1.00
 43  46  0  5 1.00
 43  47  0  5 1.00
 44  45  0  5 1.00
 44  46  0  5 1.00
 44  47  0  5 1.00
 44  48  0  5 1.00
 44  49  0  5 1.00
 45  46  0  5 1.00
 45  47  0  5 1.00
 45  48  0  5 1.00
 45  49  0  5 1.00
 45  50  0  5 1.00
 45 248  0  5 1.00
 46  47  0  5 1.00
 46  48  0  5 1.00
 46  49  0  5 1.00
 46  50  0  5 1.00
 46  51  0  5 1.00
 47  48  0  5 1.00
 47  49  0  5 1.00
 47  50  0  5 1.00
 47  51  0  5 1.00
 47  52  0  5 1.00
 48  49  0  5 1.00
 48  50  0  5 1.00
 48  51  0  5 1.00
 48  52  0  5 1.00
 48  53  0  5 1.00
 49  50  0  5 1.00
 49  51  0  5 1.00
 49  52  0  5 1.00
 49  53  0  5 1.00
 49  54  0  5 1.00
 49  55  0  5 1.00
 50  51  0  5 1.00
 50  52  0  5 1.00
 50  55  0  5 1.00
 51  52  0  5 1.00
 51  53  0  5 1.00
 51 457  0  5 1.00
 51 462  0  5 1.00
 52  53  0  5 1.00
 52  54  0  5 1.00
 52  55  0  5 1.00
 52  56  0  5 1.00
 53  54  0  5 1.00
 53  55  0  5 1.00
 53  56  0  5 1.00
 53  57  0  5 1.00
 53  58  0  5 1.00
 53 252  0  5 1.00
 54  55  0  5 1.00
 54  56  0  5 1.00
 54  57  0  5 1.00
 54  58  0  5 1.00
 54  59  0  5 1.00
 55  56  0  5 1.00
 55  57  0  5 1.00
 55  58  0  5 1.00
 55  59  0  5 1.00
 56  57  0  5 1.00
 56  58  0  5 1.00
 56  59  0  5 1.00
 56  60  0  5 1.00
 56 258  0  5 1.00
 57  58  0  5 1.00
 57  59  0  5 1.00
 57  60  0  5 1.00
 57  61  0  5 1.00
 57 258  0  5 1.00
 58  59  0  5 1.00
 58  60  0  5 1.00
 58  61  0  5 1.00
 58  62  0  5 1.00
 59  60  0  5 1.00
 59  61  0  5 1.00
 59  62  0  5 1.00
 59  63  0  5 1.00
 60  61  0  5 1.00
 60  62  0  5 1.00
 60  63  0  5 1.00
 60  64  0  5 1.00
 60  65  0  5 1.00
 60 263  0  5 1.00
 60 264  0  5 1.00
 61  62  0  5 1.00
 61  63  0  5 1.00
 61  64  0  5 1.00
 61  65  0  5 1.00
 61 263  0  5 1.00
 61 267  0  5 1.00
 62  63  0  5 1.00
 62  64  0  5 1.00
 62  65  0  5 1.00
 62  66  0  5 1.00
 62  67  0  5 1.00
 63  64  0  5 1.00
 63  65  0  5 1.00
 63  66  0  5 1.00
 63  67  0  5 1.00
 63  68  0  5 1.00
 64  65  0  5 1.00
 64  66  0  5 1.00
 64  67  0  5 1.00
 64  68  0  5 1.00
 64  69  0  5 1.00
 64 264  0  5 1.00
 64 267  0  5 1.00
 64 268  0  5 1.00
 65  66  0  5 1.00
 65  67  0  5 1.00
 65  68  0  5 1.00
 65 264  0  5 1.00
 65 267  0  5 1.00
 65 268  0  5 1.00
 65 270  0  5 1.00
 65 272  0  5 1.00
 66  67  0  5 1.00
 66  68  0  5 1.00
 67  68  0  5 1.00
 67  69  0  5 1.00
 68  69  0  5 1.00
 68  70  0  5 1.00
 68 268  0  5 1.00
 69  70  0  5 1.00
 69  71  0  5 1.00
 69  74  0  5 1.00
 69 264  0  5 1.00
 69 268  0  5 1.00
 70  71  0  5 1.00
 70  72  0  5 1.00
 70  73  0  5 1.00
 70  74  0  5 1.00
 70  75  0  5 1.00
 70 366  0  5 1.00
 70 367  0  5 1.00
 71  72  0  5 1.00
 71  73  0  5 1.00
 71  74  0  5 1.00
 71  75  0  5 1.00
 71  76  0  5 1.00
 71  86  0  5 1.00
 71 367  0  5 1.00
 72  73  0  5 1.00
 72  74  0  5 1.00
 72  75  0  5 1.00
 72  76  0  5 1.00
 72  83  0  5 1.00
 72  86  0  5 1.00
 72 367  0  5 1.00
 73  74  0  5 1.00
 73  75  0  5 1.00
 73  76  0  5 1.00
 73  77  0  5 1.00
 73  78  0  5 1.00
 73 367  0  5 1.00
 74  75  0  5 1.00
 74  76  0  5 1.00
 74  77  0  5 1.00
 74  78  0  5 1.00
 75  76  0  5 1.00
 75  77  0  5 1.00
 75  78  0  5 1.00
 75  79  0  5 1.00
 75  80  0  5 1.00
 75  82  0  5 1.00
 75  83  0  5 1.00
 76  77  0  5 1.00
 76  78  0  5 1.00
 76  79  0  5 1.00
 76  80  0  5 1.00
 76  83  0  5 1.00
 77  78  0  5 1.00
 77  79  0  5 1.00
 77 531  0  5 1.00
 77 532  0  5 1.00
 77 533  0  5 1.00
 78  79  0  5 1.00
 78  80  0  5 1.00
 78 530  0  5 1.00
 78 531  0  5 1.00
 78 532  0  5 1.00
 79  80  0  5 1.00
 79  81  0  5 1.00
 79  82  0  5 1.00
 79  83  0  5 1.00
 79 528  0  5 1.00
 80  81  0  5 1.00
 80  82  0  5 1.00
 80  83  0  5 1.00
 80 528  0  5 1.00
 81  82  0  5 1.00
 81  83  0  5 1.00
 81 506  0  5 1.00
 81 509  0  5 1.00
 81 510  0  5 1.00
 81 528  0  5 1.00
 82  83  0  5 1.00
 82  84  0  5 1.00
 82  85  0  5 1.00
 82  86  0  5 1.00
 83  84  0  5 1.00
 83  85  0  5 1.00
 83  86  0  5 1.00
 83  87  0  5 1.00
 84  85  0  5 1.00
 84  86  0  5 1.00
 84  87  0  5 1.00
 84  88  0  5 1.00
 84  89  0  5 1.00
 84 505  0  5 1.00
 84 506  0  5 1.00
 85  86  0  5 1.00
 85  87  0  5 1.00
 85  88  0  5 1.00
 85  89  0  5 1.00
 85  90  0  5 1.00
 85 506  0  5 1.00
 86  87  0  5 1.00
 86  88  0  5 1.00
 86  89  0  5 1.00
 86  90  0  5 1.00
 87  88  0  5 1.00
 87  89  0  5 1.00
 87  90  0  5 1.00
 87  91  0  5 1.00
 87  92  0  5 1.00
 88  89  0  5 1.00
 88  90  0  5 1.00
 88  91  0  5 1.00
 88  92  0  5 1.00
 88  93  0  5 1.00
 88 502  0  5 1.00
 89  90  0  5 1.00
 89  91  0  5 1.00
 89  92  0  5 1.00
 89  93  0  5 1.00
 89 260  0  5 1.00
 90  91  0  5 1.00
 90  92  0  5 1.00
 90  93  0  5 1.00
 90  94  0  5 1.00
 91  92  0  5 1.00
 91  93  0  5 1.00
 91  94  0  5 1.00
 91  95  0  5 1.00
 92  93  0  5 1.00
 92  94  0  5 1.00
 92  95  0  5 1.00
 92  96  0  5 1.00
 92 413  0  5 1.00
 93  94  0  5 1.00
 93  95  0  5 1.00
 93  96  0  5 1.00
 93  97  0  5 1.00
 94  95  0  5 1.00
 94  96  0  5 1.00
 94  97  0  5 1.00
 94  98  0  5 1.00
 95  96  0  5 1.00
 95  97  0  5 1.00
 95  98  0  5 1.00
 95  99  0  5 1.00
 96  97  0  5 1.00
 96  98  0  5 1.00
 96  99  0  5 1.00
 96 100  0  5 1.00
 96 101  0  5 1.00
 97  98  0  5 1.00
 97  99  0  5 1.00
 97 100  0  5 1.00
 97 101  0  5 1.00
 98  99  0  5 1.00
 98 100  0  5 1.00
 98 394  0  5 1.00
 99 100  0  5 1.00
 99 101  0  5 1.00
 99 102  0  5 1.00
 99 103  0  5 1.00
100 101  0  5 1.00
100 102  0  5 1.00
100 103  0  5 1.00
100 104  0  5 1.00
101 102  0  5 1.00
101 103  0  5 1.00
101 104  0  5 1.00
101 105  0  5 1.00
102 103  0  5 1.00
102 104  0  5 1.00
102 105  0  5 1.00
102 106  0  5 1.00
103 104  0  5 1.00
103 105  0  5 1.00
103 106  0  5 1.00
103 107  0  5 1.00
104 105  0  5 1.00
104 106  0  5 1.00
104 107  0  5 1.00
104 108  0  5 1.00
105 106  0  5 1.00
105 107  0  5 1.00
105 108  0  5 1.00
105 109  0  5 1.00
105 110  0  5 1.00
105 177  0  5 1.00
105 178  0  5 1.00
106 107  0  5 1.00
106 108  0  5 1.00
106 109  0  5 1.00
106 110  0  5 1.00
106 111  0  5 1.00
107 108  0  5 1.00
107 109  0  5 1.00
107 110  0  5 1.00
107 111  0  5 1.00
107 346  0  5 1.00
108 109  0  5 1.00
108 110  0  5 1.00
108 111  0  5 1.00
108 112  0  5 1.00
108 113  0  5 1.00
109 110  0  5 1.00
109 111  0  5 1.00
109 112  0  5 1.00
109 113  0  5 1.00
110 111  0  5 1.00
110 112  0  5 1.00
110 113  0  5 1.00
110 114  0  5 1.00
111 112  0  5 1.00
111 113  0  5 1.00
111 114  0  5 1.00
111 115  0  5 1.00
112 113  0  5 1.00
112 114  0  5 1.00
112 115  0  5 1.00
113 114  0  5 1.00
113 115  0  5 1.00
113 116  0  5 1.00
114 115  0  5 1.00
114 116  0  5 1.00
114 339  0  5 1.00
115 116  0  5 1.00
115 117  0  5 1.00
116 117  0  5 1.00
116 118  0  5 1.00
116 339  0  5 1.00
117 118  0  5 1.00
117 119  0  5 1.00
118 119  0  5 1.00
118 120  0  5 1.00
119 120  0  5 1.00
119 121  0  5 1.00
119 122  0  5 1.00
120 121  0  5 1.00
120 122  0  5 1.00
120 123  0  5 1.00
121 122  0  5 1.00
121 123  0  5 1.00
121 146  0  5 1.00
121 147  0  5 1.00
122 123  0  5 1.00
122 124  0  5 1.00
122 135  0  5 1.00
123 124  0  5 1.00
123 125  0  5 1.00
123 146  0  5 1.00
124 125  0  5 1.00
124 126  0  5 1.00
124 129  0  5 1.00
124 130  0  5 1.00
125 126  0  5 1.00
125 127  0  5 1.00
126 127  0  5 1.00
126 128  0  5 1.00
126 129  0  5 1.00
127 128  0  5 1.00
127 129  0  5 1.00
128 129  0  5 1.00
128 130  0  5 1.00
129 130  0  5 1.00
129 131  0  5 1.00
130 131  0  5 1.00
130 132  0  5 1.00
130 133  0  5 1.00
131 132  0  5 1.00
131 133  0  5 1.00
132 133  0  5 1.00
132 134  0  5 1.00
132 142  0  5 1.00
132 143  0  5 1.00
132 144  0  5 1.00
133 134  0  5 1.00
133 135  0  5 1.00
133 144  0  5 1.00
134 135  0  5 1.00
134 136  0  5 1.00
134 144  0  5 1.00
134 145  0  5 1.00
134 146  0  5 1.00
135 136  0  5 1.00
135 137  0  5 1.00
135 145  0  5 1.00
135 146  0  5 1.00
135 147  0  5 1.00
136 137  0  5 1.00
136 138  0  5 1.00
136 145  0  5 1.00
136 146  0  5 1.00
137 138  0  5 1.00
137 139  0  5 1.00
137 145  0  5 1.00
137 311  0  5 1.00
137 315  0  5 1.00
138 139  0  5 1.00
138 140  0  5 1.00
138 143  0  5 1.00
138 315  0  5 1.00
139 140  0  5 1.00
139 141  0  5 1.00
140 141  0  5 1.00
140 142  0  5 1.00
140 143  0  5 1.00
141 142  0  5 1.00
141 143  0  5 1.00
141 144  0  5 1.00
142 143  0  5 1.00
142 144  0  5 1.00
143 144  0  5 1.00
143 145  0  5 1.00
144 145  0  5 1.00
144 146  0  5 1.00
145 146  0  5 1.00
145 147  0  5 1.00
145 148  0  5 1.00
145 149  0  5 1.00
145 150  0  5 1.00
146 147  0  5 1.00
146 148  0  5 1.00
146 149  0  5 1.00
146 150  0  5 1.00
147 148  0  5 1.00
147 149  0  5 1.00
147 150  0  5 1.00
147 151  0  5 1.00
147 152  0  5 1.00
147 325  0  5 1.00
147 326  0  5 1.00
148 149  0  5 1.00
148 150  0  5 1.00
148 151  0  5 1.00
148 152  0  5 1.00
148 153  0  5 1.00
148 326  0  5 1.00
149 150  0  5 1.00
149 151  0  5 1.00
149 152  0  5 1.00
149 153  0  5 1.00
149 154  0  5 1.00
150 151  0  5 1.00
150 152  0  5 1.00
150 153  0  5 1.00
150 154  0  5 1.00
150 155  0  5 1.00
150 156  0  5 1.00
151 152  0  5 1.00
151 153  0  5 1.00
151 154  0  5 1.00
151 155  0  5 1.00
151 156  0  5 1.00
151 157  0  5 1.00
152 153  0  5 1.00
152 154  0  5 1.00
152 155  0  5 1.00
152 156  0  5 1.00
152 157  0  5 1.00
152 158  0  5 1.00
152 159  0  5 1.00
153 154  0  5 1.00
153 155  0  5 1.00
153 157  0  5 1.00
154 155  0  5 1.00
154 156  0  5 1.00
154 157  0  5 1.00
155 156  0  5 1.00
155 157  0  5 1.00
156 157  0  5 1.00
156 158  0  5 1.00
156 399  0  5 1.00
156 400  0  5 1.00
157 158  0  5 1.00
157 159  0  5 1.00
157 160  0  5 1.00
157 161  0  5 1.00
157 400  0  5 1.00
158 159  0  5 1.00
158 160  0  5 1.00
158 161  0  5 1.00
158 400  0  5 1.00
159 160  0  5 1.00
159 161  0  5 1.00
160 161  0  5 1.00
160 162  0  5 1.00
161 162  0  5 1.00
161 163  0  5 1.00
161 166  0  5 1.00
161 401  0  5 1.00
162 163  0  5 1.00
162 164  0  5 1.00
162 166  0  5 1.00
163 164  0  5 1.00
163 165  0  5 1.00
163 166  0  5 1.00
163 167  0  5 1.00
164 165  0  5 1.00
164 166  0  5 1.00
164 167  0  5 1.00
165 166  0  5 1.00
165 167  0  5 1.00
166 167  0  5 1.00
166 168  0  5 1.00
166 401  0  5 1.00
167 168  0  5 1.00
167 169  0  5 1.00
167 399  0  5 1.00
167 400  0  5 1.00
167 401  0  5 1.00
167 402  0  5 1.00
168 169  0  5 1.00
168 170  0  5 1.00
168 399  0  5 1.00
168 400  0  5 1.00
168 401  0  5 1.00
169 170  0  5 1.00
169 171  0  5 1.00
169 398  0  5 1.00
169 399  0  5 1.00
169 400  0  5 1.00
170 171  0  5 1.00
170 172  0  5 1.00
170 398  0  5 1.00
170 399  0  5 1.00
171 172  0  5 1.00
171 173  0  5 1.00
171 174  0  5 1.00
171 175  0  5 1.00
171 398  0  5 1.00
171 399  0  5 1.00
172 173  0  5 1.00
172 174  0  5 1.00
172 175  0  5 1.00
172 176  0  5 1.00
173 174  0  5 1.00
173 175  0  5 1.00
173 176  0  5 1.00
173 177  0  5 1.00
174 175  0  5 1.00
174 176  0  5 1.00
174 177  0  5 1.00
174 178  0  5 1.00
174 179  0  5 1.00
175 176  0  5 1.00
175 177  0  5 1.00
175 178  0  5 1.00
175 179  0  5 1.00
176 177  0  5 1.00
176 178  0  5 1.00
176 179  0  5 1.00
176 180  0  5 1.00
177 178  0  5 1.00
177 179  0  5 1.00
177 180  0  5 1.00
177 181  0  5 1.00
178 179  0  5 1.00
178 180  0  5 1.00
178 181  0  5 1.00
178 182  0  5 1.00
179 180  0  5 1.00
179 181  0  5 1.00
179 182  0  5 1.00
179 183  0  5 1.00
179 184  0  5 1.00
180 181  0  5 1.00
180 182  0  5 1.00
180 183  0  5 1.00
180 184  0  5 1.00
181 182  0  5 1.00
181 183  0  5 1.00
181 184  0  5 1.00
181 185  0  5 1.00
181 186  0  5 1.00
182 183  0  5 1.00
182 184  0  5 1.00
182 185  0  5 1.00
182 186  0  5 1.00
183 184  0  5 1.00
183 185  0  5 1.00
183 186  0  5 1.00
183 187  0  5 1.00
184 185  0  5 1.00
184 186  0  5 1.00
184 187  0  5 1.00
184 188  0  5 1.00
185 186  0  5 1.00
185 187  0  5 1.00
185 188  0  5 1.00
185 189  0  5 1.00
185 190  0  5 1.00
186 187  0  5 1.00
186 188  0  5 1.00
186 189  0  5 1.00
186 190  0  5 1.00
187 188  0  5 1.00
187 189  0  5 1.00
187 190  0  5 1.00
188 189  0  5 1.00
188 190  0  5 1.00
188 191  0  5 1.00
188 192  0  5 1.00
188 195  0  5 1.00
188 196  0  5 1.00
189 190  0  5 1.00
189 191  0  5 1.00
189 192  0  5 1.00
190 191  0  5 1.00
190 192  0  5 1.00
190 379  0  5 1.00
190 380  0  5 1.00
191 192  0  5 1.00
191 193  0  5 1.00
191 194  0  5 1.00
191 195  0  5 1.00
192 193  0  5 1.00
192 194  0  5 1.00
192 195  0  5 1.00
192 196  0  5 1.00
192 197  0  5 1.00
193 194  0  5 1.00
193 195  0  5 1.00
193 196  0  5 1.00
193 197  0  5 1.00
193 198  0  5 1.00
194 195  0  5 1.00
194 196  0  5 1.00
194 197  0  5 1.00
194 198  0  5 1.00
195 196  0  5 1.00
195 197  0  5 1.00
195 198  0  5 1.00
195 199  0  5 1.00
196 197  0  5 1.00
196 198  0  5 1.00
196 199  0  5 1.00
196 200  0  5 1.00
197 198  0  5 1.00
197 199  0  5 1.00
197 200  0  5 1.00
197 201  0  5 1.00
198 199  0  5 1.00
198 200  0  5 1.00
198 201  0  5 1.00
198 202  0  5 1.00
199 200  0  5 1.00
199 201  0  5 1.00
199 202  0  5 1.00
199 203  0  5 1.00
200 201  0  5 1.00
200 202  0  5 1.00
200 203  0  5 1.00
200 204  0  5 1.00
200 205  0  5 1.00
201 202  0  5 1.00
201 203  0  5 1.00
201 204  0  5 1.00
201 205  0  5 1.00
201 206  0  5 1.00
202 203  0  5 1.00
202 204  0  5 1.00
202 205  0  5 1.00
202 206  0  5 1.00
202 207  0  5 1.00
203 204  0  5 1.00
203 205  0  5 1.00
203 206  0  5 1.00
203 207  0  5 1.00
203 351  0  5 1.00
203 352  0  5 1.00
204 205  0  5 1.00
204 206  0  5 1.00
204 207  0  5 1.00
205 206  0  5 1.00
205 207  0  5 1.00
205 208  0  5 1.00
205 209  0  5 1.00
206 207  0  5 1.00
206 208  0  5 1.00
206 209  0  5 1.00
206 210  0  5 1.00
207 208  0  5 1.00
207 209  0  5 1.00
207 210  0  5 1.00
207 211  0  5 1.00
207 212  0  5 1.00
208 209  0  5 1.00
208 210  0  5 1.00
208 211  0  5 1.00
208 212  0  5 1.00
209 210  0  5 1.00
209 211  0  5 1.00
209 212  0  5 1.00
209 213  0  5 1.00
210 211  0  5 1.00
210 212  0  5 1.00
210 213  0  5 1.00
210 214  0  5 1.00
210 215  0  5 1.00
211 212  0  5 1.00
211 213  0  5 1.00
211 214  0  5 1.00
211 215  0  5 1.00
211 216  0  5 1.00
212 213  0  5 1.00
212 214  0  5 1.00
212 215  0  5 1.00
212 216  0  5 1.00
213 214  0  5 1.00
213 215  0  5 1.00
213 216  0  5 1.00
213 217  0  5 1.00
213 218  0  5 1.00
214 215  0  5 1.00
214 216  0  5 1.00
214 217  0  5 1.00
214 218  0  5 1.00
214 219  0  5 1.00
214 297  0  5 1.00
215 216  0  5 1.00
215 217  0  5 1.00
215 218  0  5 1.00
215 219  0  5 1.00
215 220  0  5 1.00
215 297  0  5 1.00
216 217  0  5 1.00
216 218  0  5 1.00
216 219  0  5 1.00
216 220  0  5 1.00
217 218  0  5 1.00
217 219  0  5 1.00
217 220  0  5 1.00
217 221  0  5 1.00
218 219  0  5 1.00
218 220  0  5 1.00
218 221  0  5 1.00
218 224  0  5 1.00
218 300  0  5 1.00
218 301  0  5 1.00
219 220  0  5 1.00
219 221  0  5 1.00
220 221  0  5 1.00
220 222  0  5 1.00
221 222  0  5 1.00
221 223  0  5 1.00
221 224  0  5 1.00
222 223  0  5 1.00
222 224  0  5 1.00
222 303  0  5 1.00
222 304  0  5 1.00
222 308  0  5 1.00
223 224  0  5 1.00
223 225  0  5 1.00
223 226  0  5 1.00
223 227  0  5 1.00
223 300  0  5 1.00
223 303  0  5 1.00
223 304  0  5 1.00
224 225  0  5 1.00
224 226  0  5 1.00
224 227  0  5 1.00
224 228  0  5 1.00
224 299  0  5 1.00
224 300  0  5 1.00
224 303  0  5 1.00
224 304  0  5 1.00
225 226  0  5 1.00
225 227  0  5 1.00
225 228  0  5 1.00
225 229  0  5 1.00
226 227  0  5 1.00
226 228  0  5 1.00
226 229  0  5 1.00
226 230  0  5 1.00
226 303  0  5 1.00
227 228  0  5 1.00
227 229  0  5 1.00
227 230  0  5 1.00
227 231  0  5 1.00
227 299  0  5 1.00
227 300  0  5 1.00
227 302  0  5 1.00
227 303  0  5 1.00
228 229  0  5 1.00
228 230  0  5 1.00
228 231  0  5 1.00
228 232  0  5 1.00
228 233  0  5 1.00
228 299  0  5 1.00
228 300  0  5 1.00
229 230  0  5 1.00
229 231  0  5 1.00
229 232  0  5 1.00
229 233  0  5 1.00
230 231  0  5 1.00
230 232  0  5 1.00
230 233  0  5 1.00
231 232  0  5 1.00
231 233  0  5 1.00
232 233  0  5 1.00
232 234  0  5 1.00
233 234  0  5 1.00
233 235  0  5 1.00
234 235  0  5 1.00
234 236  0  5 1.00
235 236  0  5 1.00
235 237  0  5 1.00
235 238  0  5 1.00
235 239  0  5 1.00
236 237  0  5 1.00
236 238  0  5 1.00
236 239  0  5 1.00
236 240  0  5 1.00
237 238  0  5 1.00
237 239  0  5 1.00
237 240  0  5 1.00
237 241  0  5 1.00
238 239  0  5 1.00
238 240  0  5 1.00
238 241  0  5 1.00
239 240  0  5 1.00
239 241  0  5 1.00
240 241  0  5 1.00
240 242  0  5 1.00
241 242  0  5 1.00
241 243  0  5 1.00
241 244  0  5 1.00
241 245  0  5 1.00
242 243  0  5 1.00
242 244  0  5 1.00
242 245  0  5 1.00
242 246  0  5 1.00
243 244  0  5 1.00
243 245  0  5 1.00
243 246  0  5 1.00
243 247  0  5 1.00
244 245  0  5 1.00
244 246  0  5 1.00
244 247  0  5 1.00
244 248  0  5 1.00
244 249  0  5 1.00
245 246  0  5 1.00
245 247  0  5 1.00
245 248  0  5 1.00
245 249  0  5 1.00
245 250  0  5 1.00
246 247  0  5 1.00
246 248  0  5 1.00
246 249  0  5 1.00
246 250  0  5 1.00
246 251  0  5 1.00
247 248  0  5 1.00
247 249  0  5 1.00
247 250  0  5 1.00
247 251  0  5 1.00
247 252  0  5 1.00
248 249  0  5 1.00
248 250  0  5 1.00
248 251  0  5 1.00
248 252  0  5 1.00
248 253  0  5 1.00
249 250  0  5 1.00
249 251  0  5 1.00
249 252  0  5 1.00
249 253  0  5 1.00
250 251  0  5 1.00
250 252  0  5 1.00
250 253  0  5 1.00
250 254  0  5 1.00
250 255  0  5 1.00
251 252  0  5 1.00
251 253  0  5 1.00
251 254  0  5 1.00
251 255  0  5 1.00
251 256  0  5 1.00
252 253  0  5 1.00
252 254  0  5 1.00
252 255  0  5 1.00
252 256  0  5 1.00
253 254  0  5 1.00
253 255  0  5 1.00
253 256  0  5 1.00
253 257  0  5 1.00
253 258  0  5 1.00
254 255  0  5 1.00
254 256  0  5 1.00
254 257  0  5 1.00
255 256  0  5 1.00
255 257  0  5 1.00
256 257  0  5 1.00
256 258  0  5 1.00
257 258  0  5 1.00
257 259  0  5 1.00
257 260  0  5 1.00
258 259  0  5 1.00
258 260  0  5 1.00
259 260  0  5 1.00
259 261  0  5 1.00
260 261  0  5 1.00
260 262  0  5 1.00
261 262  0  5 1.00
261 263  0  5 1.00
261 264  0  5 1.00
261 265  0  5 1.00
261 363  0  5 1.00
262 263  0  5 1.00
262 264  0  5 1.00
262 265  0  5 1.00
262 266  0  5 1.00
262 267  0  5 1.00
262 359  0  5 1.00
262 363  0  5 1.00
263 264  0  5 1.00
263 265  0  5 1.00
263 266  0  5 1.00
263 267  0  5 1.00
263 268  0  5 1.00
264 265  0  5 1.00
264 266  0  5 1.00
264 267  0  5 1.00
264 268  0  5 1.00
265 266  0  5 1.00
265 267  0  5 1.00
265 268  0  5 1.00
265 269  0  5 1.00
266 267  0  5 1.00
266 268  0  5 1.00
266 269  0  5 1.00
266 270  0  5 1.00
267 268  0  5 1.00
267 269  0  5 1.00
267 270  0  5 1.00
268 269  0  5 1.00
268 270  0  5 1.00
269 270  0  5 1.00
269 271  0  5 1.00
270 271  0  5 1.00
270 272  0  5 1.00
271 272  0  5 1.00
271 273  0  5 1.00
271 274  0  5 1.00
272 273  0  5 1.00
272 274  0  5 1.00
272 445  0  5 1.00
273 274  0  5 1.00
273 275  0  5 1.00
273 445  0  5 1.00
273 446  0  5 1.00
274 275  0  5 1.00
274 276  0  5 1.00
274 445  0  5 1.00
274 446  0  5 1.00
275 276  0  5 1.00
275 277  0  5 1.00
275 278  0  5 1.00
275 279  0  5 1.00
276 277  0  5 1.00
276 278  0  5 1.00
276 279  0  5 1.00
276 280  0  5 1.00
277 278  0  5 1.00
277 279  0  5 1.00
277 280  0  5 1.00
277 281  0  5 1.00
277 282  0  5 1.00
278 279  0  5 1.00
278 280  0  5 1.00
278 281  0  5 1.00
278 282  0  5 1.00
279 280  0  5 1.00
279 281  0  5 1.00
279 282  0  5 1.00
279 283  0  5 1.00
279 284  0  5 1.00
280 281  0  5 1.00
280 282  0  5 1.00
280 283  0  5 1.00
280 284  0  5 1.00
280 285  0  5 1.00
281 282  0  5 1.00
281 283  0  5 1.00
281 284  0  5 1.00
281 285  0  5 1.00
282 283  0  5 1.00
282 284  0  5 1.00
282 285  0  5 1.00
282 286  0  5 1.00
283 284  0  5 1.00
283 285  0  5 1.00
283 286  0  5 1.00
283 287  0  5 1.00
284 285  0  5 1.00
284 286  0  5 1.00
284 287  0  5 1.00
284 288  0  5 1.00
285 286  0  5 1.00
285 287  0  5 1.00
285 288  0  5 1.00
285 289  0  5 1.00
285 290  0  5 1.00
286 287  0  5 1.00
286 288  0  5 1.00
286 289  0  5 1.00
286 290  0  5 1.00
287 288  0  5 1.00
287 289  0  5 1.00
287 290  0  5 1.00
287 291  0  5 1.00
288 289  0  5 1.00
288 290  0  5 1.00
288 291  0  5 1.00
288 292  0  5 1.00
289 290  0  5 1.00
289 291  0  5 1.00
289 292  0  5 1.00
289 293  0  5 1.00
289 294  0  5 1.00
290 291  0  5 1.00
290 292  0  5 1.00
290 293  0  5 1.00
290 294  0  5 1.00
291 292  0  5 1.00
291 293  0  5 1.00
291 294  0  5 1.00
291 295  0  5 1.00
292 293  0  5 1.00
292 294  0  5 1.00
292 295  0  5 1.00
292 296  0  5 1.00
293 294  0  5 1.00
293 295  0  5 1.00
293 296  0  5 1.00
293 297  0  5 1.00
294 295  0  5 1.00
294 296  0  5 1.00
294 297  0  5 1.00
294 298  0  5 1.00
294 299  0  5 1.00
295 296  0  5 1.00
295 297  0  5 1.00
295 298  0  5 1.00
295 299  0  5 1.00
295 300  0  5 1.00
296 297  0  5 1.00
296 298  0  5 1.00
296 299  0  5 1.00
296 300  0  5 1.00
296 301  0  5 1.00
297 298  0  5 1.00
297 299  0  5 1.00
297 300  0  5 1.00
297 301  0  5 1.00
298 299  0  5 1.00
298 300  0  5 1.00
298 301  0  5 1.00
298 302  0  5 1.00
299 300  0  5 1.00
299 301  0  5 1.00
299 302  0  5 1.00
299 303  0  5 1.00
299 304  0  5 1.00
300 301  0  5 1.00
300 302  0  5 1.00
300 303  0  5 1.00
300 304  0  5 1.00
301 302  0  5 1.00
301 303  0  5 1.00
301 304  0  5 1.00
301 305  0  5 1.00
302 303  0  5 1.00
302 304  0  5 1.00
302 305  0  5 1.00
302 306  0  5 1.00
303 304  0  5 1.00
303 305  0  5 1.00
303 306  0  5 1.00
303 307  0  5 1.00
303 308  0  5 1.00
304 305  0  5 1.00
304 306  0  5 1.00
304 307  0  5 1.00
304 308  0  5 1.00
304 309  0  5 1.00
305 306  0  5 1.00
305 307  0  5 1.00
305 308  0  5 1.00
305 309  0  5 1.00
305 310  0  5 1.00
305 311  0  5 1.00
306 307  0  5 1.00
306 308  0  5 1.00
306 309  0  5 1.00
306 310  0  5 1.00
306 311  0  5 1.00
307 308  0  5 1.00
307 309  0  5 1.00
307 310  0  5 1.00
308 309  0  5 1.00
308 310  0  5 1.00
309 310  0  5 1.00
309 311  0  5 1.00
310 311  0  5 1.00
310 312  0  5 1.00
311 312  0  5 1.00
311 313  0  5 1.00
312 313  0  5 1.00
312 314  0  5 1.00
312 315  0  5 1.00
312 316  0  5 1.00
313 314  0  5 1.00
313 315  0  5 1.00
313 316  0  5 1.00
313 317  0  5 1.00
314 315  0  5 1.00
314 316  0  5 1.00
314 317  0  5 1.00
315 316  0  5 1.00
315 317  0  5 1.00
316 317  0  5 1.00
316 318  0  5 1.00
317 318  0  5 1.00
317 319  0  5 1.00
318 319  0  5 1.00
318 320  0  5 1.00
319 320  0  5 1.00
319 321  0  5 1.00
319 322  0  5 1.00
319 323  0  5 1.00
320 321  0  5 1.00
320 322  0  5 1.00
320 323  0  5 1.00
320 324  0  5 1.00
321 322  0  5 1.00
321 323  0  5 1.00
321 324  0  5 1.00
321 325  0  5 1.00
321 326  0  5 1.00
322 323  0  5 1.00
322 324  0  5 1.00
322 325  0  5 1.00
322 326  0  5 1.00
322 327  0  5 1.00
323 324  0  5 1.00
323 325  0  5 1.00
323 326  0  5 1.00
323 327  0  5 1.00
323 328  0  5 1.00
323 329  0  5 1.00
324 325  0  5 1.00
324 326  0  5 1.00
324 328  0  5 1.00
324 329  0  5 1.00
325 326  0  5 1.00
325 327  0  5 1.00
326 327  0  5 1.00
326 328  0  5 1.00
326 329  0  5 1.00
326 330  0  5 1.00
327 328  0  5 1.00
327 329  0  5 1.00
327 330  0  5 1.00
327 331  0  5 1.00
328 329  0  5 1.00
328 330  0  5 1.00
328 331  0  5 1.00
328 332  0  5 1.00
329 330  0  5 1.00
329 331  0  5 1.00
329 332  0  5 1.00
329 333  0  5 1.00
330 331  0  5 1.00
330 332  0  5 1.00
330 333  0  5 1.00
330 334  0  5 1.00
331 332  0  5 1.00
331 333  0  5 1.00
331 334  0  5 1.00
331 335  0  5 1.00
332 333  0  5 1.00
332 334  0  5 1.00
332 335  0  5 1.00
332 338  0  5 1.00
333 334  0  5 1.00
333 335  0  5 1.00
334 335  0  5 1.00
334 336  0  5 1.00
335 336  0  5 1.00
335 337  0  5 1.00
335 338  0  5 1.00
336 337  0  5 1.00
336 338  0  5 1.00
337 338  0  5 1.00
337 339  0  5 1.00
337 340  0  5 1.00
337 341  0  5 1.00
338 339  0  5 1.00
338 340  0  5 1.00
338 341  0  5 1.00
338 342  0  5 1.00
338 343  0  5 1.00
339 340  0  5 1.00
339 341  0  5 1.00
339 342  0  5 1.00
339 343  0  5 1.00
340 341  0  5 1.00
340 342  0  5 1.00
340 343  0  5 1.00
340 344  0  5 1.00
340 345  0  5 1.00
341 342  0  5 1.00
341 343  0  5 1.00
341 344  0  5 1.00
341 345  0  5 1.00
341 346  0  5 1.00
342 343  0  5 1.00
342 344  0  5 1.00
342 345  0  5 1.00
342 346  0  5 1.00
342 347  0  5 1.00
343 344  0  5 1.00
343 345  0  5 1.00
343 346  0  5 1.00
343 347  0  5 1.00
344 345  0  5 1.00
344 346  0  5 1.00
344 347  0  5 1.00
344 348  0  5 1.00
345 346  0  5 1.00
345 347  0  5 1.00
345 348  0  5 1.00
345 349  0  5 1.00
346 347  0  5 1.00
346 348  0  5 1.00
346 349  0  5 1.00
346 350  0  5 1.00
347 348  0  5 1.00
347 349  0  5 1.00
347 350  0  5 1.00
347 351  0  5 1.00
348 349  0  5 1.00
348 350  0  5 1.00
348 351  0  5 1.00
348 352  0  5 1.00
348 353  0  5 1.00
349 350  0  5 1.00
349 351  0  5 1.00
349 352  0  5 1.00
349 353  0  5 1.00
350 351  0  5 1.00
350 352  0  5 1.00
350 353  0  5 1.00
350 354  0  5 1.00
351 352  0  5 1.00
351 353  0  5 1.00
351 354  0  5 1.00
351 355  0  5 1.00
352 353  0  5 1.00
352 354  0  5 1.00
352 355  0  5 1.00
352 356  0  5 1.00
353 354  0  5 1.00
353 355  0  5 1.00
353 356  0  5 1.00
353 357  0  5 1.00
354 355  0  5 1.00
354 356  0  5 1.00
354 357  0  5 1.00
354 358  0  5 1.00
355 356  0  5 1.00
355 357  0  5 1.00
355 358  0  5 1.00
355 359  0  5 1.00
356 357  0  5 1.00
356 358  0  5 1.00
356 359  0  5 1.00
356 360  0  5 1.00
357 358  0  5 1.00
357 359  0  5 1.00
357 360  0  5 1.00
357 361  0  5 1.00
357 362  0  5 1.00
358 359  0  5 1.00
358 360  0  5 1.00
358 361  0  5 1.00
358 362  0  5 1.00
358 363  0  5 1.00
359 360  0  5 1.00
359 361  0  5 1.00
359 362  0  5 1.00
359 363  0  5 1.00
360 361  0  5 1.00
360 362  0  5 1.00
360 363  0  5 1.00
360 364  0  5 1.00
361 362  0  5 1.00
361 363  0  5 1.00
361 364  0  5 1.00
361 365  0  5 1.00
361 366  0  5 1.00
362 363  0  5 1.00
362 364  0  5 1.00
362 365  0  5 1.00
362 366  0  5 1.00
362 367  0  5 1.00
363 364  0  5 1.00
363 365  0  5 1.00
363 366  0  5 1.00
363 367  0  5 1.00
363 368  0  5 1.00
364 365  0  5 1.00
364 366  0  5 1.00
364 367  0  5 1.00
364 368  0  5 1.00
364 369  0  5 1.00
365 366  0  5 1.00
365 367  0  5 1.00
365 368  0  5 1.00
365 369  0  5 1.00
365 370  0  5 1.00
366 367  0  5 1.00
366 368  0  5 1.00
366 369  0  5 1.00
366 370  0  5 1.00
367 368  0  5 1.00
367 369  0  5 1.00
367 370  0  5 1.00
367 371  0  5 1.00
368 369  0  5 1.00
368 370  0  5 1.00
368 371  0  5 1.00
368 372  0  5 1.00
369 370  0  5 1.00
369 371  0  5 1.00
369 372  0  5 1.00
369 373  0  5 1.00
369 375  0  5 1.00
369 376  0  5 1.00
370 371  0  5 1.00
370 372  0  5 1.00
371 372  0  5 1.00
371 373  0  5 1.00
372 373  0  5 1.00
372 374  0  5 1.00
372 375  0  5 1.00
372 376  0  5 1.00
373 374  0  5 1.00
373 375  0  5 1.00
373 376  0  5 1.00
373 377  0  5 1.00
374 375  0  5 1.00
374 376  0  5 1.00
374 377  0  5 1.00
374 378  0  5 1.00
375 376  0  5 1.00
375 377  0  5 1.00
375 378  0  5 1.00
375 379  0  5 1.00
376 377  0  5 1.00
376 378  0  5 1.00
376 379  0  5 1.00
377 378  0  5 1.00
377 379  0  5 1.00
378 379  0  5 1.00
378 380  0  5 1.00
378 381  0  5 1.00
378 382  0  5 1.00
379 380  0  5 1.00
379 381  0  5 1.00
379 382  0  5 1.00
379 383  0  5 1.00
379 384  0  5 1.00
380 381  0  5 1.00
380 382  0  5 1.00
380 383  0  5 1.00
380 384  0  5 1.00
381 382  0  5 1.00
381 383  0  5 1.00
381 384  0  5 1.00
381 385  0  5 1.00
381 386  0  5 1.00
382 383  0  5 1.00
382 384  0  5 1.00
382 385  0  5 1.00
382 386  0  5 1.00
382 387  0  5 1.00
383 384  0  5 1.00
383 385  0  5 1.00
383 386  0  5 1.00
383 387  0  5 1.00
383 388  0  5 1.00
384 385  0  5 1.00
384 386  0  5 1.00
384 387  0  5 1.00
384 388  0  5 1.00
385 386  0  5 1.00
385 387  0  5 1.00
385 388  0  5 1.00
385 389  0  5 1.00
386 387  0  5 1.00
386 388  0  5 1.00
386 389  0  5 1.00
386 390  0  5 1.00
387 388  0  5 1.00
387 389  0  5 1.00
387 390  0  5 1.00
387 391  0  5 1.00
387 392  0  5 1.00
388 389  0  5 1.00
388 390  0  5 1.00
388 391  0  5 1.00
388 392  0  5 1.00
388 393  0  5 1.00
389 390  0  5 1.00
389 391  0  5 1.00
389 392  0  5 1.00
389 393  0  5 1.00
389 394  0  5 1.00
390 391  0  5 1.00
390 392  0  5 1.00
390 393  0  5 1.00
390 394  0  5 1.00
390 395  0  5 1.00
391 392  0  5 1.00
391 393  0  5 1.00
391 394  0  5 1.00
391 395  0  5 1.00
392 393  0  5 1.00
392 394  0  5 1.00
392 395  0  5 1.00
392 396  0  5 1.00
393 394  0  5 1.00
393 395  0  5 1.00
393 396  0  5 1.00
393 397  0  5 1.00
394 395  0  5 1.00
394 396  0  5 1.00
394 397  0  5 1.00
394 398  0  5 1.00
395 396  0  5 1.00
395 397  0  5 1.00
395 398  0  5 1.00
395 399  0  5 1.00
396 397  0  5 1.00
396 398  0  5 1.00
396 399  0  5 1.00
396 402  0  5 1.00
397 398  0  5 1.00
397 399  0  5 1.00
397 402  0  5 1.00
398 399  0  5 1.00
398 400  0  5 1.00
399 400  0  5 1.00
399 401  0  5 1.00
399 402  0  5 1.00
400 401  0  5 1.00
400 402  0  5 1.00
400 403  0  5 1.00
401 402  0  5 1.00
401 403  0  5 1.00
401 404  0  5 1.00
401 405  0  5 1.00
402 403  0  5 1.00
402 404  0  5 1.00
402 405  0  5 1.00
402 406  0  5 1.00
402 407  0  5 1.00
403 404  0  5 1.00
403 405  0  5 1.00
403 406  0  5 1.00
403 407  0  5 1.00
403 408  0  5 1.00
404 405  0  5 1.00
404 406  0  5 1.00
404 407  0  5 1.00
404 408  0  5 1.00
405 406  0  5 1.00
405 407  0  5 1.00
405 408  0  5 1.00
405 409  0  5 1.00
406 407  0  5 1.00
406 408  0  5 1.00
406 409  0  5 1.00
406 410  0  5 1.00
407 408  0  5 1.00
407 409  0  5 1.00
407 410  0  5 1.00
407 411  0  5 1.00
408 409  0  5 1.00
408 410  0  5 1.00
408 411  0  5 1.00
408 412  0  5 1.00
408 413  0  5 1.00
409 410  0  5 1.00
409 411  0  5 1.00
409 412  0  5 1.00
409 413  0  5 1.00
409 414  0  5 1.00
410 411  0  5 1.00
410 412  0  5 1.00
410 413  0  5 1.00
410 415  0  5 1.00
411 412  0  5 1.00
411 413  0  5 1.00
411 415  0  5 1.00
412 413  0  5 1.00
412 414  0  5 1.00
412 415  0  5 1.00
412 495  0  5 1.00
412 498  0  5 1.00
412 499  0  5 1.00
413 414  0  5 1.00
413 415  0  5 1.00
413 498  0  5 1.00
413 499  0  5 1.00
414 415  0  5 1.00
414 416  0  5 1.00
414 417  0  5 1.00
414 418  0  5 1.00
414 419  0  5 1.00
415 416  0  5 1.00
415 417  0  5 1.00
415 418  0  5 1.00
415 419  0  5 1.00
416 417  0  5 1.00
416 418  0  5 1.00
416 419  0  5 1.00
416 420  0  5 1.00
417 418  0  5 1.00
417 419  0  5 1.00
417 420  0  5 1.00
417 421  0  5 1.00
417 499  0  5 1.00
418 419  0  5 1.00
418 420  0  5 1.00
418 421  0  5 1.00
418 422  0  5 1.00
418 423  0  5 1.00
419 420  0  5 1.00
419 421  0  5 1.00
419 422  0  5 1.00
419 423  0  5 1.00
420 421  0  5 1.00
420 422  0  5 1.00
420 423  0  5 1.00
420 424  0  5 1.00
421 422  0  5 1.00
421 423  0  5 1.00
421 424  0  5 1.00
421 425  0  5 1.00
422 423  0  5 1.00
422 424  0  5 1.00
422 425  0  5 1.00
422 426  0  5 1.00
422 427  0  5 1.00
423 424  0  5 1.00
423 425  0  5 1.00
423 426  0  5 1.00
423 427  0  5 1.00
424 425  0  5 1.00
424 426  0  5 1.00
424 427  0  5 1.00
424 428  0  5 1.00
424 429  0  5 1.00
425 426  0  5 1.00
425 427  0  5 1.00
425 428  0  5 1.00
425 429  0  5 1.00
425 430  0  5 1.00
426 427  0  5 1.00
426 428  0  5 1.00
426 429  0  5 1.00
426 430  0  5 1.00
426 431  0  5 1.00
426 458  0  5 1.00
427 428  0  5 1.00
427 429  0  5 1.00
427 430  0  5 1.00
427 431  0  5 1.00
427 432  0  5 1.00
428 429  0  5 1.00
428 430  0  5 1.00
428 431  0  5 1.00
428 432  0  5 1.00
428 433  0  5 1.00
428 434  0  5 1.00
429 430  0  5 1.00
429 431  0  5 1.00
429 432  0  5 1.00
429 433  0  5 1.00
429 434  0  5 1.00
429 435  0  5 1.00
430 431  0  5 1.00
430 432  0  5 1.00
430 434  0  5 1.00
430 435  0  5 1.00
431 432  0  5 1.00
431 433  0  5 1.00
431 434  0  5 1.00
432 433  0  5 1.00
432 434  0  5 1.00
432 529  0  5 1.00
433 434  0  5 1.00
433 435  0  5 1.00
433 437  0  5 1.00
434 435  0  5 1.00
434 436  0  5 1.00
434 437  0  5 1.00
434 438  0  5 1.00
434 439  0  5 1.00
435 436  0  5 1.00
435 437  0  5 1.00
435 438  0  5 1.00
435 439  0  5 1.00
435 440  0  5 1.00
436 437  0  5 1.00
436 438  0  5 1.00
436 439  0  5 1.00
436 440  0  5 1.00
436 441  0  5 1.00
437 438  0  5 1.00
437 439  0  5 1.00
437 440  0  5 1.00
437 441  0  5 1.00
438 439  0  5 1.00
438 440  0  5 1.00
438 441  0  5 1.00
438 442  0  5 1.00
439 440  0  5 1.00
439 441  0  5 1.00
439 442  0  5 1.00
439 443  0  5 1.00
439 449  0  5 1.00
439 450  0  5 1.00
440 441  0  5 1.00
440 442  0  5 1.00
440 443  0  5 1.00
440 444  0  5 1.00
441 442  0  5 1.00
441 443  0  5 1.00
441 444  0  5 1.00
441 445  0  5 1.00
442 443  0  5 1.00
442 444  0  5 1.00
442 445  0  5 1.00
442 446  0  5 1.00
442 447  0  5 1.00
442 448  0  5 1.00
443 444  0  5 1.00
443 445  0  5 1.00
443 446  0  5 1.00
443 447  0  5 1.00
443 448  0  5 1.00
443 449  0  5 1.00
444 445  0  5 1.00
444 446  0  5 1.00
444 447  0  5 1.00
445 446  0  5 1.00
445 447  0  5 1.00
446 447  0  5 1.00
446 448  0  5 1.00
447 448  0  5 1.00
447 449  0  5 1.00
448 449  0  5 1.00
448 450  0  5 1.00
449 450  0  5 1.00
449 451  0  5 1.00
450 451  0  5 1.00
450 452  0  5 1.00
451 452  0  5 1.00
451 453  0  5 1.00
451 454  0  5 1.00
451 455  0  5 1.00
452 453  0  5 1.00
452 454  0  5 1.00
452 455  0  5 1.00
452 456  0  5 1.00
452 457  0  5 1.00
453 454  0  5 1.00
453 455  0  5 1.00
453 456  0  5 1.00
453 457  0  5 1.00
454 455  0  5 1.00
454 456  0  5 1.00
454 457  0  5 1.00
454 458  0  5 1.00
455 456  0  5 1.00
455 457  0  5 1.00
455 458  0  5 1.00
455 459  0  5 1.00
455 460  0  5 1.00
456 457  0  5 1.00
456 458  0  5 1.00
456 459  0  5 1.00
456 460  0  5 1.00
456 461  0  5 1.00
457 458  0  5 1.00
457 459  0  5 1.00
457 460  0  5 1.00
457 461  0  5 1.00
457 462  0  5 1.00
458 459  0  5 1.00
458 460  0  5 1.00
458 462  0  5 1.00
459 460  0  5 1.00
459 461  0  5 1.00
460 461  0  5 1.00
460 462  0  5 1.00
460 463  0  5 1.00
460 464  0  5 1.00
461 462  0  5 1.00
461 463  0  5 1.00
461 464  0  5 1.00
461 465  0  5 1.00
461 466  0  5 1.00
462 463  0  5 1.00
462 464  0  5 1.00
462 465  0  5 1.00
462 466  0  5 1.00
462 467  0  5 1.00
463 464  0  5 1.00
463 465  0  5 1.00
463 466  0  5 1.00
463 467  0  5 1.00
463 468  0  5 1.00
464 465  0  5 1.00
464 466  0  5 1.00
464 467  0  5 1.00
464 468  0  5 1.00
464 469  0  5 1.00
465 466  0  5 1.00
465 467  0  5 1.00
465 468  0  5 1.00
465 469  0  5 1.00
466 467  0  5 1.00
466 468  0  5 1.00
466 469  0  5 1.00
466 470  0  5 1.00
466 471  0  5 1.00
467 468  0  5 1.00
467 469  0  5 1.00
467 470  0  5 1.00
467 471  0  5 1.00
467 472  0  5 1.00
468 469  0  5 1.00
468 470  0  5 1.00
468 471  0  5 1.00
468 472  0  5 1.00
469 470  0  5 1.00
469 471  0  5 1.00
469 472  0  5 1.00
469 473  0  5 1.00
469 474  0  5 1.00
470 471  0  5 1.00
470 472  0  5 1.00
470 473  0  5 1.00
470 474  0  5 1.00
471 472  0  5 1.00
471 473  0  5 1.00
471 474  0  5 1.00
471 475  0  5 1.00
472 473  0  5 1.00
472 474  0  5 1.00
472 475  0  5 1.00
472 476  0  5 1.00
473 474  0  5 1.00
473 475  0  5 1.00
473 476  0  5 1.00
473 477  0  5 1.00
474 475  0  5 1.00
474 476  0  5 1.00
474 477  0  5 1.00
475 476  0  5 1.00
475 477  0  5 1.00
476 477  0  5 1.00
476 478  0  5 1.00
477 478  0  5 1.00
477 479  0  5 1.00
478 479  0  5 1.00
478 480  0  5 1.00
479 480  0  5 1.00
479 481  0  5 1.00
480 481  0  5 1.00
480 482  0  5 1.00
480 485  0  5 1.00
480 486  0  5 1.00
480 487  0  5 1.00
481 482  0  5 1.00
481 483  0  5 1.00
481 485  0  5 1.00
481 486  0  5 1.00
481 487  0  5 1.00
482 483  0  5 1.00
482 484  0  5 1.00
482 485  0  5 1.00
483 484  0  5 1.00
483 485  0  5 1.00
484 485  0  5 1.00
484 486  0  5 1.00
485 486  0  5 1.00
485 487  0  5 1.00
486 487  0  5 1.00
486 488  0  5 1.00
487 488  0  5 1.00
487 489  0  5 1.00
488 489  0  5 1.00
488 490  0  5 1.00
488 491  0  5 1.00
488 492  0  5 1.00
489 490  0  5 1.00
489 491  0  5 1.00
489 492  0  5 1.00
489 493  0  5 1.00
490 491  0  5 1.00
490 492  0  5 1.00
490 493  0  5 1.00
490 494  0  5 1.00
491 492  0  5 1.00
491 493  0  5 1.00
491 494  0  5 1.00
491 495  0  5 1.00
492 493  0  5 1.00
492 494  0  5 1.00
492 495  0  5 1.00
492 496  0  5 1.00
493 494  0  5 1.00
493 495  0  5 1.00
493 496  0  5 1.00
493 497  0  5 1.00
494 495  0  5 1.00
494 496  0  5 1.00
494 497  0  5 1.00
494 498  0  5 1.00
495 496  0  5 1.00
495 497  0  5 1.00
495 498  0  5 1.00
495 499  0  5 1.00
495 500  0  5 1.00
496 497  0  5 1.00
496 498  0  5 1.00
496 499  0  5 1.00
496 500  0  5 1.00
496 501  0  5 1.00
497 498  0  5 1.00
497 499  0  5 1.00
497 500  0  5 1.00
497 501  0  5 1.00
498 499  0  5 1.00
498 500  0  5 1.00
498 501  0  5 1.00
498 502  0  5 1.00
499 500  0  5 1.00
499 501  0  5 1.00
499 502  0  5 1.00
499 503  0  5 1.00
500 501  0  5 1.00
500 502  0  5 1.00
500 503  0  5 1.00
500 504  0  5 1.00
500 505  0  5 1.00
501 502  0  5 1.00
501 503  0  5 1.00
501 504  0  5 1.00
501 505  0  5 1.00
502 503  0  5 1.00
502 504  0  5 1.00
502 505  0  5 1.00
502 506  0  5 1.00
503 504  0  5 1.00
503 505  0  5 1.00
503 506  0  5 1.00
503 507  0  5 1.00
504 505  0  5 1.00
504 506  0  5 1.00
504 507  0  5 1.00
504 508  0  5 1.00
504 509  0  5 1.00
505 506  0  5 1.00
505 507  0  5 1.00
505 508  0  5 1.00
505 509  0  5 1.00
505 510  0  5 1.00
506 507  0  5 1.00
506 508  0  5 1.00
506 509  0  5 1.00
506 510  0  5 1.00
507 508  0  5 1.00
507 509  0  5 1.00
507 510  0  5 1.00
507 511  0  5 1.00
508 509  0  5 1.00
508 510  0  5 1.00
508 511  0  5 1.00
508 512  0  5 1.00
509 510  0  5 1.00
509 511  0  5 1.00
509 512  0  5 1.00
509 513  0  5 1.00
509 514  0  5 1.00
510 511  0  5 1.00
510 512  0  5 1.00
510 513  0  5 1.00
510 514  0  5 1.00
511 512  0  5 1.00
511 513  0  5 1.00
511 514  0  5 1.00
511 515  0  5 1.00
512 513  0  5 1.00
512 514  0  5 1.00
512 515  0  5 1.00
512 516  0  5 1.00
513 514  0  5 1.00
513 515  0  5 1.00
513 516  0  5 1.00
513 517  0  5 1.00
514 515  0  5 1.00
514 516  0  5 1.00
514 517  0  5 1.00
515 516  0  5 1.00
515 517  0  5 1.00
516 517  0  5 1.00
516 518  0  5 1.00
517 518  0  5 1.00
517 519  0  5 1.00
518 519  0  5 1.00
518 520  0  5 1.00
519 520  0  5 1.00
519 521  0  5 1.00
520 521  0  5 1.00
520 522  0  5 1.00
520 523  0  5 1.00
520 524  0  5 1.00
520 525  0  5 1.00
521 522  0  5 1.00
521 523  0  5 1.00
521 524  0  5 1.00
521 525  0  5 1.00
522 523  0  5 1.00
522 524  0  5 1.00
522 525  0  5 1.00
522 526  0  5 1.00
522 527  0  5 1.00
523 524  0  5 1.00
523 525  0  5 1.00
523 526  0  5 1.00
523 527  0  5 1.00
524 525  0  5 1.00
524 526  0  5 1.00
524 527  0  5 1.00
524 528  0  5 1.00
524 529  0  5 1.00
525 526  0  5 1.00
525 527  0  5 1.00
525 528  0  5 1.00
525 529  0  5 1.00
526 527  0  5 1.00
526 528  0  5 1.00
526 529  0  5 1.00
526 530  0  5 1.00
527 528  0  5 1.00
527 529  0  5 1.00
527 530  0  5 1.00
528 529  0  5 1.00
528 530  0  5 1.00
529 530  0  5 1.00
529 531  0  5 1.00
530 531  0  5 1.00
530 532  0  5 1.00
531 532  0  5 1.00
531 533  0  5 1.00
531 534  0  5 1.00
531 535  0  5 1.00
532 533  0  5 1.00
532 534  0  5 1.00
532 535  0  5 1.00
532 536  0  5 1.00
533 534  0  5 1.00
533 535  0  5 1.00
533 536  0  5 1.00
534 535  0  5 1.00
534 536  0  5 1.00
535 536  0  5 1.00
END
HELX_P HELX_P1  AA1 GLY A 8   ? VAL A 21  ? GLY A 32  VAL A 45  1 ? 14 
HELX_P HELX_P2  AA2 LEU A 23  ? ARG A 28  ? LEU A 47  ARG A 52  1 ? 6  
HELX_P HELX_P3  AA3 ARG A 28  ? ASN A 36  ? ARG A 52  ASN A 60  1 ? 9  
HELX_P HELX_P4  AA4 GLY A 37  ? ALA A 40  ? GLY A 61  ALA A 64  5 ? 4  
HELX_P HELX_P5  AA5 PHE A 41  ? GLY A 52  ? PHE A 65  GLY A 76  1 ? 12 
HELX_P HELX_P6  AA6 GLY A 52  ? ARG A 68  ? GLY A 76  ARG A 92  1 ? 17 
HELX_P HELX_P7  AA7 GLY A 70  ? VAL A 79  ? GLY A 94  VAL A 103 1 ? 10 
HELX_P HELX_P8  AA8 PRO A 80  ? PHE A 82  ? PRO A 104 PHE A 106 5 ? 3  
HELX_P HELX_P9  AA9 LYS A 83  ? SER A 114 ? LYS A 107 SER A 138 1 ? 32 
HELX_P HELX_P10 AB1 LEU A 119 ? SER A 123 ? LEU A 143 SER A 147 5 ? 5  
HELX_P HELX_P11 AB2 SER A 145 ? TYR A 154 ? SER A 210 TYR A 219 1 ? 10 
HELX_P HELX_P12 AB3 GLU A 157 ? SER A 161 ? GLU A 222 SER A 226 5 ? 5  
HELX_P HELX_P13 AB4 LYS A 171 ? PHE A 187 ? LYS A 236 PHE A 252 1 ? 17 
HELX_P HELX_P14 AB5 GLY A 192 ? THR A 220 ? GLY A 257 THR A 285 1 ? 29 
HELX_P HELX_P15 AB6 GLY A 223 ? THR A 233 ? GLY A 288 THR A 298 1 ? 11 
HELX_P HELX_P16 AB7 PHE A 236 ? LYS A 241 ? PHE A 301 LYS A 306 1 ? 6  
HELX_P HELX_P17 AB8 LYS A 241 ? GLY A 257 ? LYS A 306 GLY A 322 1 ? 17 
HELX_P HELX_P18 AB9 GLY A 261 ? SER A 268 ? GLY A 326 SER A 333 1 ? 8  
HELX_P HELX_P19 AC1 ASN A 275 ? LEU A 309 ? ASN A 340 LEU A 374 1 ? 35 
HELX_P HELX_P20 AC2 ARG A 312 ? ALA A 317 ? ARG A 377 ALA A 382 1 ? 6  
HELX_P HELX_P21 AC3 GLY A 320 ? VAL A 326 ? GLY A 385 VAL A 391 1 ? 7  
HELX_P HELX_P22 AC4 VAL A 326 ? ALA A 333 ? VAL A 391 ALA A 398 1 ? 8  
HELX_P HELX_P23 AC5 ALA A 337 ? ASP A 370 ? ALA A 402 ASP A 435 1 ? 34 
HELX_P HELX_P24 AC6 PHE A 372 ? ASN A 378 ? PHE A 437 ASN A 443 1 ? 7  
HELX_P HELX_P25 AC7 ASN A 378 ? LEU A 395 ? ASN A 443 LEU A 460 1 ? 18 
HELX_P HELX_P26 AC8 ALA A 396 ? CYS A 398 ? ALA A 461 CYS A 463 5 ? 3  
HELX_P HELX_P27 AC9 GLY A 401 ? ALA A 413 ? GLY A 466 ALA A 478 1 ? 13 
HELX_P HELX_P28 AD1 TYR A 416 ? ILE A 432 ? TYR A 481 ILE A 497 1 ? 17 
HELX_P HELX_P29 AD2 GLY A 434 ? GLY A 447 ? GLY A 499 GLY A 512 1 ? 14 
HELX_P HELX_P30 AD3 GLY A 451 ? PHE A 460 ? GLY A 516 PHE A 525 1 ? 10 
HELX_P HELX_P31 AD4 PHE A 460 ? GLY A 476 ? PHE A 525 GLY A 541 1 ? 17 
HELX_P HELX_P32 AD5 PRO A 488 ? VAL A 504 ? PRO A 553 VAL A 569 1 ? 17 
HELX_P HELX_P33 AD6 VAL A 504 ? THR A 517 ? VAL A 569 THR A 582 1 ? 14 
HELX_P HELX_P34 AD7 SER A 520 ? LEU A 528 ? SER A 585 LEU A 593 1 ? 9  
HELX_P HELX_P35 AD8 TRP A 532 ? GLN A 536 ? TRP A 597 GLN A 601 5 ? 5  