6nsy 719
 38  39  0  5 1.00
 38  40  0  5 1.00
 38  41  0  5 1.00
 39  40  0  5 1.00
 39  41  0  5 1.00
 39  42  0  5 1.00
 39 110  0  5 1.00
 40  41  0  5 1.00
 40  42  0  5 1.00
 40  43  0  5 1.00
 40  44  0  5 1.00
 41  42  0  5 1.00
 41  43  0  5 1.00
 41  44  0  5 1.00
 41  45  0  5 1.00
 42  43  0  5 1.00
 42  44  0  5 1.00
 42  45  0  5 1.00
 43  44  0  5 1.00
 43  45  0  5 1.00
 43  46  0  5 1.00
 43  47  0  5 1.00
 44  45  0  5 1.00
 44  46  0  5 1.00
 44  47  0  5 1.00
 45  46  0  5 1.00
 45  47  0  5 1.00
 46  47  0  5 1.00
 46  48  0  5 1.00
 47  48  0  5 1.00
 47  49  0  5 1.00
 48  49  0  5 1.00
 48  50  0  5 1.00
 49  50  0  5 1.00
 49  51  0  5 1.00
 50  51  0  5 1.00
 50  52  0  5 1.00
 50  53  0  5 1.00
 51  52  0  5 1.00
 51  53  0  5 1.00
 52  53  0  5 1.00
 52  54  0  5 1.00
 53  54  0  5 1.00
 53  55  0  5 1.00
 54  55  0  5 1.00
 54  56  0  5 1.00
 55  56  0  5 1.00
 55  57  0  5 1.00
 55  61  0  5 1.00
 55  62  0  5 1.00
 55  63  0  5 1.00
 56  57  0  5 1.00
 56  58  0  5 1.00
 56  61  0  5 1.00
 56  62  0  5 1.00
 56  63  0  5 1.00
 57  58  0  5 1.00
 57  59  0  5 1.00
 57  60  0  5 1.00
 57  61  0  5 1.00
 58  59  0  5 1.00
 58  60  0  5 1.00
 59  60  0  5 1.00
 59  61  0  5 1.00
 60  61  0  5 1.00
 60  62  0  5 1.00
 61  62  0  5 1.00
 61  63  0  5 1.00
 62  63  0  5 1.00
 62  64  0  5 1.00
 63  64  0  5 1.00
 63  65  0  5 1.00
 64  65  0  5 1.00
 64  66  0  5 1.00
 65  66  0  5 1.00
 65  67  0  5 1.00
 66  67  0  5 1.00
 66  68  0  5 1.00
 67  68  0  5 1.00
 67  69  0  5 1.00
 68  69  0  5 1.00
 68  70  0  5 1.00
 69  70  0  5 1.00
 69  71  0  5 1.00
 69  76  0  5 1.00
 69  77  0  5 1.00
 69  78  0  5 1.00
 70  71  0  5 1.00
 70  72  0  5 1.00
 70  75  0  5 1.00
 70  76  0  5 1.00
 70  77  0  5 1.00
 70  78  0  5 1.00
 71  72  0  5 1.00
 71  73  0  5 1.00
 71  75  0  5 1.00
 71  76  0  5 1.00
 72  73  0  5 1.00
 72  74  0  5 1.00
 72  75  0  5 1.00
 73  74  0  5 1.00
 73  75  0  5 1.00
 74  75  0  5 1.00
 74  76  0  5 1.00
 75  76  0  5 1.00
 75  77  0  5 1.00
 76  77  0  5 1.00
 76  78  0  5 1.00
 77  78  0  5 1.00
 77  79  0  5 1.00
 78  79  0  5 1.00
 78  80  0  5 1.00
 78  81  0  5 1.00
 79  80  0  5 1.00
 79  81  0  5 1.00
 79  82  0  5 1.00
 80  81  0  5 1.00
 80  82  0  5 1.00
 81  82  0  5 1.00
 81  83  0  5 1.00
 81  84  0  5 1.00
 81  85  0  5 1.00
 82  83  0  5 1.00
 82  84  0  5 1.00
 82  85  0  5 1.00
 82  86  0  5 1.00
 82  87  0  5 1.00
 83  84  0  5 1.00
 83  85  0  5 1.00
 83  86  0  5 1.00
 83  87  0  5 1.00
 83  88  0  5 1.00
 84  85  0  5 1.00
 84  86  0  5 1.00
 84  87  0  5 1.00
 84  88  0  5 1.00
 84  89  0  5 1.00
 85  86  0  5 1.00
 85  87  0  5 1.00
 85  88  0  5 1.00
 85  89  0  5 1.00
 85  90  0  5 1.00
 86  87  0  5 1.00
 86  88  0  5 1.00
 86  89  0  5 1.00
 86  90  0  5 1.00
 87  88  0  5 1.00
 87  89  0  5 1.00
 87  90  0  5 1.00
 87  91  0  5 1.00
 88  89  0  5 1.00
 88  90  0  5 1.00
 88  91  0  5 1.00
 88  92  0  5 1.00
 88  93  0  5 1.00
 89  90  0  5 1.00
 89  91  0  5 1.00
 89  92  0  5 1.00
 89  93  0  5 1.00
 90  91  0  5 1.00
 90  92  0  5 1.00
 90  93  0  5 1.00
 90  94  0  5 1.00
 91  92  0  5 1.00
 91  93  0  5 1.00
 91  94  0  5 1.00
 92  93  0  5 1.00
 92  94  0  5 1.00
 93  94  0  5 1.00
 93  95  0  5 1.00
 94  95  0  5 1.00
 94  96  0  5 1.00
 95  96  0  5 1.00
 95  97  0  5 1.00
 96  97  0  5 1.00
 96  98  0  5 1.00
 96 396  0  5 1.00
 97  98  0  5 1.00
 97  99  0  5 1.00
 97 396  0  5 1.00
 98  99  0  5 1.00
 98 100  0  5 1.00
 99 100  0  5 1.00
 99 101  0  5 1.00
 99 103  0  5 1.00
100 101  0  5 1.00
100 102  0  5 1.00
101 102  0  5 1.00
101 103  0  5 1.00
101 143  0  5 1.00
102 103  0  5 1.00
102 104  0  5 1.00
102 105  0  5 1.00
102 142  0  5 1.00
102 143  0  5 1.00
103 104  0  5 1.00
103 105  0  5 1.00
103 142  0  5 1.00
103 143  0  5 1.00
103 145  0  5 1.00
103 146  0  5 1.00
103 147  0  5 1.00
104 105  0  5 1.00
104 106  0  5 1.00
104 140  0  5 1.00
104 141  0  5 1.00
104 142  0  5 1.00
104 145  0  5 1.00
104 146  0  5 1.00
104 147  0  5 1.00
105 106  0  5 1.00
105 107  0  5 1.00
105 140  0  5 1.00
105 141  0  5 1.00
106 107  0  5 1.00
106 108  0  5 1.00
106 138  0  5 1.00
106 139  0  5 1.00
106 140  0  5 1.00
107 108  0  5 1.00
107 109  0  5 1.00
107 138  0  5 1.00
107 139  0  5 1.00
107 140  0  5 1.00
107 353  0  5 1.00
108 109  0  5 1.00
108 110  0  5 1.00
108 136  0  5 1.00
108 137  0  5 1.00
108 138  0  5 1.00
108 351  0  5 1.00
108 352  0  5 1.00
109 110  0  5 1.00
109 111  0  5 1.00
109 136  0  5 1.00
109 137  0  5 1.00
109 348  0  5 1.00
109 349  0  5 1.00
109 350  0  5 1.00
109 351  0  5 1.00
110 111  0  5 1.00
110 112  0  5 1.00
110 134  0  5 1.00
110 135  0  5 1.00
110 136  0  5 1.00
110 137  0  5 1.00
110 348  0  5 1.00
110 349  0  5 1.00
110 350  0  5 1.00
111 112  0  5 1.00
111 113  0  5 1.00
111 134  0  5 1.00
111 135  0  5 1.00
111 136  0  5 1.00
111 346  0  5 1.00
111 347  0  5 1.00
111 348  0  5 1.00
112 113  0  5 1.00
112 114  0  5 1.00
112 132  0  5 1.00
112 133  0  5 1.00
112 134  0  5 1.00
112 135  0  5 1.00
112 136  0  5 1.00
112 346  0  5 1.00
112 347  0  5 1.00
112 348  0  5 1.00
113 114  0  5 1.00
113 115  0  5 1.00
113 132  0  5 1.00
113 133  0  5 1.00
113 344  0  5 1.00
113 345  0  5 1.00
113 346  0  5 1.00
113 347  0  5 1.00
114 115  0  5 1.00
114 116  0  5 1.00
114 126  0  5 1.00
114 129  0  5 1.00
114 130  0  5 1.00
114 131  0  5 1.00
114 132  0  5 1.00
114 344  0  5 1.00
114 345  0  5 1.00
114 346  0  5 1.00
115 116  0  5 1.00
115 117  0  5 1.00
115 130  0  5 1.00
115 131  0  5 1.00
115 344  0  5 1.00
115 345  0  5 1.00
116 117  0  5 1.00
116 118  0  5 1.00
116 127  0  5 1.00
116 128  0  5 1.00
116 129  0  5 1.00
116 130  0  5 1.00
116 131  0  5 1.00
116 344  0  5 1.00
117 118  0  5 1.00
117 119  0  5 1.00
117 120  0  5 1.00
117 127  0  5 1.00
117 128  0  5 1.00
117 129  0  5 1.00
117 130  0  5 1.00
118 119  0  5 1.00
118 120  0  5 1.00
118 121  0  5 1.00
118 122  0  5 1.00
118 127  0  5 1.00
118 128  0  5 1.00
118 129  0  5 1.00
119 120  0  5 1.00
119 121  0  5 1.00
119 122  0  5 1.00
119 123  0  5 1.00
119 127  0  5 1.00
119 255  0  5 1.00
120 121  0  5 1.00
120 122  0  5 1.00
121 122  0  5 1.00
121 123  0  5 1.00
121 253  0  5 1.00
121 254  0  5 1.00
121 255  0  5 1.00
122 123  0  5 1.00
122 124  0  5 1.00
122 253  0  5 1.00
122 254  0  5 1.00
122 255  0  5 1.00
122 373  0  5 1.00
123 124  0  5 1.00
123 125  0  5 1.00
123 254  0  5 1.00
123 255  0  5 1.00
123 256  0  5 1.00
123 372  0  5 1.00
123 373  0  5 1.00
124 125  0  5 1.00
124 126  0  5 1.00
124 127  0  5 1.00
124 128  0  5 1.00
124 254  0  5 1.00
124 372  0  5 1.00
124 373  0  5 1.00
125 126  0  5 1.00
125 127  0  5 1.00
125 128  0  5 1.00
125 129  0  5 1.00
125 372  0  5 1.00
126 127  0  5 1.00
126 128  0  5 1.00
126 132  0  5 1.00
127 128  0  5 1.00
127 129  0  5 1.00
128 129  0  5 1.00
128 130  0  5 1.00
129 130  0  5 1.00
129 131  0  5 1.00
129 132  0  5 1.00
130 131  0  5 1.00
130 132  0  5 1.00
131 132  0  5 1.00
131 133  0  5 1.00
132 133  0  5 1.00
132 134  0  5 1.00
133 134  0  5 1.00
133 135  0  5 1.00
134 135  0  5 1.00
134 136  0  5 1.00
135 136  0  5 1.00
135 137  0  5 1.00
135 162  0  5 1.00
135 163  0  5 1.00
135 164  0  5 1.00
136 137  0  5 1.00
136 138  0  5 1.00
136 162  0  5 1.00
136 163  0  5 1.00
136 164  0  5 1.00
137 138  0  5 1.00
137 139  0  5 1.00
137 160  0  5 1.00
137 161  0  5 1.00
137 162  0  5 1.00
138 139  0  5 1.00
138 140  0  5 1.00
138 160  0  5 1.00
138 161  0  5 1.00
139 140  0  5 1.00
139 141  0  5 1.00
139 158  0  5 1.00
139 159  0  5 1.00
139 160  0  5 1.00
140 141  0  5 1.00
140 142  0  5 1.00
140 158  0  5 1.00
140 159  0  5 1.00
141 142  0  5 1.00
141 143  0  5 1.00
141 156  0  5 1.00
141 157  0  5 1.00
141 158  0  5 1.00
142 143  0  5 1.00
142 144  0  5 1.00
142 156  0  5 1.00
142 157  0  5 1.00
142 158  0  5 1.00
143 144  0  5 1.00
143 145  0  5 1.00
143 156  0  5 1.00
144 145  0  5 1.00
144 146  0  5 1.00
144 206  0  5 1.00
145 146  0  5 1.00
145 147  0  5 1.00
145 206  0  5 1.00
146 147  0  5 1.00
146 148  0  5 1.00
146 149  0  5 1.00
147 148  0  5 1.00
147 149  0  5 1.00
148 149  0  5 1.00
148 150  0  5 1.00
149 150  0  5 1.00
149 151  0  5 1.00
149 289  0  5 1.00
150 151  0  5 1.00
150 152  0  5 1.00
150 153  0  5 1.00
150 285  0  5 1.00
150 289  0  5 1.00
151 152  0  5 1.00
151 153  0  5 1.00
151 289  0  5 1.00
152 153  0  5 1.00
152 154  0  5 1.00
152 281  0  5 1.00
152 282  0  5 1.00
153 154  0  5 1.00
153 155  0  5 1.00
153 206  0  5 1.00
153 235  0  5 1.00
153 236  0  5 1.00
154 155  0  5 1.00
154 156  0  5 1.00
154 206  0  5 1.00
154 207  0  5 1.00
154 235  0  5 1.00
155 156  0  5 1.00
155 157  0  5 1.00
155 234  0  5 1.00
155 235  0  5 1.00
156 157  0  5 1.00
156 158  0  5 1.00
157 158  0  5 1.00
157 159  0  5 1.00
157 174  0  5 1.00
157 175  0  5 1.00
157 176  0  5 1.00
157 177  0  5 1.00
158 159  0  5 1.00
158 160  0  5 1.00
158 174  0  5 1.00
158 175  0  5 1.00
158 176  0  5 1.00
159 160  0  5 1.00
159 161  0  5 1.00
159 172  0  5 1.00
159 173  0  5 1.00
159 174  0  5 1.00
159 175  0  5 1.00
159 176  0  5 1.00
160 161  0  5 1.00
160 162  0  5 1.00
160 172  0  5 1.00
160 173  0  5 1.00
160 174  0  5 1.00
161 162  0  5 1.00
161 163  0  5 1.00
161 170  0  5 1.00
161 171  0  5 1.00
161 172  0  5 1.00
161 173  0  5 1.00
162 163  0  5 1.00
162 164  0  5 1.00
162 170  0  5 1.00
162 171  0  5 1.00
163 164  0  5 1.00
163 165  0  5 1.00
163 168  0  5 1.00
163 169  0  5 1.00
163 170  0  5 1.00
163 171  0  5 1.00
164 165  0  5 1.00
164 166  0  5 1.00
164 168  0  5 1.00
164 169  0  5 1.00
165 166  0  5 1.00
165 167  0  5 1.00
165 168  0  5 1.00
165 169  0  5 1.00
165 411  0  5 1.00
165 412  0  5 1.00
166 167  0  5 1.00
166 168  0  5 1.00
166 412  0  5 1.00
167 168  0  5 1.00
167 169  0  5 1.00
167 371  0  5 1.00
168 169  0  5 1.00
168 170  0  5 1.00
169 170  0  5 1.00
169 171  0  5 1.00
169 369  0  5 1.00
169 370  0  5 1.00
170 171  0  5 1.00
170 172  0  5 1.00
170 369  0  5 1.00
170 370  0  5 1.00
171 172  0  5 1.00
171 173  0  5 1.00
171 366  0  5 1.00
171 367  0  5 1.00
171 369  0  5 1.00
172 173  0  5 1.00
172 174  0  5 1.00
173 174  0  5 1.00
173 175  0  5 1.00
173 246  0  5 1.00
173 247  0  5 1.00
174 175  0  5 1.00
174 176  0  5 1.00
174 246  0  5 1.00
174 247  0  5 1.00
175 176  0  5 1.00
175 177  0  5 1.00
175 244  0  5 1.00
175 245  0  5 1.00
175 246  0  5 1.00
176 177  0  5 1.00
176 178  0  5 1.00
176 244  0  5 1.00
176 245  0  5 1.00
177 178  0  5 1.00
177 179  0  5 1.00
178 179  0  5 1.00
178 180  0  5 1.00
178 248  0  5 1.00
178 330  0  5 1.00
178 332  0  5 1.00
179 180  0  5 1.00
179 181  0  5 1.00
179 226  0  5 1.00
179 330  0  5 1.00
179 331  0  5 1.00
180 181  0  5 1.00
180 182  0  5 1.00
180 222  0  5 1.00
180 226  0  5 1.00
180 330  0  5 1.00
180 331  0  5 1.00
181 182  0  5 1.00
181 183  0  5 1.00
181 222  0  5 1.00
181 223  0  5 1.00
182 183  0  5 1.00
182 184  0  5 1.00
183 184  0  5 1.00
183 185  0  5 1.00
183 380  0  5 1.00
183 381  0  5 1.00
184 185  0  5 1.00
184 186  0  5 1.00
184 187  0  5 1.00
184 188  0  5 1.00
184 380  0  5 1.00
184 381  0  5 1.00
185 186  0  5 1.00
185 187  0  5 1.00
185 188  0  5 1.00
185 189  0  5 1.00
185 380  0  5 1.00
185 381  0  5 1.00
185 384  0  5 1.00
186 187  0  5 1.00
186 188  0  5 1.00
186 189  0  5 1.00
187 188  0  5 1.00
187 189  0  5 1.00
187 190  0  5 1.00
187 191  0  5 1.00
188 189  0  5 1.00
188 190  0  5 1.00
188 191  0  5 1.00
188 192  0  5 1.00
188 193  0  5 1.00
189 190  0  5 1.00
189 191  0  5 1.00
189 192  0  5 1.00
189 193  0  5 1.00
189 194  0  5 1.00
190 191  0  5 1.00
190 192  0  5 1.00
190 193  0  5 1.00
190 194  0  5 1.00
191 192  0  5 1.00
191 193  0  5 1.00
191 194  0  5 1.00
191 195  0  5 1.00
192 193  0  5 1.00
192 194  0  5 1.00
192 195  0  5 1.00
192 196  0  5 1.00
193 194  0  5 1.00
193 195  0  5 1.00
193 196  0  5 1.00
193 197  0  5 1.00
194 195  0  5 1.00
194 196  0  5 1.00
194 212  0  5 1.00
194 213  0  5 1.00
195 196  0  5 1.00
195 197  0  5 1.00
195 207  0  5 1.00
195 208  0  5 1.00
195 213  0  5 1.00
196 197  0  5 1.00
196 198  0  5 1.00
196 204  0  5 1.00
197 198  0  5 1.00
197 199  0  5 1.00
197 202  0  5 1.00
197 203  0  5 1.00
197 204  0  5 1.00
198 199  0  5 1.00
198 200  0  5 1.00
198 201  0  5 1.00
198 202  0  5 1.00
198 203  0  5 1.00
198 204  0  5 1.00
199 200  0  5 1.00
199 201  0  5 1.00
199 202  0  5 1.00
200 201  0  5 1.00
200 202  0  5 1.00
201 202  0  5 1.00
201 203  0  5 1.00
202 203  0  5 1.00
202 204  0  5 1.00
203 204  0  5 1.00
203 205  0  5 1.00
204 205  0  5 1.00
204 206  0  5 1.00
204 207  0  5 1.00
205 206  0  5 1.00
205 207  0  5 1.00
206 207  0  5 1.00
206 208  0  5 1.00
207 208  0  5 1.00
207 209  0  5 1.00
208 209  0  5 1.00
208 210  0  5 1.00
208 213  0  5 1.00
208 214  0  5 1.00
209 210  0  5 1.00
209 211  0  5 1.00
209 504  0  5 1.00
209 507  0  5 1.00
210 211  0  5 1.00
210 212  0  5 1.00
210 213  0  5 1.00
210 214  0  5 1.00
210 507  0  5 1.00
211 212  0  5 1.00
211 213  0  5 1.00
211 214  0  5 1.00
211 215  0  5 1.00
211 216  0  5 1.00
211 507  0  5 1.00
211 508  0  5 1.00
212 213  0  5 1.00
212 214  0  5 1.00
212 215  0  5 1.00
212 216  0  5 1.00
213 214  0  5 1.00
213 215  0  5 1.00
213 216  0  5 1.00
213 217  0  5 1.00
214 215  0  5 1.00
214 216  0  5 1.00
214 217  0  5 1.00
214 218  0  5 1.00
214 219  0  5 1.00
215 216  0  5 1.00
215 217  0  5 1.00
215 218  0  5 1.00
215 219  0  5 1.00
215 220  0  5 1.00
216 217  0  5 1.00
216 218  0  5 1.00
216 219  0  5 1.00
216 220  0  5 1.00
217 218  0  5 1.00
217 219  0  5 1.00
217 220  0  5 1.00
217 221  0  5 1.00
218 219  0  5 1.00
218 220  0  5 1.00
218 221  0  5 1.00
218 516  0  5 1.00
219 220  0  5 1.00
219 221  0  5 1.00
220 221  0  5 1.00
220 222  0  5 1.00
220 223  0  5 1.00
220 224  0  5 1.00
221 222  0  5 1.00
221 223  0  5 1.00
221 224  0  5 1.00
221 225  0  5 1.00
221 478  0  5 1.00
222 223  0  5 1.00
222 224  0  5 1.00
222 225  0  5 1.00
222 226  0  5 1.00
223 224  0  5 1.00
223 225  0  5 1.00
223 226  0  5 1.00
223 227  0  5 1.00
224 225  0  5 1.00
224 226  0  5 1.00
224 227  0  5 1.00
224 228  0  5 1.00
225 226  0  5 1.00
225 227  0  5 1.00
225 228  0  5 1.00
225 229  0  5 1.00
225 482  0  5 1.00
226 227  0  5 1.00
226 228  0  5 1.00
226 229  0  5 1.00
226 230  0  5 1.00
226 231  0  5 1.00
227 228  0  5 1.00
227 229  0  5 1.00
227 230  0  5 1.00
227 231  0  5 1.00
228 229  0  5 1.00
228 230  0  5 1.00
228 231  0  5 1.00
228 232  0  5 1.00
229 230  0  5 1.00
229 231  0  5 1.00
229 232  0  5 1.00
229 233  0  5 1.00
229 234  0  5 1.00
229 235  0  5 1.00
230 231  0  5 1.00
230 232  0  5 1.00
230 234  0  5 1.00
230 235  0  5 1.00
231 232  0  5 1.00
231 233  0  5 1.00
231 496  0  5 1.00
231 497  0  5 1.00
231 500  0  5 1.00
232 233  0  5 1.00
232 234  0  5 1.00
232 235  0  5 1.00
232 236  0  5 1.00
232 497  0  5 1.00
233 234  0  5 1.00
233 235  0  5 1.00
233 236  0  5 1.00
233 237  0  5 1.00
233 275  0  5 1.00
234 235  0  5 1.00
234 236  0  5 1.00
234 237  0  5 1.00
235 236  0  5 1.00
235 237  0  5 1.00
236 237  0  5 1.00
236 238  0  5 1.00
236 274  0  5 1.00
236 275  0  5 1.00
236 276  0  5 1.00
237 238  0  5 1.00
237 239  0  5 1.00
237 274  0  5 1.00
237 275  0  5 1.00
237 276  0  5 1.00
238 239  0  5 1.00
238 240  0  5 1.00
238 274  0  5 1.00
238 275  0  5 1.00
238 276  0  5 1.00
239 240  0  5 1.00
239 241  0  5 1.00
239 242  0  5 1.00
239 243  0  5 1.00
239 274  0  5 1.00
240 241  0  5 1.00
240 242  0  5 1.00
240 243  0  5 1.00
241 242  0  5 1.00
241 243  0  5 1.00
241 269  0  5 1.00
241 271  0  5 1.00
241 272  0  5 1.00
242 243  0  5 1.00
242 244  0  5 1.00
242 272  0  5 1.00
242 273  0  5 1.00
242 274  0  5 1.00
243 244  0  5 1.00
243 245  0  5 1.00
243 267  0  5 1.00
243 269  0  5 1.00
243 272  0  5 1.00
243 273  0  5 1.00
244 245  0  5 1.00
244 246  0  5 1.00
244 267  0  5 1.00
244 268  0  5 1.00
244 269  0  5 1.00
245 246  0  5 1.00
245 247  0  5 1.00
245 265  0  5 1.00
245 266  0  5 1.00
245 267  0  5 1.00
245 268  0  5 1.00
246 247  0  5 1.00
246 248  0  5 1.00
246 265  0  5 1.00
246 266  0  5 1.00
246 267  0  5 1.00
247 248  0  5 1.00
247 249  0  5 1.00
247 265  0  5 1.00
248 249  0  5 1.00
248 250  0  5 1.00
248 265  0  5 1.00
248 332  0  5 1.00
249 250  0  5 1.00
249 251  0  5 1.00
249 263  0  5 1.00
249 264  0  5 1.00
249 265  0  5 1.00
250 251  0  5 1.00
250 252  0  5 1.00
250 263  0  5 1.00
250 327  0  5 1.00
250 377  0  5 1.00
251 252  0  5 1.00
251 253  0  5 1.00
251 261  0  5 1.00
251 262  0  5 1.00
251 263  0  5 1.00
251 375  0  5 1.00
251 377  0  5 1.00
252 253  0  5 1.00
252 254  0  5 1.00
252 261  0  5 1.00
252 262  0  5 1.00
252 263  0  5 1.00
252 373  0  5 1.00
252 374  0  5 1.00
252 375  0  5 1.00
252 376  0  5 1.00
253 254  0  5 1.00
253 255  0  5 1.00
253 259  0  5 1.00
253 260  0  5 1.00
253 261  0  5 1.00
253 373  0  5 1.00
253 374  0  5 1.00
254 255  0  5 1.00
254 256  0  5 1.00
254 259  0  5 1.00
254 260  0  5 1.00
254 373  0  5 1.00
254 374  0  5 1.00
255 256  0  5 1.00
255 257  0  5 1.00
255 258  0  5 1.00
255 259  0  5 1.00
256 257  0  5 1.00
256 258  0  5 1.00
257 258  0  5 1.00
257 259  0  5 1.00
258 259  0  5 1.00
258 260  0  5 1.00
258 459  0  5 1.00
259 260  0  5 1.00
259 261  0  5 1.00
260 261  0  5 1.00
260 262  0  5 1.00
261 262  0  5 1.00
261 263  0  5 1.00
261 315  0  5 1.00
262 263  0  5 1.00
262 264  0  5 1.00
262 313  0  5 1.00
262 314  0  5 1.00
262 315  0  5 1.00
263 264  0  5 1.00
263 265  0  5 1.00
263 313  0  5 1.00
263 314  0  5 1.00
263 315  0  5 1.00
264 265  0  5 1.00
264 266  0  5 1.00
264 311  0  5 1.00
264 312  0  5 1.00
264 313  0  5 1.00
265 266  0  5 1.00
265 267  0  5 1.00
265 311  0  5 1.00
265 312  0  5 1.00
266 267  0  5 1.00
266 268  0  5 1.00
266 309  0  5 1.00
266 310  0  5 1.00
266 311  0  5 1.00
266 312  0  5 1.00
267 268  0  5 1.00
267 269  0  5 1.00
267 309  0  5 1.00
267 310  0  5 1.00
268 269  0  5 1.00
268 270  0  5 1.00
268 307  0  5 1.00
268 308  0  5 1.00
268 309  0  5 1.00
269 270  0  5 1.00
269 271  0  5 1.00
269 272  0  5 1.00
269 307  0  5 1.00
269 308  0  5 1.00
270 271  0  5 1.00
270 272  0  5 1.00
270 307  0  5 1.00
270 308  0  5 1.00
271 272  0  5 1.00
271 273  0  5 1.00
271 307  0  5 1.00
271 563  0  5 1.00
271 564  0  5 1.00
271 565  0  5 1.00
272 273  0  5 1.00
272 274  0  5 1.00
273 274  0  5 1.00
273 275  0  5 1.00
273 558  0  5 1.00
274 275  0  5 1.00
274 276  0  5 1.00
275 276  0  5 1.00
275 277  0  5 1.00
276 277  0  5 1.00
276 278  0  5 1.00
277 278  0  5 1.00
277 279  0  5 1.00
277 280  0  5 1.00
277 281  0  5 1.00
278 279  0  5 1.00
278 280  0  5 1.00
278 281  0  5 1.00
278 282  0  5 1.00
279 280  0  5 1.00
279 281  0  5 1.00
279 282  0  5 1.00
279 283  0  5 1.00
280 281  0  5 1.00
280 282  0  5 1.00
280 283  0  5 1.00
280 284  0  5 1.00
281 282  0  5 1.00
281 283  0  5 1.00
281 284  0  5 1.00
281 285  0  5 1.00
282 283  0  5 1.00
282 284  0  5 1.00
282 285  0  5 1.00
282 286  0  5 1.00
283 284  0  5 1.00
283 285  0  5 1.00
283 286  0  5 1.00
283 287  0  5 1.00
283 288  0  5 1.00
284 285  0  5 1.00
284 286  0  5 1.00
284 287  0  5 1.00
284 288  0  5 1.00
284 289  0  5 1.00
285 286  0  5 1.00
285 287  0  5 1.00
285 288  0  5 1.00
285 289  0  5 1.00
286 287  0  5 1.00
286 288  0  5 1.00
286 289  0  5 1.00
287 288  0  5 1.00
287 289  0  5 1.00
288 289  0  5 1.00
288 290  0  5 1.00
288 291  0  5 1.00
289 290  0  5 1.00
289 291  0  5 1.00
290 291  0  5 1.00
290 292  0  5 1.00
290 293  0  5 1.00
290 294  0  5 1.00
290 295  0  5 1.00
291 292  0  5 1.00
291 293  0  5 1.00
291 294  0  5 1.00
291 295  0  5 1.00
292 293  0  5 1.00
292 294  0  5 1.00
292 295  0  5 1.00
292 296  0  5 1.00
293 294  0  5 1.00
293 295  0  5 1.00
293 296  0  5 1.00
293 297  0  5 1.00
293 298  0  5 1.00
294 295  0  5 1.00
294 296  0  5 1.00
294 297  0  5 1.00
294 298  0  5 1.00
294 299  0  5 1.00
295 296  0  5 1.00
295 297  0  5 1.00
295 298  0  5 1.00
295 299  0  5 1.00
296 297  0  5 1.00
296 298  0  5 1.00
296 299  0  5 1.00
296 300  0  5 1.00
297 298  0  5 1.00
297 299  0  5 1.00
297 300  0  5 1.00
297 301  0  5 1.00
297 302  0  5 1.00
298 299  0  5 1.00
298 300  0  5 1.00
298 301  0  5 1.00
298 302  0  5 1.00
299 300  0  5 1.00
299 301  0  5 1.00
299 302  0  5 1.00
299 303  0  5 1.00
299 304  0  5 1.00
299 305  0  5 1.00
300 301  0  5 1.00
300 302  0  5 1.00
300 303  0  5 1.00
300 304  0  5 1.00
300 305  0  5 1.00
300 350  0  5 1.00
301 302  0  5 1.00
301 303  0  5 1.00
302 303  0  5 1.00
302 304  0  5 1.00
303 304  0  5 1.00
303 305  0  5 1.00
304 305  0  5 1.00
304 306  0  5 1.00
305 306  0  5 1.00
305 307  0  5 1.00
305 349  0  5 1.00
305 350  0  5 1.00
306 307  0  5 1.00
306 308  0  5 1.00
306 347  0  5 1.00
306 348  0  5 1.00
306 349  0  5 1.00
307 308  0  5 1.00
307 309  0  5 1.00
307 347  0  5 1.00
307 348  0  5 1.00
308 309  0  5 1.00
308 310  0  5 1.00
308 345  0  5 1.00
308 346  0  5 1.00
308 347  0  5 1.00
309 310  0  5 1.00
309 311  0  5 1.00
309 345  0  5 1.00
309 346  0  5 1.00
309 347  0  5 1.00
310 311  0  5 1.00
310 312  0  5 1.00
310 342  0  5 1.00
310 343  0  5 1.00
310 344  0  5 1.00
310 345  0  5 1.00
310 346  0  5 1.00
311 312  0  5 1.00
311 313  0  5 1.00
311 342  0  5 1.00
311 343  0  5 1.00
311 344  0  5 1.00
312 313  0  5 1.00
312 314  0  5 1.00
312 340  0  5 1.00
312 341  0  5 1.00
312 342  0  5 1.00
312 343  0  5 1.00
313 314  0  5 1.00
313 315  0  5 1.00
313 340  0  5 1.00
314 315  0  5 1.00
314 316  0  5 1.00
315 316  0  5 1.00
315 317  0  5 1.00
316 317  0  5 1.00
316 318  0  5 1.00
316 319  0  5 1.00
316 320  0  5 1.00
317 318  0  5 1.00
317 319  0  5 1.00
317 320  0  5 1.00
318 319  0  5 1.00
318 320  0  5 1.00
319 320  0  5 1.00
319 321  0  5 1.00
319 322  0  5 1.00
319 323  0  5 1.00
320 321  0  5 1.00
320 322  0  5 1.00
320 325  0  5 1.00
320 326  0  5 1.00
320 327  0  5 1.00
321 322  0  5 1.00
321 323  0  5 1.00
321 324  0  5 1.00
321 325  0  5 1.00
321 326  0  5 1.00
322 323  0  5 1.00
322 324  0  5 1.00
322 325  0  5 1.00
323 324  0  5 1.00
323 325  0  5 1.00
324 325  0  5 1.00
324 326  0  5 1.00
325 326  0  5 1.00
325 327  0  5 1.00
325 474  0  5 1.00
326 327  0  5 1.00
326 328  0  5 1.00
326 329  0  5 1.00
326 474  0  5 1.00
327 328  0  5 1.00
327 329  0  5 1.00
328 329  0  5 1.00
328 330  0  5 1.00
328 379  0  5 1.00
328 380  0  5 1.00
329 330  0  5 1.00
329 331  0  5 1.00
329 332  0  5 1.00
330 331  0  5 1.00
330 332  0  5 1.00
331 332  0  5 1.00
331 333  0  5 1.00
332 333  0  5 1.00
332 334  0  5 1.00
333 334  0  5 1.00
333 335  0  5 1.00
334 335  0  5 1.00
334 336  0  5 1.00
335 336  0  5 1.00
335 337  0  5 1.00
335 338  0  5 1.00
335 339  0  5 1.00
336 337  0  5 1.00
336 338  0  5 1.00
336 339  0  5 1.00
336 340  0  5 1.00
337 338  0  5 1.00
337 339  0  5 1.00
338 339  0  5 1.00
338 340  0  5 1.00
339 340  0  5 1.00
339 341  0  5 1.00
340 341  0  5 1.00
340 342  0  5 1.00
341 342  0  5 1.00
341 343  0  5 1.00
342 343  0  5 1.00
342 344  0  5 1.00
343 344  0  5 1.00
343 345  0  5 1.00
344 345  0  5 1.00
344 346  0  5 1.00
345 346  0  5 1.00
345 347  0  5 1.00
346 347  0  5 1.00
346 348  0  5 1.00
347 348  0  5 1.00
347 349  0  5 1.00
348 349  0  5 1.00
348 350  0  5 1.00
349 350  0  5 1.00
349 351  0  5 1.00
350 351  0  5 1.00
350 352  0  5 1.00
351 352  0  5 1.00
351 353  0  5 1.00
352 353  0  5 1.00
352 354  0  5 1.00
353 354  0  5 1.00
353 355  0  5 1.00
354 355  0  5 1.00
354 356  0  5 1.00
355 356  0  5 1.00
355 357  0  5 1.00
355 358  0  5 1.00
355 359  0  5 1.00
355 360  0  5 1.00
356 357  0  5 1.00
356 358  0  5 1.00
356 359  0  5 1.00
356 360  0  5 1.00
356 361  0  5 1.00
356 362  0  5 1.00
357 358  0  5 1.00
357 359  0  5 1.00
357 360  0  5 1.00
357 361  0  5 1.00
357 362  0  5 1.00
358 359  0  5 1.00
358 360  0  5 1.00
358 362  0  5 1.00
358 407  0  5 1.00
359 360  0  5 1.00
359 361  0  5 1.00
359 362  0  5 1.00
359 363  0  5 1.00
360 361  0  5 1.00
360 362  0  5 1.00
360 363  0  5 1.00
361 362  0  5 1.00
361 363  0  5 1.00
362 363  0  5 1.00
362 364  0  5 1.00
363 364  0  5 1.00
363 365  0  5 1.00
364 365  0  5 1.00
364 366  0  5 1.00
365 366  0  5 1.00
365 367  0  5 1.00
365 389  0  5 1.00
366 367  0  5 1.00
366 368  0  5 1.00
366 369  0  5 1.00
367 368  0  5 1.00
367 369  0  5 1.00
367 370  0  5 1.00
368 369  0  5 1.00
368 370  0  5 1.00
368 386  0  5 1.00
369 370  0  5 1.00
369 371  0  5 1.00
370 371  0  5 1.00
370 372  0  5 1.00
371 372  0  5 1.00
371 373  0  5 1.00
371 374  0  5 1.00
372 373  0  5 1.00
372 374  0  5 1.00
372 454  0  5 1.00
372 455  0  5 1.00
373 374  0  5 1.00
373 375  0  5 1.00
374 375  0  5 1.00
374 376  0  5 1.00
375 376  0  5 1.00
375 377  0  5 1.00
376 377  0  5 1.00
376 378  0  5 1.00
377 378  0  5 1.00
377 379  0  5 1.00
378 379  0  5 1.00
378 380  0  5 1.00
379 380  0  5 1.00
379 381  0  5 1.00
379 382  0  5 1.00
379 383  0  5 1.00
380 381  0  5 1.00
380 382  0  5 1.00
380 383  0  5 1.00
380 384  0  5 1.00
381 382  0  5 1.00
381 383  0  5 1.00
381 384  0  5 1.00
381 385  0  5 1.00
382 383  0  5 1.00
382 384  0  5 1.00
382 385  0  5 1.00
382 386  0  5 1.00
383 384  0  5 1.00
383 385  0  5 1.00
383 386  0  5 1.00
383 387  0  5 1.00
384 385  0  5 1.00
384 386  0  5 1.00
384 387  0  5 1.00
384 388  0  5 1.00
385 386  0  5 1.00
385 387  0  5 1.00
385 388  0  5 1.00
385 389  0  5 1.00
385 390  0  5 1.00
386 387  0  5 1.00
386 388  0  5 1.00
386 389  0  5 1.00
386 390  0  5 1.00
387 388  0  5 1.00
387 389  0  5 1.00
387 390  0  5 1.00
387 391  0  5 1.00
388 389  0  5 1.00
388 390  0  5 1.00
388 391  0  5 1.00
388 392  0  5 1.00
389 390  0  5 1.00
389 391  0  5 1.00
389 392  0  5 1.00
389 393  0  5 1.00
390 391  0  5 1.00
390 392  0  5 1.00
390 393  0  5 1.00
390 394  0  5 1.00
391 392  0  5 1.00
391 393  0  5 1.00
391 394  0  5 1.00
391 395  0  5 1.00
392 393  0  5 1.00
392 394  0  5 1.00
392 395  0  5 1.00
392 396  0  5 1.00
393 394  0  5 1.00
393 395  0  5 1.00
393 396  0  5 1.00
393 397  0  5 1.00
393 398  0  5 1.00
393 399  0  5 1.00
394 395  0  5 1.00
394 396  0  5 1.00
394 397  0  5 1.00
394 398  0  5 1.00
394 399  0  5 1.00
395 396  0  5 1.00
395 397  0  5 1.00
395 398  0  5 1.00
396 397  0  5 1.00
396 398  0  5 1.00
397 398  0  5 1.00
397 399  0  5 1.00
398 399  0  5 1.00
398 400  0  5 1.00
399 400  0  5 1.00
399 401  0  5 1.00
399 402  0  5 1.00
399 422  0  5 1.00
400 401  0  5 1.00
400 402  0  5 1.00
400 422  0  5 1.00
401 402  0  5 1.00
401 403  0  5 1.00
401 404  0  5 1.00
401 405  0  5 1.00
401 422  0  5 1.00
402 403  0  5 1.00
402 404  0  5 1.00
402 405  0  5 1.00
402 408  0  5 1.00
403 404  0  5 1.00
403 405  0  5 1.00
403 408  0  5 1.00
403 409  0  5 1.00
404 405  0  5 1.00
404 406  0  5 1.00
405 406  0  5 1.00
405 407  0  5 1.00
405 408  0  5 1.00
405 409  0  5 1.00
406 407  0  5 1.00
406 408  0  5 1.00
406 409  0  5 1.00
407 408  0  5 1.00
407 409  0  5 1.00
408 409  0  5 1.00
408 410  0  5 1.00
409 410  0  5 1.00
409 411  0  5 1.00
410 411  0  5 1.00
410 412  0  5 1.00
410 413  0  5 1.00
411 412  0  5 1.00
411 413  0  5 1.00
412 413  0  5 1.00
412 414  0  5 1.00
413 414  0  5 1.00
413 415  0  5 1.00
414 415  0  5 1.00
414 416  0  5 1.00
415 416  0  5 1.00
415 417  0  5 1.00
416 417  0  5 1.00
416 418  0  5 1.00
417 418  0  5 1.00
417 419  0  5 1.00
417 433  0  5 1.00
418 419  0  5 1.00
418 420  0  5 1.00
419 420  0  5 1.00
419 421  0  5 1.00
420 421  0  5 1.00
420 422  0  5 1.00
420 424  0  5 1.00
421 422  0  5 1.00
421 423  0  5 1.00
421 424  0  5 1.00
422 423  0  5 1.00
422 424  0  5 1.00
423 424  0  5 1.00
423 425  0  5 1.00
424 425  0  5 1.00
424 426  0  5 1.00
425 426  0  5 1.00
425 427  0  5 1.00
426 427  0  5 1.00
426 428  0  5 1.00
427 428  0  5 1.00
427 429  0  5 1.00
428 429  0  5 1.00
428 430  0  5 1.00
429 430  0  5 1.00
429 431  0  5 1.00
430 431  0  5 1.00
430 432  0  5 1.00
430 433  0  5 1.00
431 432  0  5 1.00
431 433  0  5 1.00
432 433  0  5 1.00
432 434  0  5 1.00
432 443  0  5 1.00
433 434  0  5 1.00
433 435  0  5 1.00
434 435  0  5 1.00
434 436  0  5 1.00
434 437  0  5 1.00
435 436  0  5 1.00
435 437  0  5 1.00
436 437  0  5 1.00
436 438  0  5 1.00
437 438  0  5 1.00
437 439  0  5 1.00
437 440  0  5 1.00
437 441  0  5 1.00
437 442  0  5 1.00
438 439  0  5 1.00
438 440  0  5 1.00
438 441  0  5 1.00
438 442  0  5 1.00
439 440  0  5 1.00
439 441  0  5 1.00
440 441  0  5 1.00
440 442  0  5 1.00
440 443  0  5 1.00
441 442  0  5 1.00
441 443  0  5 1.00
442 443  0  5 1.00
442 444  0  5 1.00
442 445  0  5 1.00
442 446  0  5 1.00
443 444  0  5 1.00
443 445  0  5 1.00
444 445  0  5 1.00
444 446  0  5 1.00
445 446  0  5 1.00
445 447  0  5 1.00
446 447  0  5 1.00
446 448  0  5 1.00
446 451  0  5 1.00
447 448  0  5 1.00
447 449  0  5 1.00
447 451  0  5 1.00
447 452  0  5 1.00
447 454  0  5 1.00
447 455  0  5 1.00
448 449  0  5 1.00
448 450  0  5 1.00
448 451  0  5 1.00
448 452  0  5 1.00
448 453  0  5 1.00
448 454  0  5 1.00
448 455  0  5 1.00
449 450  0  5 1.00
449 451  0  5 1.00
449 454  0  5 1.00
449 455  0  5 1.00
450 451  0  5 1.00
450 452  0  5 1.00
451 452  0  5 1.00
451 453  0  5 1.00
451 454  0  5 1.00
452 453  0  5 1.00
452 454  0  5 1.00
453 454  0  5 1.00
453 455  0  5 1.00
454 455  0  5 1.00
454 456  0  5 1.00
455 456  0  5 1.00
455 457  0  5 1.00
456 457  0  5 1.00
456 458  0  5 1.00
457 458  0  5 1.00
457 459  0  5 1.00
458 459  0  5 1.00
458 460  0  5 1.00
458 461  0  5 1.00
459 460  0  5 1.00
459 461  0  5 1.00
460 461  0  5 1.00
460 462  0  5 1.00
461 462  0  5 1.00
461 463  0  5 1.00
462 463  0  5 1.00
462 464  0  5 1.00
463 464  0  5 1.00
463 465  0  5 1.00
464 465  0  5 1.00
464 466  0  5 1.00
465 466  0  5 1.00
465 467  0  5 1.00
466 467  0  5 1.00
466 468  0  5 1.00
467 468  0  5 1.00
467 469  0  5 1.00
468 469  0  5 1.00
468 470  0  5 1.00
469 470  0  5 1.00
469 471  0  5 1.00
470 471  0  5 1.00
470 472  0  5 1.00
471 472  0  5 1.00
471 473  0  5 1.00
472 473  0  5 1.00
472 474  0  5 1.00
472 475  0  5 1.00
472 476  0  5 1.00
473 474  0  5 1.00
473 475  0  5 1.00
473 476  0  5 1.00
474 475  0  5 1.00
474 476  0  5 1.00
474 477  0  5 1.00
475 476  0  5 1.00
475 477  0  5 1.00
476 477  0  5 1.00
476 478  0  5 1.00
477 478  0  5 1.00
477 479  0  5 1.00
478 479  0  5 1.00
478 480  0  5 1.00
479 480  0  5 1.00
479 481  0  5 1.00
479 482  0  5 1.00
479 483  0  5 1.00
479 524  0  5 1.00
480 481  0  5 1.00
480 482  0  5 1.00
480 483  0  5 1.00
480 484  0  5 1.00
480 547  0  5 1.00
481 482  0  5 1.00
481 483  0  5 1.00
481 484  0  5 1.00
481 485  0  5 1.00
481 486  0  5 1.00
482 483  0  5 1.00
482 484  0  5 1.00
482 485  0  5 1.00
482 486  0  5 1.00
483 484  0  5 1.00
483 485  0  5 1.00
483 486  0  5 1.00
483 487  0  5 1.00
483 524  0  5 1.00
483 551  0  5 1.00
484 485  0  5 1.00
484 486  0  5 1.00
484 487  0  5 1.00
484 488  0  5 1.00
484 551  0  5 1.00
484 552  0  5 1.00
484 553  0  5 1.00
485 486  0  5 1.00
485 487  0  5 1.00
485 488  0  5 1.00
485 489  0  5 1.00
486 487  0  5 1.00
486 488  0  5 1.00
486 489  0  5 1.00
487 488  0  5 1.00
487 489  0  5 1.00
487 551  0  5 1.00
488 489  0  5 1.00
488 490  0  5 1.00
488 552  0  5 1.00
488 553  0  5 1.00
488 557  0  5 1.00
489 490  0  5 1.00
489 491  0  5 1.00
489 494  0  5 1.00
490 491  0  5 1.00
490 492  0  5 1.00
490 493  0  5 1.00
490 494  0  5 1.00
490 495  0  5 1.00
491 492  0  5 1.00
491 493  0  5 1.00
491 494  0  5 1.00
491 495  0  5 1.00
492 493  0  5 1.00
492 494  0  5 1.00
492 495  0  5 1.00
492 496  0  5 1.00
493 494  0  5 1.00
493 495  0  5 1.00
493 496  0  5 1.00
493 497  0  5 1.00
494 495  0  5 1.00
494 496  0  5 1.00
494 497  0  5 1.00
494 498  0  5 1.00
494 499  0  5 1.00
495 496  0  5 1.00
495 497  0  5 1.00
495 498  0  5 1.00
495 499  0  5 1.00
495 500  0  5 1.00
496 497  0  5 1.00
496 498  0  5 1.00
496 499  0  5 1.00
496 500  0  5 1.00
497 498  0  5 1.00
497 499  0  5 1.00
497 500  0  5 1.00
497 501  0  5 1.00
497 502  0  5 1.00
498 499  0  5 1.00
498 500  0  5 1.00
498 501  0  5 1.00
498 502  0  5 1.00
498 503  0  5 1.00
499 500  0  5 1.00
499 501  0  5 1.00
499 502  0  5 1.00
499 503  0  5 1.00
500 501  0  5 1.00
500 502  0  5 1.00
500 503  0  5 1.00
500 504  0  5 1.00
500 505  0  5 1.00
501 502  0  5 1.00
501 503  0  5 1.00
501 504  0  5 1.00
501 505  0  5 1.00
501 506  0  5 1.00
502 503  0  5 1.00
502 504  0  5 1.00
502 505  0  5 1.00
502 506  0  5 1.00
503 504  0  5 1.00
503 505  0  5 1.00
503 506  0  5 1.00
503 507  0  5 1.00
504 505  0  5 1.00
504 506  0  5 1.00
504 507  0  5 1.00
504 508  0  5 1.00
505 506  0  5 1.00
505 507  0  5 1.00
505 508  0  5 1.00
506 507  0  5 1.00
506 508  0  5 1.00
507 508  0  5 1.00
507 509  0  5 1.00
508 509  0  5 1.00
508 510  0  5 1.00
509 510  0  5 1.00
509 511  0  5 1.00
510 511  0  5 1.00
510 512  0  5 1.00
510 513  0  5 1.00
510 514  0  5 1.00
511 512  0  5 1.00
511 513  0  5 1.00
511 514  0  5 1.00
511 515  0  5 1.00
512 513  0  5 1.00
512 514  0  5 1.00
512 515  0  5 1.00
512 516  0  5 1.00
512 517  0  5 1.00
513 514  0  5 1.00
513 515  0  5 1.00
513 516  0  5 1.00
513 517  0  5 1.00
513 518  0  5 1.00
514 515  0  5 1.00
514 516  0  5 1.00
514 517  0  5 1.00
514 518  0  5 1.00
515 516  0  5 1.00
515 517  0  5 1.00
515 518  0  5 1.00
515 519  0  5 1.00
516 517  0  5 1.00
516 518  0  5 1.00
516 519  0  5 1.00
516 520  0  5 1.00
517 518  0  5 1.00
517 519  0  5 1.00
517 520  0  5 1.00
517 521  0  5 1.00
517 522  0  5 1.00
518 519  0  5 1.00
518 520  0  5 1.00
518 521  0  5 1.00
518 522  0  5 1.00
519 520  0  5 1.00
519 521  0  5 1.00
519 522  0  5 1.00
519 523  0  5 1.00
520 521  0  5 1.00
520 522  0  5 1.00
520 523  0  5 1.00
520 524  0  5 1.00
521 522  0  5 1.00
521 523  0  5 1.00
521 524  0  5 1.00
521 525  0  5 1.00
521 526  0  5 1.00
521 529  0  5 1.00
522 523  0  5 1.00
522 524  0  5 1.00
522 525  0  5 1.00
522 526  0  5 1.00
522 529  0  5 1.00
522 544  0  5 1.00
523 524  0  5 1.00
523 525  0  5 1.00
523 544  0  5 1.00
523 547  0  5 1.00
523 548  0  5 1.00
524 525  0  5 1.00
524 526  0  5 1.00
524 547  0  5 1.00
524 548  0  5 1.00
525 526  0  5 1.00
525 527  0  5 1.00
525 528  0  5 1.00
525 529  0  5 1.00
526 527  0  5 1.00
526 528  0  5 1.00
526 529  0  5 1.00
526 530  0  5 1.00
527 528  0  5 1.00
527 529  0  5 1.00
527 530  0  5 1.00
527 531  0  5 1.00
527 532  0  5 1.00
528 529  0  5 1.00
528 530  0  5 1.00
528 531  0  5 1.00
528 532  0  5 1.00
528 533  0  5 1.00
529 530  0  5 1.00
529 531  0  5 1.00
529 532  0  5 1.00
529 533  0  5 1.00
530 531  0  5 1.00
530 532  0  5 1.00
530 533  0  5 1.00
530 534  0  5 1.00
530 540  0  5 1.00
531 532  0  5 1.00
531 533  0  5 1.00
531 534  0  5 1.00
531 535  0  5 1.00
532 533  0  5 1.00
532 534  0  5 1.00
532 535  0  5 1.00
532 536  0  5 1.00
533 534  0  5 1.00
533 535  0  5 1.00
533 536  0  5 1.00
533 537  0  5 1.00
533 538  0  5 1.00
534 535  0  5 1.00
534 536  0  5 1.00
534 537  0  5 1.00
534 538  0  5 1.00
535 536  0  5 1.00
535 537  0  5 1.00
536 537  0  5 1.00
536 538  0  5 1.00
537 538  0  5 1.00
537 539  0  5 1.00
538 539  0  5 1.00
538 540  0  5 1.00
539 540  0  5 1.00
540 542  0  5 1.00
542 543  0  5 1.00
542 544  0  5 1.00
543 544  0  5 1.00
543 545  0  5 1.00
544 545  0  5 1.00
544 546  0  5 1.00
544 547  0  5 1.00
545 546  0  5 1.00
545 547  0  5 1.00
545 548  0  5 1.00
546 547  0  5 1.00
546 548  0  5 1.00
547 548  0  5 1.00
547 549  0  5 1.00
548 549  0  5 1.00
548 550  0  5 1.00
549 550  0  5 1.00
549 551  0  5 1.00
550 551  0  5 1.00
550 552  0  5 1.00
551 552  0  5 1.00
551 553  0  5 1.00
552 553  0  5 1.00
552 554  0  5 1.00
553 554  0  5 1.00
553 555  0  5 1.00
553 556  0  5 1.00
554 555  0  5 1.00
554 556  0  5 1.00
555 556  0  5 1.00
555 557  0  5 1.00
556 557  0  5 1.00
556 558  0  5 1.00
557 558  0  5 1.00
557 559  0  5 1.00
557 560  0  5 1.00
558 559  0  5 1.00
558 560  0  5 1.00
558 561  0  5 1.00
559 560  0  5 1.00
559 561  0  5 1.00
560 561  0  5 1.00
560 562  0  5 1.00
561 562  0  5 1.00
561 563  0  5 1.00
562 563  0  5 1.00
562 564  0  5 1.00
562 703  0  5 1.00
562 704  0  5 1.00
563 564  0  5 1.00
563 565  0  5 1.00
563 703  0  5 1.00
564 565  0  5 1.00
564 566  0  5 1.00
565 566  0  5 1.00
565 567  0  5 1.00
566 567  0  5 1.00
566 568  0  5 1.00
566 569  0  5 1.00
566 596  0  5 1.00
566 597  0  5 1.00
567 568  0  5 1.00
567 569  0  5 1.00
567 595  0  5 1.00
567 596  0  5 1.00
568 569  0  5 1.00
568 570  0  5 1.00
568 596  0  5 1.00
568 597  0  5 1.00
568 598  0  5 1.00
569 570  0  5 1.00
569 571  0  5 1.00
569 596  0  5 1.00
569 597  0  5 1.00
569 598  0  5 1.00
570 571  0  5 1.00
570 572  0  5 1.00
570 598  0  5 1.00
570 622  0  5 1.00
570 623  0  5 1.00
570 624  0  5 1.00
571 572  0  5 1.00
571 573  0  5 1.00
571 598  0  5 1.00
571 599  0  5 1.00
571 600  0  5 1.00
571 623  0  5 1.00
571 624  0  5 1.00
572 573  0  5 1.00
572 574  0  5 1.00
572 600  0  5 1.00
572 624  0  5 1.00
572 625  0  5 1.00
572 626  0  5 1.00
573 574  0  5 1.00
573 575  0  5 1.00
573 600  0  5 1.00
573 601  0  5 1.00
573 602  0  5 1.00
573 626  0  5 1.00
574 575  0  5 1.00
574 576  0  5 1.00
574 602  0  5 1.00
574 626  0  5 1.00
574 627  0  5 1.00
574 628  0  5 1.00
575 576  0  5 1.00
575 577  0  5 1.00
575 602  0  5 1.00
575 603  0  5 1.00
575 628  0  5 1.00
575 631  0  5 1.00
576 577  0  5 1.00
576 578  0  5 1.00
576 581  0  5 1.00
576 582  0  5 1.00
576 602  0  5 1.00
576 603  0  5 1.00
576 631  0  5 1.00
577 578  0  5 1.00
577 579  0  5 1.00
577 604  0  5 1.00
578 579  0  5 1.00
578 580  0  5 1.00
578 581  0  5 1.00
579 580  0  5 1.00
579 581  0  5 1.00
579 582  0  5 1.00
580 581  0  5 1.00
580 582  0  5 1.00
580 583  0  5 1.00
580 584  0  5 1.00
580 629  0  5 1.00
581 582  0  5 1.00
581 583  0  5 1.00
581 584  0  5 1.00
581 585  0  5 1.00
581 629  0  5 1.00
582 583  0  5 1.00
582 584  0  5 1.00
582 585  0  5 1.00
582 586  0  5 1.00
583 584  0  5 1.00
583 585  0  5 1.00
583 586  0  5 1.00
583 587  0  5 1.00
584 585  0  5 1.00
584 586  0  5 1.00
584 587  0  5 1.00
584 588  0  5 1.00
585 586  0  5 1.00
585 587  0  5 1.00
585 588  0  5 1.00
585 589  0  5 1.00
585 590  0  5 1.00
586 587  0  5 1.00
586 588  0  5 1.00
586 589  0  5 1.00
586 590  0  5 1.00
587 588  0  5 1.00
587 589  0  5 1.00
587 590  0  5 1.00
587 591  0  5 1.00
588 589  0  5 1.00
588 590  0  5 1.00
588 591  0  5 1.00
588 592  0  5 1.00
589 590  0  5 1.00
589 591  0  5 1.00
589 592  0  5 1.00
589 593  0  5 1.00
589 594  0  5 1.00
590 591  0  5 1.00
590 592  0  5 1.00
590 593  0  5 1.00
590 594  0  5 1.00
591 592  0  5 1.00
591 593  0  5 1.00
591 594  0  5 1.00
591 595  0  5 1.00
592 593  0  5 1.00
592 594  0  5 1.00
592 595  0  5 1.00
592 596  0  5 1.00
592 597  0  5 1.00
593 594  0  5 1.00
593 595  0  5 1.00
593 596  0  5 1.00
593 597  0  5 1.00
594 595  0  5 1.00
594 596  0  5 1.00
595 596  0  5 1.00
595 597  0  5 1.00
596 597  0  5 1.00
596 598  0  5 1.00
597 598  0  5 1.00
597 599  0  5 1.00
598 599  0  5 1.00
598 600  0  5 1.00
599 600  0  5 1.00
599 601  0  5 1.00
600 601  0  5 1.00
600 602  0  5 1.00
601 602  0  5 1.00
601 603  0  5 1.00
601 609  0  5 1.00
601 610  0  5 1.00
601 611  0  5 1.00
601 612  0  5 1.00
602 603  0  5 1.00
602 604  0  5 1.00
602 612  0  5 1.00
603 604  0  5 1.00
603 605  0  5 1.00
603 612  0  5 1.00
603 613  0  5 1.00
603 614  0  5 1.00
604 605  0  5 1.00
604 606  0  5 1.00
604 613  0  5 1.00
604 614  0  5 1.00
604 644  0  5 1.00
605 606  0  5 1.00
605 607  0  5 1.00
606 607  0  5 1.00
606 608  0  5 1.00
606 610  0  5 1.00
607 608  0  5 1.00
607 609  0  5 1.00
607 610  0  5 1.00
608 609  0  5 1.00
608 610  0  5 1.00
609 610  0  5 1.00
609 611  0  5 1.00
610 611  0  5 1.00
610 612  0  5 1.00
611 612  0  5 1.00
611 613  0  5 1.00
612 613  0  5 1.00
612 614  0  5 1.00
613 614  0  5 1.00
613 615  0  5 1.00
613 616  0  5 1.00
613 617  0  5 1.00
614 615  0  5 1.00
614 616  0  5 1.00
614 617  0  5 1.00
615 616  0  5 1.00
615 617  0  5 1.00
615 644  0  5 1.00
615 645  0  5 1.00
616 617  0  5 1.00
616 618  0  5 1.00
617 618  0  5 1.00
617 619  0  5 1.00
618 619  0  5 1.00
618 620  0  5 1.00
618 621  0  5 1.00
618 622  0  5 1.00
619 620  0  5 1.00
619 621  0  5 1.00
619 622  0  5 1.00
619 653  0  5 1.00
620 621  0  5 1.00
620 622  0  5 1.00
621 622  0  5 1.00
621 623  0  5 1.00
622 623  0  5 1.00
622 624  0  5 1.00
623 624  0  5 1.00
623 625  0  5 1.00
623 662  0  5 1.00
623 663  0  5 1.00
623 705  0  5 1.00
624 625  0  5 1.00
624 626  0  5 1.00
624 663  0  5 1.00
625 626  0  5 1.00
625 627  0  5 1.00
625 663  0  5 1.00
625 664  0  5 1.00
625 665  0  5 1.00
626 627  0  5 1.00
626 628  0  5 1.00
626 665  0  5 1.00
627 628  0  5 1.00
627 629  0  5 1.00
627 665  0  5 1.00
627 666  0  5 1.00
627 667  0  5 1.00
628 629  0  5 1.00
628 630  0  5 1.00
628 631  0  5 1.00
628 632  0  5 1.00
628 667  0  5 1.00
628 670  0  5 1.00
629 630  0  5 1.00
629 631  0  5 1.00
629 667  0  5 1.00
629 669  0  5 1.00
629 670  0  5 1.00
630 631  0  5 1.00
630 632  0  5 1.00
630 633  0  5 1.00
630 670  0  5 1.00
631 632  0  5 1.00
631 633  0  5 1.00
631 634  0  5 1.00
631 635  0  5 1.00
632 633  0  5 1.00
632 634  0  5 1.00
632 635  0  5 1.00
632 636  0  5 1.00
632 670  0  5 1.00
632 673  0  5 1.00
633 634  0  5 1.00
633 635  0  5 1.00
633 636  0  5 1.00
633 638  0  5 1.00
633 639  0  5 1.00
633 640  0  5 1.00
634 635  0  5 1.00
634 636  0  5 1.00
634 639  0  5 1.00
634 640  0  5 1.00
634 650  0  5 1.00
634 651  0  5 1.00
635 636  0  5 1.00
635 637  0  5 1.00
635 640  0  5 1.00
636 637  0  5 1.00
636 638  0  5 1.00
636 639  0  5 1.00
636 640  0  5 1.00
637 638  0  5 1.00
637 639  0  5 1.00
637 640  0  5 1.00
637 641  0  5 1.00
638 639  0  5 1.00
638 640  0  5 1.00
638 641  0  5 1.00
638 642  0  5 1.00
639 640  0  5 1.00
639 641  0  5 1.00
640 641  0  5 1.00
640 642  0  5 1.00
640 647  0  5 1.00
640 648  0  5 1.00
641 642  0  5 1.00
641 643  0  5 1.00
642 643  0  5 1.00
642 644  0  5 1.00
642 645  0  5 1.00
643 644  0  5 1.00
643 645  0  5 1.00
644 645  0  5 1.00
644 646  0  5 1.00
645 646  0  5 1.00
645 647  0  5 1.00
646 647  0  5 1.00
646 648  0  5 1.00
646 649  0  5 1.00
647 648  0  5 1.00
647 649  0  5 1.00
648 649  0  5 1.00
648 650  0  5 1.00
648 651  0  5 1.00
648 652  0  5 1.00
649 650  0  5 1.00
649 651  0  5 1.00
649 652  0  5 1.00
649 653  0  5 1.00
650 651  0  5 1.00
650 652  0  5 1.00
650 653  0  5 1.00
650 654  0  5 1.00
651 652  0  5 1.00
651 653  0  5 1.00
651 654  0  5 1.00
651 655  0  5 1.00
651 656  0  5 1.00
652 653  0  5 1.00
652 654  0  5 1.00
652 655  0  5 1.00
652 656  0  5 1.00
652 657  0  5 1.00
653 654  0  5 1.00
653 655  0  5 1.00
653 656  0  5 1.00
653 657  0  5 1.00
654 655  0  5 1.00
654 656  0  5 1.00
654 657  0  5 1.00
654 658  0  5 1.00
655 656  0  5 1.00
655 657  0  5 1.00
655 658  0  5 1.00
655 659  0  5 1.00
655 660  0  5 1.00
656 657  0  5 1.00
656 658  0  5 1.00
656 659  0  5 1.00
656 660  0  5 1.00
656 661  0  5 1.00
657 658  0  5 1.00
657 659  0  5 1.00
657 660  0  5 1.00
657 661  0  5 1.00
657 662  0  5 1.00
658 659  0  5 1.00
658 660  0  5 1.00
658 661  0  5 1.00
658 662  0  5 1.00
659 660  0  5 1.00
659 661  0  5 1.00
659 710  0  5 1.00
660 661  0  5 1.00
660 662  0  5 1.00
661 662  0  5 1.00
661 663  0  5 1.00
661 705  0  5 1.00
661 706  0  5 1.00
661 707  0  5 1.00
662 663  0  5 1.00
662 664  0  5 1.00
662 685  0  5 1.00
662 705  0  5 1.00
662 707  0  5 1.00
663 664  0  5 1.00
663 665  0  5 1.00
663 685  0  5 1.00
663 705  0  5 1.00
664 665  0  5 1.00
664 666  0  5 1.00
664 685  0  5 1.00
664 686  0  5 1.00
664 687  0  5 1.00
665 666  0  5 1.00
665 667  0  5 1.00
665 687  0  5 1.00
666 667  0  5 1.00
666 668  0  5 1.00
666 670  0  5 1.00
666 671  0  5 1.00
666 687  0  5 1.00
666 688  0  5 1.00
666 689  0  5 1.00
667 668  0  5 1.00
667 669  0  5 1.00
667 670  0  5 1.00
667 671  0  5 1.00
667 689  0  5 1.00
668 669  0  5 1.00
668 670  0  5 1.00
668 671  0  5 1.00
668 689  0  5 1.00
668 690  0  5 1.00
669 670  0  5 1.00
669 671  0  5 1.00
669 672  0  5 1.00
669 673  0  5 1.00
670 671  0  5 1.00
670 672  0  5 1.00
670 673  0  5 1.00
670 674  0  5 1.00
671 672  0  5 1.00
671 673  0  5 1.00
671 674  0  5 1.00
671 675  0  5 1.00
672 673  0  5 1.00
672 674  0  5 1.00
672 675  0  5 1.00
672 676  0  5 1.00
673 674  0  5 1.00
673 675  0  5 1.00
673 676  0  5 1.00
673 677  0  5 1.00
674 675  0  5 1.00
674 676  0  5 1.00
674 677  0  5 1.00
674 678  0  5 1.00
674 679  0  5 1.00
675 676  0  5 1.00
675 677  0  5 1.00
675 678  0  5 1.00
675 679  0  5 1.00
676 677  0  5 1.00
676 678  0  5 1.00
677 678  0  5 1.00
677 679  0  5 1.00
678 679  0  5 1.00
678 680  0  5 1.00
679 680  0  5 1.00
679 681  0  5 1.00
680 681  0  5 1.00
680 682  0  5 1.00
680 683  0  5 1.00
681 682  0  5 1.00
681 683  0  5 1.00
681 686  0  5 1.00
681 687  0  5 1.00
681 688  0  5 1.00
682 683  0  5 1.00
682 684  0  5 1.00
682 686  0  5 1.00
683 684  0  5 1.00
683 685  0  5 1.00
683 686  0  5 1.00
684 685  0  5 1.00
684 686  0  5 1.00
685 686  0  5 1.00
685 687  0  5 1.00
686 687  0  5 1.00
686 688  0  5 1.00
687 688  0  5 1.00
687 689  0  5 1.00
688 689  0  5 1.00
688 690  0  5 1.00
689 690  0  5 1.00
689 691  0  5 1.00
690 691  0  5 1.00
690 692  0  5 1.00
690 693  0  5 1.00
690 694  0  5 1.00
690 695  0  5 1.00
691 692  0  5 1.00
691 693  0  5 1.00
691 694  0  5 1.00
691 695  0  5 1.00
691 696  0  5 1.00
692 693  0  5 1.00
692 694  0  5 1.00
692 695  0  5 1.00
692 696  0  5 1.00
693 694  0  5 1.00
693 695  0  5 1.00
693 696  0  5 1.00
693 697  0  5 1.00
693 698  0  5 1.00
694 695  0  5 1.00
694 696  0  5 1.00
694 697  0  5 1.00
694 698  0  5 1.00
694 699  0  5 1.00
695 696  0  5 1.00
695 697  0  5 1.00
695 698  0  5 1.00
695 699  0  5 1.00
696 697  0  5 1.00
696 698  0  5 1.00
696 699  0  5 1.00
696 700  0  5 1.00
697 698  0  5 1.00
697 699  0  5 1.00
697 700  0  5 1.00
697 701  0  5 1.00
698 699  0  5 1.00
698 700  0  5 1.00
698 701  0  5 1.00
698 702  0  5 1.00
699 700  0  5 1.00
699 701  0  5 1.00
699 702  0  5 1.00
699 703  0  5 1.00
700 701  0  5 1.00
700 702  0  5 1.00
700 703  0  5 1.00
700 704  0  5 1.00
701 702  0  5 1.00
701 703  0  5 1.00
701 704  0  5 1.00
701 705  0  5 1.00
702 703  0  5 1.00
702 704  0  5 1.00
702 705  0  5 1.00
703 704  0  5 1.00
703 705  0  5 1.00
704 705  0  5 1.00
704 706  0  5 1.00
705 706  0  5 1.00
705 707  0  5 1.00
706 707  0  5 1.00
706 708  0  5 1.00
707 708  0  5 1.00
707 709  0  5 1.00
707 710  0  5 1.00
708 709  0  5 1.00
708 710  0  5 1.00
708 711  0  5 1.00
709 710  0  5 1.00
709 711  0  5 1.00
710 711  0  5 1.00
710 712  0  5 1.00
711 712  0  5 1.00
711 713  0  5 1.00
712 713  0  5 1.00
712 714  0  5 1.00
713 714  0  5 1.00
713 715  0  5 1.00
713 716  0  5 1.00
713 717  0  5 1.00
714 715  0  5 1.00
714 716  0  5 1.00
715 716  0  5 1.00
715 717  0  5 1.00
715 718  0  5 1.00
716 717  0  5 1.00
716 718  0  5 1.00
717 718  0  5 1.00
717 719  0  5 1.00
718 719  0  5 1.00
END
HELX_P HELX_P1   AA1 ARG A 40  ? GLU A 45  ? ARG A 40  GLU A 45  5 ? 6  
HELX_P HELX_P2   AA2 ASP A 81  ? HIS A 93  ? ASP A 81  HIS A 93  1 ? 13 
HELX_P HELX_P3   AA3 ALA A 124 ? GLY A 128 ? ALA A 124 GLY A 128 5 ? 5  
HELX_P HELX_P4   AA4 ASP A 184 ? ILE A 186 ? ASP A 184 ILE A 186 5 ? 3  
HELX_P HELX_P5   AA5 ARG A 187 ? LYS A 196 ? ARG A 187 LYS A 196 1 ? 10 
HELX_P HELX_P6   AA6 HIS A 210 ? GLN A 220 ? HIS A 210 GLN A 220 1 ? 11 
HELX_P HELX_P7   AA7 ALA A 223 ? MET A 231 ? ALA A 223 MET A 231 1 ? 9  
HELX_P HELX_P8   AA8 SER A 232 ? ILE A 236 ? SER A 232 ILE A 236 5 ? 5  
HELX_P HELX_P9   AA9 SER A 239 ? MET A 243 ? SER A 239 MET A 243 5 ? 5  
HELX_P HELX_P10  AB1 VAL A 277 ? ASN A 288 ? VAL A 277 ASN A 288 1 ? 12 
HELX_P HELX_P11  AB2 ASP A 290 ? SER A 302 ? ASP A 290 SER A 302 1 ? 13 
HELX_P HELX_P12  AB3 ASP A 316 ? ALA A 320 ? ASP A 316 ALA A 320 5 ? 5  
HELX_P HELX_P13  AB4 ASN A 355 ? THR A 360 ? ASN A 355 THR A 360 1 ? 6  
HELX_P HELX_P14  AB5 ASP A 379 ? ARG A 398 ? ASP A 379 ARG A 398 1 ? 20 
HELX_P HELX_P15  AB6 ASN A 401 ? LEU A 405 ? ASN A 401 LEU A 405 5 ? 5  
HELX_P HELX_P16  AB7 SER A 472 ? ASP A 476 ? SER A 472 ASP A 476 5 ? 5  
HELX_P HELX_P17  AB8 TYR A 479 ? SER A 488 ? TYR A 479 SER A 488 1 ? 10 
HELX_P HELX_P18  AB9 THR A 490 ? SER A 506 ? THR A 490 SER A 506 1 ? 17 
HELX_P HELX_P19  AC1 ASN A 510 ? SER A 525 ? ASN A 510 SER A 525 1 ? 16 
HELX_P HELX_P20  AC2 SER A 525 ? GLY A 537 ? SER A 525 GLY A 537 1 ? 13 
HELX_P HELX_P21  AC3 ASP A 544 ? TYR A 548 ? ASP A 544 TYR A 548 5 ? 5  
HELX_P HELX_P22  AC4 GLY A 580 ? ASP A 595 ? GLY A 580 ASP A 595 1 ? 16 
HELX_P HELX_P23  AC5 ASP A 618 ? PHE A 622 ? ASP A 618 PHE A 622 5 ? 5  
HELX_P HELX_P24  AC6 GLY A 630 ? SER A 636 ? GLY A 630 SER A 636 5 ? 7  
HELX_P HELX_P25  AC7 GLY A 648 ? TRP A 660 ? GLY A 648 TRP A 660 1 ? 13 
HELX_P HELX_P26  AC8 ALA A 670 ? ILE A 677 ? ALA A 670 ILE A 677 1 ? 8  
HELX_P HELX_P27  AC9 ALA A 690 ? PHE A 705 ? ALA A 690 PHE A 705 1 ? 16 
HELX_P HELX_P28  AD1 PHE A 707 ? PHE A 711 ? PHE A 707 PHE A 711 5 ? 5  
