6qkl 398
  2   3  0  5 1.00
  2   4  0  5 1.00
  3   4  0  5 1.00
  3   5  0  5 1.00
  4   5  0  5 1.00
  4   6  0  5 1.00
  5   6  0  5 1.00
  5   7  0  5 1.00
  6   7  0  5 1.00
  6   8  0  5 1.00
  7   8  0  5 1.00
  7   9  0  5 1.00
  8   9  0  5 1.00
  8  10  0  5 1.00
  9  10  0  5 1.00
  9  11  0  5 1.00
 10  11  0  5 1.00
 10  12  0  5 1.00
 11  12  0  5 1.00
 11  13  0  5 1.00
 11 236  0  5 1.00
 12  13  0  5 1.00
 12  14  0  5 1.00
 12 236  0  5 1.00
 13  14  0  5 1.00
 13  15  0  5 1.00
 13  16  0  5 1.00
 13  17  0  5 1.00
 14  15  0  5 1.00
 14  16  0  5 1.00
 14  17  0  5 1.00
 15  16  0  5 1.00
 15  17  0  5 1.00
 16  17  0  5 1.00
 16  18  0  5 1.00
 16  19  0  5 1.00
 17  18  0  5 1.00
 17  19  0  5 1.00
 18  19  0  5 1.00
 18  20  0  5 1.00
 19  20  0  5 1.00
 19  21  0  5 1.00
 19 272  0  5 1.00
 20  21  0  5 1.00
 20  22  0  5 1.00
 20 274  0  5 1.00
 20 275  0  5 1.00
 20 276  0  5 1.00
 21  22  0  5 1.00
 21  23  0  5 1.00
 21 274  0  5 1.00
 21 275  0  5 1.00
 22  23  0  5 1.00
 22  24  0  5 1.00
 22  25  0  5 1.00
 22 275  0  5 1.00
 22 276  0  5 1.00
 22 277  0  5 1.00
 23  24  0  5 1.00
 23  25  0  5 1.00
 24  25  0  5 1.00
 24  26  0  5 1.00
 24  27  0  5 1.00
 25  26  0  5 1.00
 25  27  0  5 1.00
 26  27  0  5 1.00
 26  28  0  5 1.00
 26 221  0  5 1.00
 26 222  0  5 1.00
 26 343  0  5 1.00
 26 344  0  5 1.00
 26 345  0  5 1.00
 27  28  0  5 1.00
 27  29  0  5 1.00
 27 221  0  5 1.00
 27 222  0  5 1.00
 27 343  0  5 1.00
 27 345  0  5 1.00
 28  29  0  5 1.00
 28  30  0  5 1.00
 29  30  0  5 1.00
 29  31  0  5 1.00
 30  31  0  5 1.00
 30  32  0  5 1.00
 31  32  0  5 1.00
 31  33  0  5 1.00
 32  33  0  5 1.00
 32  34  0  5 1.00
 33  34  0  5 1.00
 33  35  0  5 1.00
 33 349  0  5 1.00
 33 350  0  5 1.00
 34  35  0  5 1.00
 34  36  0  5 1.00
 34 350  0  5 1.00
 35  36  0  5 1.00
 35  37  0  5 1.00
 36  37  0  5 1.00
 36  38  0  5 1.00
 36  39  0  5 1.00
 36 187  0  5 1.00
 36 188  0  5 1.00
 36 189  0  5 1.00
 37  38  0  5 1.00
 37  39  0  5 1.00
 37 188  0  5 1.00
 37 189  0  5 1.00
 38  39  0  5 1.00
 38  40  0  5 1.00
 39  40  0  5 1.00
 39  41  0  5 1.00
 39 188  0  5 1.00
 39 189  0  5 1.00
 40  41  0  5 1.00
 40  42  0  5 1.00
 40 187  0  5 1.00
 40 188  0  5 1.00
 40 189  0  5 1.00
 41  42  0  5 1.00
 41  43  0  5 1.00
 41 187  0  5 1.00
 41 188  0  5 1.00
 41 189  0  5 1.00
 42  43  0  5 1.00
 42  44  0  5 1.00
 42 185  0  5 1.00
 42 186  0  5 1.00
 42 187  0  5 1.00
 42 188  0  5 1.00
 43  44  0  5 1.00
 43  45  0  5 1.00
 43 185  0  5 1.00
 43 186  0  5 1.00
 43 211  0  5 1.00
 44  45  0  5 1.00
 44  46  0  5 1.00
 44 185  0  5 1.00
 44 346  0  5 1.00
 44 347  0  5 1.00
 44 348  0  5 1.00
 45  46  0  5 1.00
 45  47  0  5 1.00
 45 346  0  5 1.00
 45 347  0  5 1.00
 45 348  0  5 1.00
 46  47  0  5 1.00
 46  48  0  5 1.00
 46 344  0  5 1.00
 46 345  0  5 1.00
 46 346  0  5 1.00
 46 347  0  5 1.00
 47  48  0  5 1.00
 47  49  0  5 1.00
 47  80  0  5 1.00
 47  81  0  5 1.00
 47  82  0  5 1.00
 47 344  0  5 1.00
 47 345  0  5 1.00
 47 346  0  5 1.00
 48  49  0  5 1.00
 48  50  0  5 1.00
 48  80  0  5 1.00
 48  81  0  5 1.00
 48 342  0  5 1.00
 48 343  0  5 1.00
 48 344  0  5 1.00
 48 346  0  5 1.00
 49  50  0  5 1.00
 49  51  0  5 1.00
 49  78  0  5 1.00
 49  79  0  5 1.00
 49  80  0  5 1.00
 49  81  0  5 1.00
 49 342  0  5 1.00
 49 343  0  5 1.00
 49 344  0  5 1.00
 50  51  0  5 1.00
 50  52  0  5 1.00
 50  78  0  5 1.00
 50  79  0  5 1.00
 50  80  0  5 1.00
 50 339  0  5 1.00
 50 340  0  5 1.00
 50 341  0  5 1.00
 50 342  0  5 1.00
 51  52  0  5 1.00
 51  53  0  5 1.00
 51  78  0  5 1.00
 51  79  0  5 1.00
 51  80  0  5 1.00
 51 320  0  5 1.00
 51 322  0  5 1.00
 51 340  0  5 1.00
 51 341  0  5 1.00
 52  53  0  5 1.00
 52  54  0  5 1.00
 52  76  0  5 1.00
 52  77  0  5 1.00
 52  78  0  5 1.00
 53  54  0  5 1.00
 53  55  0  5 1.00
 53  76  0  5 1.00
 53  77  0  5 1.00
 53  78  0  5 1.00
 54  55  0  5 1.00
 54  56  0  5 1.00
 54  74  0  5 1.00
 54  75  0  5 1.00
 54  76  0  5 1.00
 54  77  0  5 1.00
 54 368  0  5 1.00
 55  56  0  5 1.00
 55  57  0  5 1.00
 55  74  0  5 1.00
 55  75  0  5 1.00
 55  76  0  5 1.00
 55 366  0  5 1.00
 55 367  0  5 1.00
 55 368  0  5 1.00
 56  57  0  5 1.00
 56  58  0  5 1.00
 56  72  0  5 1.00
 56  73  0  5 1.00
 56  74  0  5 1.00
 56  75  0  5 1.00
 56 366  0  5 1.00
 56 367  0  5 1.00
 56 368  0  5 1.00
 57  58  0  5 1.00
 57  59  0  5 1.00
 57  72  0  5 1.00
 57  73  0  5 1.00
 57  74  0  5 1.00
 57 363  0  5 1.00
 57 364  0  5 1.00
 57 365  0  5 1.00
 57 366  0  5 1.00
 58  59  0  5 1.00
 58  60  0  5 1.00
 58  70  0  5 1.00
 58  71  0  5 1.00
 58  72  0  5 1.00
 58 363  0  5 1.00
 58 364  0  5 1.00
 58 365  0  5 1.00
 59  60  0  5 1.00
 59  61  0  5 1.00
 59  70  0  5 1.00
 59  71  0  5 1.00
 59  72  0  5 1.00
 59 363  0  5 1.00
 60  61  0  5 1.00
 60  62  0  5 1.00
 60  68  0  5 1.00
 60  69  0  5 1.00
 60  70  0  5 1.00
 61  62  0  5 1.00
 61  63  0  5 1.00
 61  69  0  5 1.00
 62  63  0  5 1.00
 62  64  0  5 1.00
 62  65  0  5 1.00
 62  67  0  5 1.00
 62  68  0  5 1.00
 63  64  0  5 1.00
 63  65  0  5 1.00
 64  65  0  5 1.00
 64  66  0  5 1.00
 65  66  0  5 1.00
 65  67  0  5 1.00
 65  68  0  5 1.00
 66  67  0  5 1.00
 66  68  0  5 1.00
 67  68  0  5 1.00
 67  69  0  5 1.00
 68  69  0  5 1.00
 68  70  0  5 1.00
 69  70  0  5 1.00
 69  71  0  5 1.00
 70  71  0  5 1.00
 70  72  0  5 1.00
 71  72  0  5 1.00
 71  73  0  5 1.00
 72  73  0  5 1.00
 72  74  0  5 1.00
 73  74  0  5 1.00
 73  75  0  5 1.00
 74  75  0  5 1.00
 74  76  0  5 1.00
 75  76  0  5 1.00
 75  77  0  5 1.00
 75 332  0  5 1.00
 75 333  0  5 1.00
 75 334  0  5 1.00
 76  77  0  5 1.00
 76  78  0  5 1.00
 76 332  0  5 1.00
 76 333  0  5 1.00
 76 334  0  5 1.00
 77  78  0  5 1.00
 77  79  0  5 1.00
 77 330  0  5 1.00
 77 331  0  5 1.00
 77 332  0  5 1.00
 77 334  0  5 1.00
 78  79  0  5 1.00
 78  80  0  5 1.00
 78 330  0  5 1.00
 78 331  0  5 1.00
 79  80  0  5 1.00
 79  81  0  5 1.00
 79 328  0  5 1.00
 79 329  0  5 1.00
 79 330  0  5 1.00
 79 331  0  5 1.00
 80  81  0  5 1.00
 80  82  0  5 1.00
 80 328  0  5 1.00
 80 329  0  5 1.00
 80 330  0  5 1.00
 81  82  0  5 1.00
 81  83  0  5 1.00
 81 327  0  5 1.00
 81 328  0  5 1.00
 81 329  0  5 1.00
 81 330  0  5 1.00
 82  83  0  5 1.00
 82  84  0  5 1.00
 82 328  0  5 1.00
 83  84  0  5 1.00
 83  85  0  5 1.00
 83 166  0  5 1.00
 83 167  0  5 1.00
 83 168  0  5 1.00
 83 206  0  5 1.00
 83 207  0  5 1.00
 84  85  0  5 1.00
 84  86  0  5 1.00
 84 166  0  5 1.00
 84 167  0  5 1.00
 84 204  0  5 1.00
 84 205  0  5 1.00
 84 206  0  5 1.00
 85  86  0  5 1.00
 85  87  0  5 1.00
 85 164  0  5 1.00
 85 165  0  5 1.00
 85 166  0  5 1.00
 85 167  0  5 1.00
 85 204  0  5 1.00
 85 205  0  5 1.00
 85 206  0  5 1.00
 86  87  0  5 1.00
 86  88  0  5 1.00
 86 164  0  5 1.00
 86 165  0  5 1.00
 86 166  0  5 1.00
 86 201  0  5 1.00
 86 202  0  5 1.00
 86 203  0  5 1.00
 86 204  0  5 1.00
 87  88  0  5 1.00
 87  89  0  5 1.00
 87 106  0  5 1.00
 87 107  0  5 1.00
 87 164  0  5 1.00
 87 165  0  5 1.00
 88  89  0  5 1.00
 88  90  0  5 1.00
 88 105  0  5 1.00
 88 106  0  5 1.00
 88 107  0  5 1.00
 88 162  0  5 1.00
 88 163  0  5 1.00
 88 164  0  5 1.00
 89  90  0  5 1.00
 89  91  0  5 1.00
 89 104  0  5 1.00
 89 105  0  5 1.00
 89 106  0  5 1.00
 89 162  0  5 1.00
 89 163  0  5 1.00
 89 164  0  5 1.00
 90  91  0  5 1.00
 90  92  0  5 1.00
 90 104  0  5 1.00
 90 105  0  5 1.00
 90 160  0  5 1.00
 90 161  0  5 1.00
 90 162  0  5 1.00
 90 163  0  5 1.00
 91  92  0  5 1.00
 91  93  0  5 1.00
 91 100  0  5 1.00
 91 101  0  5 1.00
 91 102  0  5 1.00
 91 103  0  5 1.00
 91 104  0  5 1.00
 91 160  0  5 1.00
 92  93  0  5 1.00
 92  94  0  5 1.00
 92 100  0  5 1.00
 92 101  0  5 1.00
 92 102  0  5 1.00
 92 158  0  5 1.00
 92 159  0  5 1.00
 92 160  0  5 1.00
 93  94  0  5 1.00
 93  95  0  5 1.00
 93  98  0  5 1.00
 93  99  0  5 1.00
 93 100  0  5 1.00
 93 157  0  5 1.00
 93 158  0  5 1.00
 93 159  0  5 1.00
 94  95  0  5 1.00
 94  96  0  5 1.00
 94  98  0  5 1.00
 94  99  0  5 1.00
 95  96  0  5 1.00
 95  97  0  5 1.00
 95  98  0  5 1.00
 95  99  0  5 1.00
 96  97  0  5 1.00
 96  98  0  5 1.00
 97  98  0  5 1.00
 97  99  0  5 1.00
 98  99  0  5 1.00
 98 100  0  5 1.00
 99 100  0  5 1.00
 99 101  0  5 1.00
100 101  0  5 1.00
100 102  0  5 1.00
101 102  0  5 1.00
101 103  0  5 1.00
102 103  0  5 1.00
102 104  0  5 1.00
103 104  0  5 1.00
103 105  0  5 1.00
104 105  0  5 1.00
104 106  0  5 1.00
105 106  0  5 1.00
105 107  0  5 1.00
106 107  0  5 1.00
106 108  0  5 1.00
107 108  0  5 1.00
107 109  0  5 1.00
108 109  0  5 1.00
108 110  0  5 1.00
108 135  0  5 1.00
109 110  0  5 1.00
109 111  0  5 1.00
110 111  0  5 1.00
110 112  0  5 1.00
111 112  0  5 1.00
111 113  0  5 1.00
111 114  0  5 1.00
111 115  0  5 1.00
112 113  0  5 1.00
112 114  0  5 1.00
112 115  0  5 1.00
112 116  0  5 1.00
113 114  0  5 1.00
113 115  0  5 1.00
113 116  0  5 1.00
113 117  0  5 1.00
113 177  0  5 1.00
113 178  0  5 1.00
113 179  0  5 1.00
114 115  0  5 1.00
114 116  0  5 1.00
114 117  0  5 1.00
114 118  0  5 1.00
114 179  0  5 1.00
115 116  0  5 1.00
115 117  0  5 1.00
115 118  0  5 1.00
115 119  0  5 1.00
116 117  0  5 1.00
116 118  0  5 1.00
116 119  0  5 1.00
116 120  0  5 1.00
116 178  0  5 1.00
117 118  0  5 1.00
117 119  0  5 1.00
118 119  0  5 1.00
118 120  0  5 1.00
119 120  0  5 1.00
119 121  0  5 1.00
119 122  0  5 1.00
120 121  0  5 1.00
120 122  0  5 1.00
121 122  0  5 1.00
121 123  0  5 1.00
121 124  0  5 1.00
121 125  0  5 1.00
122 123  0  5 1.00
122 124  0  5 1.00
122 125  0  5 1.00
123 124  0  5 1.00
123 125  0  5 1.00
124 125  0  5 1.00
124 126  0  5 1.00
125 126  0  5 1.00
125 127  0  5 1.00
125 128  0  5 1.00
126 127  0  5 1.00
126 128  0  5 1.00
127 128  0  5 1.00
127 129  0  5 1.00
128 129  0  5 1.00
128 130  0  5 1.00
129 130  0  5 1.00
129 131  0  5 1.00
129 132  0  5 1.00
130 131  0  5 1.00
130 132  0  5 1.00
131 132  0  5 1.00
131 133  0  5 1.00
131 134  0  5 1.00
131 135  0  5 1.00
132 133  0  5 1.00
132 134  0  5 1.00
132 135  0  5 1.00
132 136  0  5 1.00
133 134  0  5 1.00
133 135  0  5 1.00
133 136  0  5 1.00
133 137  0  5 1.00
134 135  0  5 1.00
134 136  0  5 1.00
134 137  0  5 1.00
134 138  0  5 1.00
135 136  0  5 1.00
135 137  0  5 1.00
135 138  0  5 1.00
135 139  0  5 1.00
136 137  0  5 1.00
136 138  0  5 1.00
136 139  0  5 1.00
136 140  0  5 1.00
137 138  0  5 1.00
137 139  0  5 1.00
137 140  0  5 1.00
137 141  0  5 1.00
137 143  0  5 1.00
137 144  0  5 1.00
138 139  0  5 1.00
138 140  0  5 1.00
139 140  0  5 1.00
139 141  0  5 1.00
140 141  0  5 1.00
140 142  0  5 1.00
140 143  0  5 1.00
140 144  0  5 1.00
141 142  0  5 1.00
141 143  0  5 1.00
141 144  0  5 1.00
141 145  0  5 1.00
142 143  0  5 1.00
142 144  0  5 1.00
142 145  0  5 1.00
142 146  0  5 1.00
143 144  0  5 1.00
143 145  0  5 1.00
143 146  0  5 1.00
143 147  0  5 1.00
144 145  0  5 1.00
144 146  0  5 1.00
144 147  0  5 1.00
144 148  0  5 1.00
145 146  0  5 1.00
145 147  0  5 1.00
145 148  0  5 1.00
145 149  0  5 1.00
145 150  0  5 1.00
146 147  0  5 1.00
146 148  0  5 1.00
146 149  0  5 1.00
146 150  0  5 1.00
146 151  0  5 1.00
147 148  0  5 1.00
147 149  0  5 1.00
147 150  0  5 1.00
147 151  0  5 1.00
148 149  0  5 1.00
148 150  0  5 1.00
148 151  0  5 1.00
148 152  0  5 1.00
148 153  0  5 1.00
149 150  0  5 1.00
149 151  0  5 1.00
149 152  0  5 1.00
149 153  0  5 1.00
150 151  0  5 1.00
150 152  0  5 1.00
150 153  0  5 1.00
150 154  0  5 1.00
151 152  0  5 1.00
151 153  0  5 1.00
151 154  0  5 1.00
151 155  0  5 1.00
152 153  0  5 1.00
152 154  0  5 1.00
152 155  0  5 1.00
152 156  0  5 1.00
152 157  0  5 1.00
153 154  0  5 1.00
153 155  0  5 1.00
153 156  0  5 1.00
153 157  0  5 1.00
153 158  0  5 1.00
154 155  0  5 1.00
154 156  0  5 1.00
154 157  0  5 1.00
154 158  0  5 1.00
155 156  0  5 1.00
155 157  0  5 1.00
155 191  0  5 1.00
155 192  0  5 1.00
156 157  0  5 1.00
156 158  0  5 1.00
157 158  0  5 1.00
157 159  0  5 1.00
158 159  0  5 1.00
158 160  0  5 1.00
159 160  0  5 1.00
159 161  0  5 1.00
160 161  0  5 1.00
160 162  0  5 1.00
161 162  0  5 1.00
161 163  0  5 1.00
161 184  0  5 1.00
161 185  0  5 1.00
161 186  0  5 1.00
162 163  0  5 1.00
162 164  0  5 1.00
162 184  0  5 1.00
162 185  0  5 1.00
162 186  0  5 1.00
163 164  0  5 1.00
163 165  0  5 1.00
163 182  0  5 1.00
163 183  0  5 1.00
163 184  0  5 1.00
163 185  0  5 1.00
163 186  0  5 1.00
164 165  0  5 1.00
164 166  0  5 1.00
164 182  0  5 1.00
164 183  0  5 1.00
165 166  0  5 1.00
165 167  0  5 1.00
165 180  0  5 1.00
165 181  0  5 1.00
165 182  0  5 1.00
165 183  0  5 1.00
165 184  0  5 1.00
166 167  0  5 1.00
166 168  0  5 1.00
166 180  0  5 1.00
166 181  0  5 1.00
166 182  0  5 1.00
167 168  0  5 1.00
167 169  0  5 1.00
167 179  0  5 1.00
167 180  0  5 1.00
168 169  0  5 1.00
168 170  0  5 1.00
168 171  0  5 1.00
168 172  0  5 1.00
169 170  0  5 1.00
169 171  0  5 1.00
169 172  0  5 1.00
169 173  0  5 1.00
169 174  0  5 1.00
169 176  0  5 1.00
169 179  0  5 1.00
170 171  0  5 1.00
170 172  0  5 1.00
170 173  0  5 1.00
170 176  0  5 1.00
171 172  0  5 1.00
171 173  0  5 1.00
172 173  0  5 1.00
172 174  0  5 1.00
173 174  0  5 1.00
173 175  0  5 1.00
174 175  0  5 1.00
174 176  0  5 1.00
175 176  0  5 1.00
175 177  0  5 1.00
176 177  0  5 1.00
176 178  0  5 1.00
177 178  0  5 1.00
177 179  0  5 1.00
178 179  0  5 1.00
178 180  0  5 1.00
179 180  0  5 1.00
179 181  0  5 1.00
180 181  0  5 1.00
180 182  0  5 1.00
181 182  0  5 1.00
181 183  0  5 1.00
182 183  0  5 1.00
182 184  0  5 1.00
183 184  0  5 1.00
183 185  0  5 1.00
184 185  0  5 1.00
184 186  0  5 1.00
185 186  0  5 1.00
185 187  0  5 1.00
186 187  0  5 1.00
186 188  0  5 1.00
187 188  0  5 1.00
187 189  0  5 1.00
188 189  0  5 1.00
188 190  0  5 1.00
189 190  0  5 1.00
189 191  0  5 1.00
189 193  0  5 1.00
189 194  0  5 1.00
190 191  0  5 1.00
190 192  0  5 1.00
190 193  0  5 1.00
190 194  0  5 1.00
191 192  0  5 1.00
191 193  0  5 1.00
191 194  0  5 1.00
191 195  0  5 1.00
191 196  0  5 1.00
192 193  0  5 1.00
192 194  0  5 1.00
192 195  0  5 1.00
192 196  0  5 1.00
193 194  0  5 1.00
193 195  0  5 1.00
193 196  0  5 1.00
193 197  0  5 1.00
193 198  0  5 1.00
194 195  0  5 1.00
194 196  0  5 1.00
194 197  0  5 1.00
194 198  0  5 1.00
195 196  0  5 1.00
195 197  0  5 1.00
195 198  0  5 1.00
195 199  0  5 1.00
195 200  0  5 1.00
196 197  0  5 1.00
196 198  0  5 1.00
196 199  0  5 1.00
196 200  0  5 1.00
197 198  0  5 1.00
197 199  0  5 1.00
197 200  0  5 1.00
197 201  0  5 1.00
198 199  0  5 1.00
198 200  0  5 1.00
198 201  0  5 1.00
198 202  0  5 1.00
199 200  0  5 1.00
199 201  0  5 1.00
199 202  0  5 1.00
200 201  0  5 1.00
200 202  0  5 1.00
201 202  0  5 1.00
201 203  0  5 1.00
201 204  0  5 1.00
202 203  0  5 1.00
202 204  0  5 1.00
203 204  0  5 1.00
203 205  0  5 1.00
204 205  0  5 1.00
204 206  0  5 1.00
205 206  0  5 1.00
205 207  0  5 1.00
206 207  0  5 1.00
206 208  0  5 1.00
207 208  0  5 1.00
207 209  0  5 1.00
207 210  0  5 1.00
207 211  0  5 1.00
208 209  0  5 1.00
208 210  0  5 1.00
208 211  0  5 1.00
208 212  0  5 1.00
209 210  0  5 1.00
209 211  0  5 1.00
209 212  0  5 1.00
209 213  0  5 1.00
210 211  0  5 1.00
210 212  0  5 1.00
211 212  0  5 1.00
211 213  0  5 1.00
212 213  0  5 1.00
212 214  0  5 1.00
213 214  0  5 1.00
213 215  0  5 1.00
213 216  0  5 1.00
214 215  0  5 1.00
214 216  0  5 1.00
214 285  0  5 1.00
215 216  0  5 1.00
215 217  0  5 1.00
215 285  0  5 1.00
215 357  0  5 1.00
215 358  0  5 1.00
215 360  0  5 1.00
216 217  0  5 1.00
216 218  0  5 1.00
216 283  0  5 1.00
216 284  0  5 1.00
216 285  0  5 1.00
216 358  0  5 1.00
217 218  0  5 1.00
217 219  0  5 1.00
217 282  0  5 1.00
217 283  0  5 1.00
217 284  0  5 1.00
217 285  0  5 1.00
217 349  0  5 1.00
218 219  0  5 1.00
218 220  0  5 1.00
218 280  0  5 1.00
218 281  0  5 1.00
218 282  0  5 1.00
218 283  0  5 1.00
218 284  0  5 1.00
218 347  0  5 1.00
218 348  0  5 1.00
218 349  0  5 1.00
219 220  0  5 1.00
219 221  0  5 1.00
219 280  0  5 1.00
219 281  0  5 1.00
219 282  0  5 1.00
219 345  0  5 1.00
219 346  0  5 1.00
219 347  0  5 1.00
219 348  0  5 1.00
219 349  0  5 1.00
220 221  0  5 1.00
220 222  0  5 1.00
220 278  0  5 1.00
220 279  0  5 1.00
220 280  0  5 1.00
220 345  0  5 1.00
220 346  0  5 1.00
220 347  0  5 1.00
221 222  0  5 1.00
221 223  0  5 1.00
221 278  0  5 1.00
221 279  0  5 1.00
221 280  0  5 1.00
221 344  0  5 1.00
221 345  0  5 1.00
221 346  0  5 1.00
222 223  0  5 1.00
222 224  0  5 1.00
222 276  0  5 1.00
222 277  0  5 1.00
222 278  0  5 1.00
222 279  0  5 1.00
222 343  0  5 1.00
223 224  0  5 1.00
223 225  0  5 1.00
223 275  0  5 1.00
223 276  0  5 1.00
223 277  0  5 1.00
223 278  0  5 1.00
223 337  0  5 1.00
223 338  0  5 1.00
224 225  0  5 1.00
224 226  0  5 1.00
224 274  0  5 1.00
224 275  0  5 1.00
224 276  0  5 1.00
224 277  0  5 1.00
224 337  0  5 1.00
224 338  0  5 1.00
225 226  0  5 1.00
225 227  0  5 1.00
225 273  0  5 1.00
225 274  0  5 1.00
225 275  0  5 1.00
225 338  0  5 1.00
226 227  0  5 1.00
226 228  0  5 1.00
226 273  0  5 1.00
226 274  0  5 1.00
226 275  0  5 1.00
227 228  0  5 1.00
227 229  0  5 1.00
227 230  0  5 1.00
227 273  0  5 1.00
227 274  0  5 1.00
227 275  0  5 1.00
228 229  0  5 1.00
228 230  0  5 1.00
228 271  0  5 1.00
228 272  0  5 1.00
228 273  0  5 1.00
229 230  0  5 1.00
229 231  0  5 1.00
229 271  0  5 1.00
229 272  0  5 1.00
229 273  0  5 1.00
230 231  0  5 1.00
230 232  0  5 1.00
230 270  0  5 1.00
230 271  0  5 1.00
230 272  0  5 1.00
230 273  0  5 1.00
231 232  0  5 1.00
231 233  0  5 1.00
231 234  0  5 1.00
231 235  0  5 1.00
231 270  0  5 1.00
231 271  0  5 1.00
232 233  0  5 1.00
232 234  0  5 1.00
232 235  0  5 1.00
232 236  0  5 1.00
232 237  0  5 1.00
232 238  0  5 1.00
232 250  0  5 1.00
232 269  0  5 1.00
232 270  0  5 1.00
233 234  0  5 1.00
233 235  0  5 1.00
233 236  0  5 1.00
233 237  0  5 1.00
233 238  0  5 1.00
234 235  0  5 1.00
234 236  0  5 1.00
234 237  0  5 1.00
235 236  0  5 1.00
235 237  0  5 1.00
236 237  0  5 1.00
236 238  0  5 1.00
237 238  0  5 1.00
237 239  0  5 1.00
238 239  0  5 1.00
238 240  0  5 1.00
239 240  0  5 1.00
239 241  0  5 1.00
239 251  0  5 1.00
240 241  0  5 1.00
240 242  0  5 1.00
240 249  0  5 1.00
241 242  0  5 1.00
241 243  0  5 1.00
241 249  0  5 1.00
241 251  0  5 1.00
242 243  0  5 1.00
242 244  0  5 1.00
242 245  0  5 1.00
242 249  0  5 1.00
243 244  0  5 1.00
243 245  0  5 1.00
244 245  0  5 1.00
244 246  0  5 1.00
245 246  0  5 1.00
245 247  0  5 1.00
245 248  0  5 1.00
246 247  0  5 1.00
246 248  0  5 1.00
247 248  0  5 1.00
247 249  0  5 1.00
248 249  0  5 1.00
248 250  0  5 1.00
248 251  0  5 1.00
249 250  0  5 1.00
249 251  0  5 1.00
250 251  0  5 1.00
250 252  0  5 1.00
251 252  0  5 1.00
251 253  0  5 1.00
252 253  0  5 1.00
252 254  0  5 1.00
253 254  0  5 1.00
253 255  0  5 1.00
254 255  0  5 1.00
254 256  0  5 1.00
255 256  0  5 1.00
255 257  0  5 1.00
255 263  0  5 1.00
255 264  0  5 1.00
256 257  0  5 1.00
256 258  0  5 1.00
257 258  0  5 1.00
257 259  0  5 1.00
257 260  0  5 1.00
257 261  0  5 1.00
258 259  0  5 1.00
258 260  0  5 1.00
258 261  0  5 1.00
259 260  0  5 1.00
259 261  0  5 1.00
260 261  0  5 1.00
260 262  0  5 1.00
261 262  0  5 1.00
261 263  0  5 1.00
262 263  0  5 1.00
262 264  0  5 1.00
263 264  0  5 1.00
263 265  0  5 1.00
264 265  0  5 1.00
264 266  0  5 1.00
264 267  0  5 1.00
265 266  0  5 1.00
265 267  0  5 1.00
266 267  0  5 1.00
266 268  0  5 1.00
267 268  0  5 1.00
267 269  0  5 1.00
268 269  0  5 1.00
268 270  0  5 1.00
269 270  0  5 1.00
269 271  0  5 1.00
270 271  0  5 1.00
270 272  0  5 1.00
271 272  0  5 1.00
271 273  0  5 1.00
272 273  0  5 1.00
272 274  0  5 1.00
273 274  0  5 1.00
273 275  0  5 1.00
274 275  0  5 1.00
274 276  0  5 1.00
275 276  0  5 1.00
275 277  0  5 1.00
276 277  0  5 1.00
276 278  0  5 1.00
277 278  0  5 1.00
277 279  0  5 1.00
278 279  0  5 1.00
278 280  0  5 1.00
279 280  0  5 1.00
279 281  0  5 1.00
280 281  0  5 1.00
280 282  0  5 1.00
280 283  0  5 1.00
281 282  0  5 1.00
281 283  0  5 1.00
282 283  0  5 1.00
282 284  0  5 1.00
283 284  0  5 1.00
283 285  0  5 1.00
283 333  0  5 1.00
284 285  0  5 1.00
284 286  0  5 1.00
284 331  0  5 1.00
284 332  0  5 1.00
284 333  0  5 1.00
285 286  0  5 1.00
285 287  0  5 1.00
285 331  0  5 1.00
285 332  0  5 1.00
286 287  0  5 1.00
286 288  0  5 1.00
286 331  0  5 1.00
286 332  0  5 1.00
286 333  0  5 1.00
286 362  0  5 1.00
287 288  0  5 1.00
287 289  0  5 1.00
287 329  0  5 1.00
287 330  0  5 1.00
287 331  0  5 1.00
288 289  0  5 1.00
288 290  0  5 1.00
288 329  0  5 1.00
288 330  0  5 1.00
288 331  0  5 1.00
289 290  0  5 1.00
289 291  0  5 1.00
289 328  0  5 1.00
289 329  0  5 1.00
289 330  0  5 1.00
290 291  0  5 1.00
290 292  0  5 1.00
290 327  0  5 1.00
290 328  0  5 1.00
290 329  0  5 1.00
291 292  0  5 1.00
291 293  0  5 1.00
291 326  0  5 1.00
291 327  0  5 1.00
291 328  0  5 1.00
292 293  0  5 1.00
292 294  0  5 1.00
292 326  0  5 1.00
292 327  0  5 1.00
293 294  0  5 1.00
293 295  0  5 1.00
293 296  0  5 1.00
293 297  0  5 1.00
294 295  0  5 1.00
294 296  0  5 1.00
295 296  0  5 1.00
295 297  0  5 1.00
296 297  0  5 1.00
296 298  0  5 1.00
297 298  0  5 1.00
297 299  0  5 1.00
298 299  0  5 1.00
298 300  0  5 1.00
299 300  0  5 1.00
299 301  0  5 1.00
299 312  0  5 1.00
300 301  0  5 1.00
300 302  0  5 1.00
300 303  0  5 1.00
300 310  0  5 1.00
300 311  0  5 1.00
300 312  0  5 1.00
301 302  0  5 1.00
301 303  0  5 1.00
301 311  0  5 1.00
301 312  0  5 1.00
301 313  0  5 1.00
302 303  0  5 1.00
302 304  0  5 1.00
302 309  0  5 1.00
302 311  0  5 1.00
302 312  0  5 1.00
302 313  0  5 1.00
303 304  0  5 1.00
303 305  0  5 1.00
303 309  0  5 1.00
303 311  0  5 1.00
303 312  0  5 1.00
304 305  0  5 1.00
304 306  0  5 1.00
304 307  0  5 1.00
304 308  0  5 1.00
304 364  0  5 1.00
305 306  0  5 1.00
305 307  0  5 1.00
305 364  0  5 1.00
305 365  0  5 1.00
306 307  0  5 1.00
306 308  0  5 1.00
306 365  0  5 1.00
307 308  0  5 1.00
307 309  0  5 1.00
307 365  0  5 1.00
308 309  0  5 1.00
308 310  0  5 1.00
309 310  0  5 1.00
309 311  0  5 1.00
310 311  0  5 1.00
310 312  0  5 1.00
311 312  0  5 1.00
311 313  0  5 1.00
312 313  0  5 1.00
312 314  0  5 1.00
313 314  0  5 1.00
313 315  0  5 1.00
314 315  0  5 1.00
314 316  0  5 1.00
314 369  0  5 1.00
315 316  0  5 1.00
315 317  0  5 1.00
315 318  0  5 1.00
315 319  0  5 1.00
315 369  0  5 1.00
315 370  0  5 1.00
316 317  0  5 1.00
316 318  0  5 1.00
316 369  0  5 1.00
316 370  0  5 1.00
316 371  0  5 1.00
316 372  0  5 1.00
316 379  0  5 1.00
317 318  0  5 1.00
317 319  0  5 1.00
318 319  0  5 1.00
318 320  0  5 1.00
318 323  0  5 1.00
319 320  0  5 1.00
319 321  0  5 1.00
319 322  0  5 1.00
319 323  0  5 1.00
320 321  0  5 1.00
320 322  0  5 1.00
321 322  0  5 1.00
321 323  0  5 1.00
321 340  0  5 1.00
321 341  0  5 1.00
322 323  0  5 1.00
322 324  0  5 1.00
323 324  0  5 1.00
323 325  0  5 1.00
324 325  0  5 1.00
324 326  0  5 1.00
325 326  0  5 1.00
325 327  0  5 1.00
326 327  0  5 1.00
326 328  0  5 1.00
327 328  0  5 1.00
327 329  0  5 1.00
328 329  0  5 1.00
328 330  0  5 1.00
329 330  0  5 1.00
329 331  0  5 1.00
330 331  0  5 1.00
330 332  0  5 1.00
331 332  0  5 1.00
331 333  0  5 1.00
332 333  0  5 1.00
332 334  0  5 1.00
333 334  0  5 1.00
333 335  0  5 1.00
334 335  0  5 1.00
334 336  0  5 1.00
335 336  0  5 1.00
335 337  0  5 1.00
336 337  0  5 1.00
336 338  0  5 1.00
337 338  0  5 1.00
337 339  0  5 1.00
338 339  0  5 1.00
338 340  0  5 1.00
339 340  0  5 1.00
339 341  0  5 1.00
339 342  0  5 1.00
340 341  0  5 1.00
340 342  0  5 1.00
341 342  0  5 1.00
341 343  0  5 1.00
342 343  0  5 1.00
342 344  0  5 1.00
343 344  0  5 1.00
343 345  0  5 1.00
344 345  0  5 1.00
344 346  0  5 1.00
345 346  0  5 1.00
345 347  0  5 1.00
346 347  0  5 1.00
346 348  0  5 1.00
347 348  0  5 1.00
347 349  0  5 1.00
348 349  0  5 1.00
348 350  0  5 1.00
349 350  0  5 1.00
349 351  0  5 1.00
349 352  0  5 1.00
350 351  0  5 1.00
350 352  0  5 1.00
351 352  0  5 1.00
351 353  0  5 1.00
352 353  0  5 1.00
352 354  0  5 1.00
353 354  0  5 1.00
353 355  0  5 1.00
353 358  0  5 1.00
354 355  0  5 1.00
354 356  0  5 1.00
355 356  0  5 1.00
355 357  0  5 1.00
355 358  0  5 1.00
355 359  0  5 1.00
356 357  0  5 1.00
356 358  0  5 1.00
356 359  0  5 1.00
356 360  0  5 1.00
357 358  0  5 1.00
357 359  0  5 1.00
357 360  0  5 1.00
358 359  0  5 1.00
358 360  0  5 1.00
359 360  0  5 1.00
359 361  0  5 1.00
360 361  0  5 1.00
360 362  0  5 1.00
361 362  0  5 1.00
361 363  0  5 1.00
362 363  0  5 1.00
362 364  0  5 1.00
363 364  0  5 1.00
363 365  0  5 1.00
364 365  0  5 1.00
364 366  0  5 1.00
365 366  0  5 1.00
365 367  0  5 1.00
366 367  0  5 1.00
366 368  0  5 1.00
367 368  0  5 1.00
367 369  0  5 1.00
368 369  0  5 1.00
368 370  0  5 1.00
369 370  0  5 1.00
369 371  0  5 1.00
369 378  0  5 1.00
369 379  0  5 1.00
370 371  0  5 1.00
370 372  0  5 1.00
370 376  0  5 1.00
370 378  0  5 1.00
370 379  0  5 1.00
371 372  0  5 1.00
371 373  0  5 1.00
371 374  0  5 1.00
371 375  0  5 1.00
371 376  0  5 1.00
371 378  0  5 1.00
372 373  0  5 1.00
372 374  0  5 1.00
373 374  0  5 1.00
373 375  0  5 1.00
374 375  0  5 1.00
374 376  0  5 1.00
375 376  0  5 1.00
375 377  0  5 1.00
376 377  0  5 1.00
376 378  0  5 1.00
377 378  0  5 1.00
377 379  0  5 1.00
378 379  0  5 1.00
378 380  0  5 1.00
379 380  0  5 1.00
379 381  0  5 1.00
380 381  0  5 1.00
380 382  0  5 1.00
380 383  0  5 1.00
380 384  0  5 1.00
381 382  0  5 1.00
381 383  0  5 1.00
381 384  0  5 1.00
381 385  0  5 1.00
382 383  0  5 1.00
382 384  0  5 1.00
382 385  0  5 1.00
382 386  0  5 1.00
382 387  0  5 1.00
383 384  0  5 1.00
383 385  0  5 1.00
383 386  0  5 1.00
383 387  0  5 1.00
384 385  0  5 1.00
384 386  0  5 1.00
384 387  0  5 1.00
384 388  0  5 1.00
385 386  0  5 1.00
385 387  0  5 1.00
385 388  0  5 1.00
385 389  0  5 1.00
386 387  0  5 1.00
386 388  0  5 1.00
386 389  0  5 1.00
387 388  0  5 1.00
387 389  0  5 1.00
388 389  0  5 1.00
END
HELX_P HELX_P1  AA1 ASN B 113 ? ARG B 117 ? ASN A 113 ARG A 117 5 ? 5  
HELX_P HELX_P2  AA2 TYR B 134 ? TYR B 138 ? TYR A 134 TYR A 138 5 ? 5  
HELX_P HELX_P3  AA3 GLY B 143 ? CYS B 158 ? GLY A 143 CYS A 158 1 ? 16 
HELX_P HELX_P4  AA4 SER B 190 ? ALA B 200 ? SER A 190 ALA A 200 1 ? 11 
HELX_P HELX_P5  AA5 ASN B 207 ? PHE B 212 ? ASN A 207 PHE A 212 1 ? 6  
HELX_P HELX_P6  AA6 THR B 380 ? PHE B 388 ? THR A 380 PHE A 388 1 ? 9  