6sea 1010
 22  23  0  5 1.00
 22  24  0  5 1.00
 23  24  0  5 1.00
 23  25  0  5 1.00
 24  25  0  5 1.00
 24  26  0  5 1.00
 25  26  0  5 1.00
 25  27  0  5 1.00
 26  27  0  5 1.00
 26  28  0  5 1.00
 26  29  0  5 1.00
 27  28  0  5 1.00
 27  29  0  5 1.00
 27  73  0  5 1.00
 28  29  0  5 1.00
 28  30  0  5 1.00
 28  31  0  5 1.00
 28  32  0  5 1.00
 28  72  0  5 1.00
 28  73  0  5 1.00
 29  30  0  5 1.00
 29  31  0  5 1.00
 29  32  0  5 1.00
 29  33  0  5 1.00
 30  31  0  5 1.00
 30  32  0  5 1.00
 30  33  0  5 1.00
 30  34  0  5 1.00
 31  32  0  5 1.00
 31  33  0  5 1.00
 31  34  0  5 1.00
 31  35  0  5 1.00
 32  33  0  5 1.00
 32  34  0  5 1.00
 32  35  0  5 1.00
 32  36  0  5 1.00
 33  34  0  5 1.00
 33  35  0  5 1.00
 33  36  0  5 1.00
 33  37  0  5 1.00
 34  35  0  5 1.00
 34  36  0  5 1.00
 34  37  0  5 1.00
 35  36  0  5 1.00
 35  37  0  5 1.00
 35 120  0  5 1.00
 35 198  0  5 1.00
 35 199  0  5 1.00
 36  37  0  5 1.00
 36  38  0  5 1.00
 36 120  0  5 1.00
 36 199  0  5 1.00
 37  38  0  5 1.00
 37  39  0  5 1.00
 37 199  0  5 1.00
 38  39  0  5 1.00
 38  40  0  5 1.00
 38 411  0  5 1.00
 38 412  0  5 1.00
 38 415  0  5 1.00
 39  40  0  5 1.00
 39  41  0  5 1.00
 39 415  0  5 1.00
 40  41  0  5 1.00
 40  42  0  5 1.00
 40 415  0  5 1.00
 41  42  0  5 1.00
 41  43  0  5 1.00
 41 167  0  5 1.00
 41 168  0  5 1.00
 41 169  0  5 1.00
 42  43  0  5 1.00
 42  44  0  5 1.00
 42 165  0  5 1.00
 42 166  0  5 1.00
 42 167  0  5 1.00
 43  44  0  5 1.00
 43  45  0  5 1.00
 43 165  0  5 1.00
 43 166  0  5 1.00
 43 176  0  5 1.00
 43 177  0  5 1.00
 44  45  0  5 1.00
 44  46  0  5 1.00
 44 176  0  5 1.00
 44 177  0  5 1.00
 45  46  0  5 1.00
 45  47  0  5 1.00
 45 176  0  5 1.00
 45 177  0  5 1.00
 46  47  0  5 1.00
 46  48  0  5 1.00
 47  48  0  5 1.00
 47  49  0  5 1.00
 48  49  0  5 1.00
 48  50  0  5 1.00
 48 425  0  5 1.00
 48 426  0  5 1.00
 49  50  0  5 1.00
 49  51  0  5 1.00
 49 229  0  5 1.00
 49 425  0  5 1.00
 49 426  0  5 1.00
 50  51  0  5 1.00
 50  52  0  5 1.00
 50 425  0  5 1.00
 50 426  0  5 1.00
 51  52  0  5 1.00
 51  53  0  5 1.00
 52  53  0  5 1.00
 52  54  0  5 1.00
 52 302  0  5 1.00
 52 303  0  5 1.00
 52 304  0  5 1.00
 53  54  0  5 1.00
 53  55  0  5 1.00
 53 302  0  5 1.00
 53 303  0  5 1.00
 54  55  0  5 1.00
 54  56  0  5 1.00
 54 302  0  5 1.00
 55  56  0  5 1.00
 55  57  0  5 1.00
 55 222  0  5 1.00
 56  57  0  5 1.00
 56  58  0  5 1.00
 56 220  0  5 1.00
 56 221  0  5 1.00
 56 222  0  5 1.00
 57  58  0  5 1.00
 57  59  0  5 1.00
 57 220  0  5 1.00
 57 221  0  5 1.00
 57 222  0  5 1.00
 58  59  0  5 1.00
 58  60  0  5 1.00
 58 218  0  5 1.00
 58 219  0  5 1.00
 58 220  0  5 1.00
 58 221  0  5 1.00
 59  60  0  5 1.00
 59  61  0  5 1.00
 59 218  0  5 1.00
 59 219  0  5 1.00
 59 220  0  5 1.00
 60  61  0  5 1.00
 60  62  0  5 1.00
 60  94  0  5 1.00
 60 218  0  5 1.00
 60 219  0  5 1.00
 61  62  0  5 1.00
 61  63  0  5 1.00
 61  94  0  5 1.00
 61  95  0  5 1.00
 61 218  0  5 1.00
 62  63  0  5 1.00
 62  64  0  5 1.00
 62  92  0  5 1.00
 62  93  0  5 1.00
 62  94  0  5 1.00
 63  64  0  5 1.00
 63  65  0  5 1.00
 63  92  0  5 1.00
 63  93  0  5 1.00
 64  65  0  5 1.00
 64  66  0  5 1.00
 64  90  0  5 1.00
 64  91  0  5 1.00
 64  92  0  5 1.00
 64  93  0  5 1.00
 64  94  0  5 1.00
 64 132  0  5 1.00
 65  66  0  5 1.00
 65  67  0  5 1.00
 65  90  0  5 1.00
 65  91  0  5 1.00
 65  92  0  5 1.00
 65 130  0  5 1.00
 65 131  0  5 1.00
 65 132  0  5 1.00
 66  67  0  5 1.00
 66  68  0  5 1.00
 66  88  0  5 1.00
 66  89  0  5 1.00
 66  90  0  5 1.00
 66  91  0  5 1.00
 66 130  0  5 1.00
 66 131  0  5 1.00
 67  68  0  5 1.00
 67  69  0  5 1.00
 67  88  0  5 1.00
 67  89  0  5 1.00
 67 128  0  5 1.00
 67 129  0  5 1.00
 67 130  0  5 1.00
 68  69  0  5 1.00
 68  70  0  5 1.00
 68 128  0  5 1.00
 68 129  0  5 1.00
 69  70  0  5 1.00
 69  71  0  5 1.00
 69 126  0  5 1.00
 69 127  0  5 1.00
 69 128  0  5 1.00
 70  71  0  5 1.00
 70  72  0  5 1.00
 70 124  0  5 1.00
 70 125  0  5 1.00
 70 126  0  5 1.00
 70 127  0  5 1.00
 70 128  0  5 1.00
 71  72  0  5 1.00
 71  73  0  5 1.00
 71  74  0  5 1.00
 71  75  0  5 1.00
 71 124  0  5 1.00
 71 126  0  5 1.00
 71 127  0  5 1.00
 71 128  0  5 1.00
 72  73  0  5 1.00
 72  74  0  5 1.00
 72  75  0  5 1.00
 72 124  0  5 1.00
 72 126  0  5 1.00
 73  74  0  5 1.00
 73  75  0  5 1.00
 74  75  0  5 1.00
 74  76  0  5 1.00
 75  76  0  5 1.00
 75  77  0  5 1.00
 76  77  0  5 1.00
 76  78  0  5 1.00
 77  78  0  5 1.00
 77  79  0  5 1.00
 78  79  0  5 1.00
 78  80  0  5 1.00
 79  80  0  5 1.00
 79  81  0  5 1.00
 79  82  0  5 1.00
 79  83  0  5 1.00
 80  81  0  5 1.00
 80  82  0  5 1.00
 80  83  0  5 1.00
 80  84  0  5 1.00
 81  82  0  5 1.00
 81  83  0  5 1.00
 81 162  0  5 1.00
 81 189  0  5 1.00
 82  83  0  5 1.00
 82  84  0  5 1.00
 83  84  0  5 1.00
 83  85  0  5 1.00
 83  86  0  5 1.00
 84  85  0  5 1.00
 84  86  0  5 1.00
 85  86  0  5 1.00
 85  87  0  5 1.00
 86  87  0  5 1.00
 86  88  0  5 1.00
 86  89  0  5 1.00
 87  88  0  5 1.00
 87  89  0  5 1.00
 88  89  0  5 1.00
 88  90  0  5 1.00
 89  90  0  5 1.00
 89  91  0  5 1.00
 90  91  0  5 1.00
 90  92  0  5 1.00
 91  92  0  5 1.00
 91  93  0  5 1.00
 92  93  0  5 1.00
 92  94  0  5 1.00
 93  94  0  5 1.00
 93  95  0  5 1.00
 93  96  0  5 1.00
 94  95  0  5 1.00
 94  96  0  5 1.00
 94 214  0  5 1.00
 95  96  0  5 1.00
 95  97  0  5 1.00
 95 214  0  5 1.00
 95 215  0  5 1.00
 95 216  0  5 1.00
 96  97  0  5 1.00
 96  98  0  5 1.00
 96 212  0  5 1.00
 96 213  0  5 1.00
 96 214  0  5 1.00
 96 215  0  5 1.00
 97  98  0  5 1.00
 97  99  0  5 1.00
 97 100  0  5 1.00
 97 101  0  5 1.00
 97 212  0  5 1.00
 97 213  0  5 1.00
 97 215  0  5 1.00
 97 340  0  5 1.00
 98  99  0  5 1.00
 98 100  0  5 1.00
 98 101  0  5 1.00
 98 102  0  5 1.00
 98 103  0  5 1.00
 98 212  0  5 1.00
 98 213  0  5 1.00
 99 100  0  5 1.00
 99 101  0  5 1.00
 99 102  0  5 1.00
 99 103  0  5 1.00
 99 104  0  5 1.00
 99 105  0  5 1.00
 99 106  0  5 1.00
 99 212  0  5 1.00
100 101  0  5 1.00
100 102  0  5 1.00
100 339  0  5 1.00
101 102  0  5 1.00
101 103  0  5 1.00
102 103  0  5 1.00
102 104  0  5 1.00
103 104  0  5 1.00
103 105  0  5 1.00
104 105  0  5 1.00
104 106  0  5 1.00
105 106  0  5 1.00
105 107  0  5 1.00
105 210  0  5 1.00
106 107  0  5 1.00
106 108  0  5 1.00
106 210  0  5 1.00
106 572  0  5 1.00
107 108  0  5 1.00
107 109  0  5 1.00
107 208  0  5 1.00
107 209  0  5 1.00
107 210  0  5 1.00
108 109  0  5 1.00
108 110  0  5 1.00
108 208  0  5 1.00
108 209  0  5 1.00
108 210  0  5 1.00
108 569  0  5 1.00
108 576  0  5 1.00
108 577  0  5 1.00
108 578  0  5 1.00
109 110  0  5 1.00
109 111  0  5 1.00
109 112  0  5 1.00
109 206  0  5 1.00
109 207  0  5 1.00
109 208  0  5 1.00
109 577  0  5 1.00
109 578  0  5 1.00
110 111  0  5 1.00
110 112  0  5 1.00
110 205  0  5 1.00
110 206  0  5 1.00
110 207  0  5 1.00
110 578  0  5 1.00
111 112  0  5 1.00
111 113  0  5 1.00
111 395  0  5 1.00
111 396  0  5 1.00
112 113  0  5 1.00
112 114  0  5 1.00
113 114  0  5 1.00
113 115  0  5 1.00
114 115  0  5 1.00
114 116  0  5 1.00
115 116  0  5 1.00
115 117  0  5 1.00
116 117  0  5 1.00
116 118  0  5 1.00
116 121  0  5 1.00
117 118  0  5 1.00
117 119  0  5 1.00
118 119  0  5 1.00
118 120  0  5 1.00
118 121  0  5 1.00
119 120  0  5 1.00
119 121  0  5 1.00
120 121  0  5 1.00
120 122  0  5 1.00
120 198  0  5 1.00
120 199  0  5 1.00
121 122  0  5 1.00
121 123  0  5 1.00
122 123  0  5 1.00
122 124  0  5 1.00
123 124  0  5 1.00
123 125  0  5 1.00
123 126  0  5 1.00
124 125  0  5 1.00
124 126  0  5 1.00
125 126  0  5 1.00
125 127  0  5 1.00
126 127  0  5 1.00
126 128  0  5 1.00
127 128  0  5 1.00
127 129  0  5 1.00
127 194  0  5 1.00
127 195  0  5 1.00
127 196  0  5 1.00
128 129  0  5 1.00
128 130  0  5 1.00
128 194  0  5 1.00
128 195  0  5 1.00
129 130  0  5 1.00
129 131  0  5 1.00
129 192  0  5 1.00
129 193  0  5 1.00
129 194  0  5 1.00
129 195  0  5 1.00
130 131  0  5 1.00
130 132  0  5 1.00
130 192  0  5 1.00
130 193  0  5 1.00
130 194  0  5 1.00
131 132  0  5 1.00
131 133  0  5 1.00
131 190  0  5 1.00
131 191  0  5 1.00
131 192  0  5 1.00
131 193  0  5 1.00
132 133  0  5 1.00
132 134  0  5 1.00
132 190  0  5 1.00
132 191  0  5 1.00
132 192  0  5 1.00
133 134  0  5 1.00
133 135  0  5 1.00
133 188  0  5 1.00
133 189  0  5 1.00
133 190  0  5 1.00
134 135  0  5 1.00
134 136  0  5 1.00
134 188  0  5 1.00
134 189  0  5 1.00
134 190  0  5 1.00
135 136  0  5 1.00
135 137  0  5 1.00
135 186  0  5 1.00
135 187  0  5 1.00
135 188  0  5 1.00
136 137  0  5 1.00
136 138  0  5 1.00
136 186  0  5 1.00
136 187  0  5 1.00
136 188  0  5 1.00
137 138  0  5 1.00
137 139  0  5 1.00
137 184  0  5 1.00
137 185  0  5 1.00
137 186  0  5 1.00
137 187  0  5 1.00
138 139  0  5 1.00
138 140  0  5 1.00
138 141  0  5 1.00
138 142  0  5 1.00
139 140  0  5 1.00
139 141  0  5 1.00
139 142  0  5 1.00
140 141  0  5 1.00
140 142  0  5 1.00
140 222  0  5 1.00
141 142  0  5 1.00
141 143  0  5 1.00
141 144  0  5 1.00
141 145  0  5 1.00
141 222  0  5 1.00
142 143  0  5 1.00
142 144  0  5 1.00
143 144  0  5 1.00
143 145  0  5 1.00
143 180  0  5 1.00
143 181  0  5 1.00
144 145  0  5 1.00
144 146  0  5 1.00
144 180  0  5 1.00
144 221  0  5 1.00
144 222  0  5 1.00
144 223  0  5 1.00
144 224  0  5 1.00
145 146  0  5 1.00
145 147  0  5 1.00
145 177  0  5 1.00
145 178  0  5 1.00
145 179  0  5 1.00
145 180  0  5 1.00
145 221  0  5 1.00
145 222  0  5 1.00
145 223  0  5 1.00
146 147  0  5 1.00
146 148  0  5 1.00
146 177  0  5 1.00
146 178  0  5 1.00
146 179  0  5 1.00
146 219  0  5 1.00
146 220  0  5 1.00
146 221  0  5 1.00
147 148  0  5 1.00
147 149  0  5 1.00
147 175  0  5 1.00
147 176  0  5 1.00
147 177  0  5 1.00
147 219  0  5 1.00
147 220  0  5 1.00
148 149  0  5 1.00
148 150  0  5 1.00
148 175  0  5 1.00
148 176  0  5 1.00
148 217  0  5 1.00
148 218  0  5 1.00
148 219  0  5 1.00
148 220  0  5 1.00
149 150  0  5 1.00
149 151  0  5 1.00
149 173  0  5 1.00
149 174  0  5 1.00
149 175  0  5 1.00
149 176  0  5 1.00
149 217  0  5 1.00
149 218  0  5 1.00
150 151  0  5 1.00
150 152  0  5 1.00
150 171  0  5 1.00
150 172  0  5 1.00
150 173  0  5 1.00
150 174  0  5 1.00
150 216  0  5 1.00
150 217  0  5 1.00
151 152  0  5 1.00
151 153  0  5 1.00
151 171  0  5 1.00
151 172  0  5 1.00
151 173  0  5 1.00
151 213  0  5 1.00
151 214  0  5 1.00
151 215  0  5 1.00
151 216  0  5 1.00
151 217  0  5 1.00
152 153  0  5 1.00
152 154  0  5 1.00
152 155  0  5 1.00
152 170  0  5 1.00
152 171  0  5 1.00
152 213  0  5 1.00
152 214  0  5 1.00
152 215  0  5 1.00
153 154  0  5 1.00
153 155  0  5 1.00
153 171  0  5 1.00
153 195  0  5 1.00
153 196  0  5 1.00
153 211  0  5 1.00
153 212  0  5 1.00
153 213  0  5 1.00
154 155  0  5 1.00
154 156  0  5 1.00
154 168  0  5 1.00
154 169  0  5 1.00
154 170  0  5 1.00
154 171  0  5 1.00
154 195  0  5 1.00
154 196  0  5 1.00
155 156  0  5 1.00
155 157  0  5 1.00
155 168  0  5 1.00
155 193  0  5 1.00
155 194  0  5 1.00
155 195  0  5 1.00
155 196  0  5 1.00
156 157  0  5 1.00
156 158  0  5 1.00
156 166  0  5 1.00
156 167  0  5 1.00
156 168  0  5 1.00
156 193  0  5 1.00
156 194  0  5 1.00
157 158  0  5 1.00
157 159  0  5 1.00
157 166  0  5 1.00
157 167  0  5 1.00
157 191  0  5 1.00
157 192  0  5 1.00
157 193  0  5 1.00
158 159  0  5 1.00
158 160  0  5 1.00
158 163  0  5 1.00
158 164  0  5 1.00
158 165  0  5 1.00
158 166  0  5 1.00
158 191  0  5 1.00
158 192  0  5 1.00
159 160  0  5 1.00
159 161  0  5 1.00
159 162  0  5 1.00
159 163  0  5 1.00
159 164  0  5 1.00
159 165  0  5 1.00
159 189  0  5 1.00
159 190  0  5 1.00
159 191  0  5 1.00
160 161  0  5 1.00
160 162  0  5 1.00
160 163  0  5 1.00
160 164  0  5 1.00
160 189  0  5 1.00
160 190  0  5 1.00
161 162  0  5 1.00
161 163  0  5 1.00
161 189  0  5 1.00
162 163  0  5 1.00
162 164  0  5 1.00
162 189  0  5 1.00
163 164  0  5 1.00
163 165  0  5 1.00
164 165  0  5 1.00
164 166  0  5 1.00
165 166  0  5 1.00
165 167  0  5 1.00
166 167  0  5 1.00
166 168  0  5 1.00
167 168  0  5 1.00
167 169  0  5 1.00
168 169  0  5 1.00
168 170  0  5 1.00
169 170  0  5 1.00
169 171  0  5 1.00
170 171  0  5 1.00
170 172  0  5 1.00
170 173  0  5 1.00
171 172  0  5 1.00
171 173  0  5 1.00
172 173  0  5 1.00
172 174  0  5 1.00
172 370  0  5 1.00
172 371  0  5 1.00
173 174  0  5 1.00
173 175  0  5 1.00
174 175  0  5 1.00
174 176  0  5 1.00
175 176  0  5 1.00
175 177  0  5 1.00
176 177  0  5 1.00
176 178  0  5 1.00
177 178  0  5 1.00
177 179  0  5 1.00
178 179  0  5 1.00
178 180  0  5 1.00
179 180  0  5 1.00
179 181  0  5 1.00
179 182  0  5 1.00
179 183  0  5 1.00
180 181  0  5 1.00
180 182  0  5 1.00
180 183  0  5 1.00
181 182  0  5 1.00
181 183  0  5 1.00
182 183  0  5 1.00
182 184  0  5 1.00
183 184  0  5 1.00
183 185  0  5 1.00
184 185  0  5 1.00
184 186  0  5 1.00
184 187  0  5 1.00
185 186  0  5 1.00
185 187  0  5 1.00
186 187  0  5 1.00
186 188  0  5 1.00
187 188  0  5 1.00
187 189  0  5 1.00
188 189  0  5 1.00
188 190  0  5 1.00
189 190  0  5 1.00
189 191  0  5 1.00
190 191  0  5 1.00
190 192  0  5 1.00
191 192  0  5 1.00
191 193  0  5 1.00
192 193  0  5 1.00
192 194  0  5 1.00
193 194  0  5 1.00
193 195  0  5 1.00
194 195  0  5 1.00
194 196  0  5 1.00
195 196  0  5 1.00
195 197  0  5 1.00
196 197  0  5 1.00
196 198  0  5 1.00
196 212  0  5 1.00
197 198  0  5 1.00
197 199  0  5 1.00
198 199  0  5 1.00
198 200  0  5 1.00
198 201  0  5 1.00
198 202  0  5 1.00
199 200  0  5 1.00
199 201  0  5 1.00
199 202  0  5 1.00
199 203  0  5 1.00
200 201  0  5 1.00
200 202  0  5 1.00
200 203  0  5 1.00
200 204  0  5 1.00
201 202  0  5 1.00
201 203  0  5 1.00
201 204  0  5 1.00
201 205  0  5 1.00
202 203  0  5 1.00
202 204  0  5 1.00
202 393  0  5 1.00
202 394  0  5 1.00
203 204  0  5 1.00
203 205  0  5 1.00
203 391  0  5 1.00
203 392  0  5 1.00
203 393  0  5 1.00
203 394  0  5 1.00
204 205  0  5 1.00
204 206  0  5 1.00
204 393  0  5 1.00
205 206  0  5 1.00
205 207  0  5 1.00
205 393  0  5 1.00
205 395  0  5 1.00
206 207  0  5 1.00
206 208  0  5 1.00
206 393  0  5 1.00
207 208  0  5 1.00
207 209  0  5 1.00
208 209  0  5 1.00
208 210  0  5 1.00
209 210  0  5 1.00
209 211  0  5 1.00
210 211  0  5 1.00
210 212  0  5 1.00
211 212  0  5 1.00
211 213  0  5 1.00
212 213  0  5 1.00
212 214  0  5 1.00
213 214  0  5 1.00
213 215  0  5 1.00
214 215  0  5 1.00
214 216  0  5 1.00
215 216  0  5 1.00
215 217  0  5 1.00
215 342  0  5 1.00
215 343  0  5 1.00
216 217  0  5 1.00
216 218  0  5 1.00
217 218  0  5 1.00
217 219  0  5 1.00
218 219  0  5 1.00
218 220  0  5 1.00
219 220  0  5 1.00
219 221  0  5 1.00
220 221  0  5 1.00
220 222  0  5 1.00
221 222  0  5 1.00
221 223  0  5 1.00
222 223  0  5 1.00
222 224  0  5 1.00
223 224  0  5 1.00
223 225  0  5 1.00
224 225  0  5 1.00
224 226  0  5 1.00
224 227  0  5 1.00
224 300  0  5 1.00
225 226  0  5 1.00
225 227  0  5 1.00
225 300  0  5 1.00
226 227  0  5 1.00
226 228  0  5 1.00
226 298  0  5 1.00
226 299  0  5 1.00
226 300  0  5 1.00
226 301  0  5 1.00
227 228  0  5 1.00
227 229  0  5 1.00
227 251  0  5 1.00
227 252  0  5 1.00
227 300  0  5 1.00
227 301  0  5 1.00
228 229  0  5 1.00
228 230  0  5 1.00
228 251  0  5 1.00
229 230  0  5 1.00
229 231  0  5 1.00
229 251  0  5 1.00
229 252  0  5 1.00
230 231  0  5 1.00
230 232  0  5 1.00
230 249  0  5 1.00
230 250  0  5 1.00
230 251  0  5 1.00
231 232  0  5 1.00
231 233  0  5 1.00
231 249  0  5 1.00
231 250  0  5 1.00
232 233  0  5 1.00
232 234  0  5 1.00
232 247  0  5 1.00
232 248  0  5 1.00
232 249  0  5 1.00
232 250  0  5 1.00
233 234  0  5 1.00
233 235  0  5 1.00
233 247  0  5 1.00
233 248  0  5 1.00
233 249  0  5 1.00
233 428  0  5 1.00
233 429  0  5 1.00
234 235  0  5 1.00
234 236  0  5 1.00
234 245  0  5 1.00
234 246  0  5 1.00
234 247  0  5 1.00
234 248  0  5 1.00
235 236  0  5 1.00
235 237  0  5 1.00
235 245  0  5 1.00
235 246  0  5 1.00
235 308  0  5 1.00
235 309  0  5 1.00
235 310  0  5 1.00
235 311  0  5 1.00
236 237  0  5 1.00
236 238  0  5 1.00
236 243  0  5 1.00
236 244  0  5 1.00
236 245  0  5 1.00
236 246  0  5 1.00
236 309  0  5 1.00
236 310  0  5 1.00
236 311  0  5 1.00
237 238  0  5 1.00
237 239  0  5 1.00
237 243  0  5 1.00
237 244  0  5 1.00
237 245  0  5 1.00
237 309  0  5 1.00
237 310  0  5 1.00
237 311  0  5 1.00
238 239  0  5 1.00
238 240  0  5 1.00
238 241  0  5 1.00
238 242  0  5 1.00
238 243  0  5 1.00
239 240  0  5 1.00
239 241  0  5 1.00
239 242  0  5 1.00
239 322  0  5 1.00
240 241  0  5 1.00
240 242  0  5 1.00
241 242  0  5 1.00
241 243  0  5 1.00
241 279  0  5 1.00
242 243  0  5 1.00
242 244  0  5 1.00
242 278  0  5 1.00
242 279  0  5 1.00
242 280  0  5 1.00
242 281  0  5 1.00
243 244  0  5 1.00
243 245  0  5 1.00
243 278  0  5 1.00
243 279  0  5 1.00
243 280  0  5 1.00
243 281  0  5 1.00
244 245  0  5 1.00
244 246  0  5 1.00
244 276  0  5 1.00
244 277  0  5 1.00
244 278  0  5 1.00
244 280  0  5 1.00
244 281  0  5 1.00
245 246  0  5 1.00
245 247  0  5 1.00
245 276  0  5 1.00
245 277  0  5 1.00
245 278  0  5 1.00
246 247  0  5 1.00
246 248  0  5 1.00
246 274  0  5 1.00
246 275  0  5 1.00
246 276  0  5 1.00
247 248  0  5 1.00
247 249  0  5 1.00
247 274  0  5 1.00
247 275  0  5 1.00
248 249  0  5 1.00
248 250  0  5 1.00
248 271  0  5 1.00
248 272  0  5 1.00
248 273  0  5 1.00
248 274  0  5 1.00
249 250  0  5 1.00
249 251  0  5 1.00
249 273  0  5 1.00
250 251  0  5 1.00
250 252  0  5 1.00
250 255  0  5 1.00
250 256  0  5 1.00
250 257  0  5 1.00
251 252  0  5 1.00
251 253  0  5 1.00
251 254  0  5 1.00
251 255  0  5 1.00
251 256  0  5 1.00
251 257  0  5 1.00
252 253  0  5 1.00
252 254  0  5 1.00
252 255  0  5 1.00
253 254  0  5 1.00
253 255  0  5 1.00
254 255  0  5 1.00
254 256  0  5 1.00
255 256  0  5 1.00
255 257  0  5 1.00
256 257  0  5 1.00
256 258  0  5 1.00
257 258  0  5 1.00
257 259  0  5 1.00
257 272  0  5 1.00
258 259  0  5 1.00
258 260  0  5 1.00
258 297  0  5 1.00
258 298  0  5 1.00
259 260  0  5 1.00
259 261  0  5 1.00
259 270  0  5 1.00
259 271  0  5 1.00
259 272  0  5 1.00
259 297  0  5 1.00
259 298  0  5 1.00
260 261  0  5 1.00
260 262  0  5 1.00
260 270  0  5 1.00
260 271  0  5 1.00
260 272  0  5 1.00
260 295  0  5 1.00
260 296  0  5 1.00
260 297  0  5 1.00
261 262  0  5 1.00
261 263  0  5 1.00
261 268  0  5 1.00
261 269  0  5 1.00
261 270  0  5 1.00
261 271  0  5 1.00
261 272  0  5 1.00
261 295  0  5 1.00
261 296  0  5 1.00
262 263  0  5 1.00
262 264  0  5 1.00
262 268  0  5 1.00
262 269  0  5 1.00
262 293  0  5 1.00
262 294  0  5 1.00
262 295  0  5 1.00
263 264  0  5 1.00
263 265  0  5 1.00
263 266  0  5 1.00
263 267  0  5 1.00
263 268  0  5 1.00
263 293  0  5 1.00
263 294  0  5 1.00
264 265  0  5 1.00
264 266  0  5 1.00
264 267  0  5 1.00
264 268  0  5 1.00
264 293  0  5 1.00
265 266  0  5 1.00
265 267  0  5 1.00
266 267  0  5 1.00
266 268  0  5 1.00
267 268  0  5 1.00
267 269  0  5 1.00
268 269  0  5 1.00
268 270  0  5 1.00
269 270  0  5 1.00
269 271  0  5 1.00
270 271  0  5 1.00
270 272  0  5 1.00
271 272  0  5 1.00
271 273  0  5 1.00
271 274  0  5 1.00
272 273  0  5 1.00
272 274  0  5 1.00
273 274  0  5 1.00
273 275  0  5 1.00
274 275  0  5 1.00
274 276  0  5 1.00
275 276  0  5 1.00
275 277  0  5 1.00
276 277  0  5 1.00
276 278  0  5 1.00
277 278  0  5 1.00
277 279  0  5 1.00
278 279  0  5 1.00
278 280  0  5 1.00
278 281  0  5 1.00
279 280  0  5 1.00
279 281  0  5 1.00
280 281  0  5 1.00
280 282  0  5 1.00
281 282  0  5 1.00
281 283  0  5 1.00
282 283  0  5 1.00
282 284  0  5 1.00
282 290  0  5 1.00
282 309  0  5 1.00
283 284  0  5 1.00
283 285  0  5 1.00
283 288  0  5 1.00
283 290  0  5 1.00
283 309  0  5 1.00
284 285  0  5 1.00
284 286  0  5 1.00
284 288  0  5 1.00
284 289  0  5 1.00
284 290  0  5 1.00
284 308  0  5 1.00
284 309  0  5 1.00
284 310  0  5 1.00
285 286  0  5 1.00
285 287  0  5 1.00
285 288  0  5 1.00
285 289  0  5 1.00
285 290  0  5 1.00
285 383  0  5 1.00
286 287  0  5 1.00
286 288  0  5 1.00
286 289  0  5 1.00
286 382  0  5 1.00
286 383  0  5 1.00
286 384  0  5 1.00
286 385  0  5 1.00
287 288  0  5 1.00
287 289  0  5 1.00
288 289  0  5 1.00
288 290  0  5 1.00
289 290  0  5 1.00
289 291  0  5 1.00
289 380  0  5 1.00
289 381  0  5 1.00
290 291  0  5 1.00
290 292  0  5 1.00
290 307  0  5 1.00
290 308  0  5 1.00
290 309  0  5 1.00
291 292  0  5 1.00
291 293  0  5 1.00
291 307  0  5 1.00
291 308  0  5 1.00
292 293  0  5 1.00
292 294  0  5 1.00
292 305  0  5 1.00
292 306  0  5 1.00
292 307  0  5 1.00
292 308  0  5 1.00
293 294  0  5 1.00
293 295  0  5 1.00
293 305  0  5 1.00
293 306  0  5 1.00
293 307  0  5 1.00
294 295  0  5 1.00
294 296  0  5 1.00
294 303  0  5 1.00
294 304  0  5 1.00
294 305  0  5 1.00
294 306  0  5 1.00
295 296  0  5 1.00
295 297  0  5 1.00
295 303  0  5 1.00
295 304  0  5 1.00
295 305  0  5 1.00
296 297  0  5 1.00
296 298  0  5 1.00
296 301  0  5 1.00
296 302  0  5 1.00
296 303  0  5 1.00
297 298  0  5 1.00
297 299  0  5 1.00
297 301  0  5 1.00
297 302  0  5 1.00
297 303  0  5 1.00
298 299  0  5 1.00
298 300  0  5 1.00
298 301  0  5 1.00
299 300  0  5 1.00
299 301  0  5 1.00
300 301  0  5 1.00
300 302  0  5 1.00
301 302  0  5 1.00
301 303  0  5 1.00
302 303  0  5 1.00
302 304  0  5 1.00
303 304  0  5 1.00
303 305  0  5 1.00
304 305  0  5 1.00
304 306  0  5 1.00
305 306  0  5 1.00
305 307  0  5 1.00
306 307  0  5 1.00
306 308  0  5 1.00
306 429  0  5 1.00
307 308  0  5 1.00
307 309  0  5 1.00
308 309  0  5 1.00
308 310  0  5 1.00
308 431  0  5 1.00
309 310  0  5 1.00
309 311  0  5 1.00
310 311  0  5 1.00
310 312  0  5 1.00
311 312  0  5 1.00
311 313  0  5 1.00
311 320  0  5 1.00
311 321  0  5 1.00
311 322  0  5 1.00
311 323  0  5 1.00
312 313  0  5 1.00
312 314  0  5 1.00
312 320  0  5 1.00
312 321  0  5 1.00
312 461  0  5 1.00
313 314  0  5 1.00
313 315  0  5 1.00
313 318  0  5 1.00
313 319  0  5 1.00
313 320  0  5 1.00
313 321  0  5 1.00
314 315  0  5 1.00
314 316  0  5 1.00
314 318  0  5 1.00
314 319  0  5 1.00
314 320  0  5 1.00
315 316  0  5 1.00
315 317  0  5 1.00
315 318  0  5 1.00
316 317  0  5 1.00
316 318  0  5 1.00
317 318  0  5 1.00
317 319  0  5 1.00
317 510  0  5 1.00
317 511  0  5 1.00
317 512  0  5 1.00
317 540  0  5 1.00
317 541  0  5 1.00
318 319  0  5 1.00
318 320  0  5 1.00
318 512  0  5 1.00
318 540  0  5 1.00
319 320  0  5 1.00
319 321  0  5 1.00
319 324  0  5 1.00
319 325  0  5 1.00
319 326  0  5 1.00
320 321  0  5 1.00
320 322  0  5 1.00
320 323  0  5 1.00
320 324  0  5 1.00
320 325  0  5 1.00
320 326  0  5 1.00
321 322  0  5 1.00
321 323  0  5 1.00
321 324  0  5 1.00
321 325  0  5 1.00
322 323  0  5 1.00
322 324  0  5 1.00
323 324  0  5 1.00
323 325  0  5 1.00
324 325  0  5 1.00
324 326  0  5 1.00
325 326  0  5 1.00
325 327  0  5 1.00
325 625  0  5 1.00
326 327  0  5 1.00
326 328  0  5 1.00
326 542  0  5 1.00
326 543  0  5 1.00
327 328  0  5 1.00
327 329  0  5 1.00
327 543  0  5 1.00
328 329  0  5 1.00
328 330  0  5 1.00
328 543  0  5 1.00
328 544  0  5 1.00
328 545  0  5 1.00
329 330  0  5 1.00
329 331  0  5 1.00
329 360  0  5 1.00
329 361  0  5 1.00
329 362  0  5 1.00
329 363  0  5 1.00
329 545  0  5 1.00
330 331  0  5 1.00
330 332  0  5 1.00
330 363  0  5 1.00
330 364  0  5 1.00
330 545  0  5 1.00
330 546  0  5 1.00
330 547  0  5 1.00
331 332  0  5 1.00
331 333  0  5 1.00
331 363  0  5 1.00
331 364  0  5 1.00
331 365  0  5 1.00
331 546  0  5 1.00
331 547  0  5 1.00
332 333  0  5 1.00
332 334  0  5 1.00
332 365  0  5 1.00
332 546  0  5 1.00
332 547  0  5 1.00
332 549  0  5 1.00
332 550  0  5 1.00
332 551  0  5 1.00
333 334  0  5 1.00
333 335  0  5 1.00
333 365  0  5 1.00
333 366  0  5 1.00
333 367  0  5 1.00
333 550  0  5 1.00
334 335  0  5 1.00
334 336  0  5 1.00
334 367  0  5 1.00
335 336  0  5 1.00
335 337  0  5 1.00
335 341  0  5 1.00
335 342  0  5 1.00
335 367  0  5 1.00
336 337  0  5 1.00
336 338  0  5 1.00
336 341  0  5 1.00
336 342  0  5 1.00
336 589  0  5 1.00
337 338  0  5 1.00
337 339  0  5 1.00
337 340  0  5 1.00
337 341  0  5 1.00
337 343  0  5 1.00
337 554  0  5 1.00
337 589  0  5 1.00
338 339  0  5 1.00
338 340  0  5 1.00
338 341  0  5 1.00
338 554  0  5 1.00
338 555  0  5 1.00
338 556  0  5 1.00
338 589  0  5 1.00
339 340  0  5 1.00
339 341  0  5 1.00
340 341  0  5 1.00
340 342  0  5 1.00
340 343  0  5 1.00
341 342  0  5 1.00
341 343  0  5 1.00
342 343  0  5 1.00
342 344  0  5 1.00
343 344  0  5 1.00
343 345  0  5 1.00
344 345  0  5 1.00
344 346  0  5 1.00
345 346  0  5 1.00
345 347  0  5 1.00
345 348  0  5 1.00
345 349  0  5 1.00
346 347  0  5 1.00
346 348  0  5 1.00
346 349  0  5 1.00
346 350  0  5 1.00
346 351  0  5 1.00
347 348  0  5 1.00
347 349  0  5 1.00
347 350  0  5 1.00
347 351  0  5 1.00
347 352  0  5 1.00
348 349  0  5 1.00
348 350  0  5 1.00
348 351  0  5 1.00
348 352  0  5 1.00
348 353  0  5 1.00
349 350  0  5 1.00
349 351  0  5 1.00
349 352  0  5 1.00
349 353  0  5 1.00
349 354  0  5 1.00
350 351  0  5 1.00
350 352  0  5 1.00
350 353  0  5 1.00
350 354  0  5 1.00
351 352  0  5 1.00
351 353  0  5 1.00
351 354  0  5 1.00
351 355  0  5 1.00
352 353  0  5 1.00
352 354  0  5 1.00
352 355  0  5 1.00
352 356  0  5 1.00
353 354  0  5 1.00
353 355  0  5 1.00
353 356  0  5 1.00
353 357  0  5 1.00
354 355  0  5 1.00
354 356  0  5 1.00
354 357  0  5 1.00
354 358  0  5 1.00
354 696  0  5 1.00
355 356  0  5 1.00
355 357  0  5 1.00
355 358  0  5 1.00
355 359  0  5 1.00
356 357  0  5 1.00
356 358  0  5 1.00
356 359  0  5 1.00
356 360  0  5 1.00
356 361  0  5 1.00
357 358  0  5 1.00
357 359  0  5 1.00
357 360  0  5 1.00
357 361  0  5 1.00
358 359  0  5 1.00
358 360  0  5 1.00
358 696  0  5 1.00
358 702  0  5 1.00
359 360  0  5 1.00
359 361  0  5 1.00
359 600  0  5 1.00
359 601  0  5 1.00
360 361  0  5 1.00
360 362  0  5 1.00
360 604  0  5 1.00
361 362  0  5 1.00
361 363  0  5 1.00
362 363  0  5 1.00
362 364  0  5 1.00
362 383  0  5 1.00
362 384  0  5 1.00
362 385  0  5 1.00
363 364  0  5 1.00
363 365  0  5 1.00
363 384  0  5 1.00
363 385  0  5 1.00
364 365  0  5 1.00
364 366  0  5 1.00
364 385  0  5 1.00
364 386  0  5 1.00
364 387  0  5 1.00
365 366  0  5 1.00
365 367  0  5 1.00
365 387  0  5 1.00
366 367  0  5 1.00
366 368  0  5 1.00
366 369  0  5 1.00
366 370  0  5 1.00
366 387  0  5 1.00
366 389  0  5 1.00
367 368  0  5 1.00
367 369  0  5 1.00
368 369  0  5 1.00
368 370  0  5 1.00
368 389  0  5 1.00
368 390  0  5 1.00
368 391  0  5 1.00
368 392  0  5 1.00
369 370  0  5 1.00
369 371  0  5 1.00
369 389  0  5 1.00
369 390  0  5 1.00
369 391  0  5 1.00
370 371  0  5 1.00
370 372  0  5 1.00
370 389  0  5 1.00
370 390  0  5 1.00
370 391  0  5 1.00
371 372  0  5 1.00
371 373  0  5 1.00
372 373  0  5 1.00
372 374  0  5 1.00
372 375  0  5 1.00
372 376  0  5 1.00
373 374  0  5 1.00
373 375  0  5 1.00
373 376  0  5 1.00
373 377  0  5 1.00
374 375  0  5 1.00
374 376  0  5 1.00
374 377  0  5 1.00
374 378  0  5 1.00
375 376  0  5 1.00
375 377  0  5 1.00
375 378  0  5 1.00
375 379  0  5 1.00
376 377  0  5 1.00
376 378  0  5 1.00
376 379  0  5 1.00
376 380  0  5 1.00
377 378  0  5 1.00
377 379  0  5 1.00
377 380  0  5 1.00
377 381  0  5 1.00
377 382  0  5 1.00
378 379  0  5 1.00
378 380  0  5 1.00
378 381  0  5 1.00
378 382  0  5 1.00
378 383  0  5 1.00
379 380  0  5 1.00
379 381  0  5 1.00
379 382  0  5 1.00
379 383  0  5 1.00
379 384  0  5 1.00
380 381  0  5 1.00
380 382  0  5 1.00
380 383  0  5 1.00
380 432  0  5 1.00
381 382  0  5 1.00
381 383  0  5 1.00
382 383  0  5 1.00
382 384  0  5 1.00
383 384  0  5 1.00
383 385  0  5 1.00
384 385  0  5 1.00
384 386  0  5 1.00
384 432  0  5 1.00
385 386  0  5 1.00
385 387  0  5 1.00
385 432  0  5 1.00
386 387  0  5 1.00
386 388  0  5 1.00
386 432  0  5 1.00
386 433  0  5 1.00
386 434  0  5 1.00
386 435  0  5 1.00
387 388  0  5 1.00
387 389  0  5 1.00
387 435  0  5 1.00
388 389  0  5 1.00
388 390  0  5 1.00
388 435  0  5 1.00
388 436  0  5 1.00
388 437  0  5 1.00
389 390  0  5 1.00
389 391  0  5 1.00
389 437  0  5 1.00
390 391  0  5 1.00
390 392  0  5 1.00
390 437  0  5 1.00
390 438  0  5 1.00
390 439  0  5 1.00
391 392  0  5 1.00
391 393  0  5 1.00
392 393  0  5 1.00
392 394  0  5 1.00
392 438  0  5 1.00
392 439  0  5 1.00
392 440  0  5 1.00
393 394  0  5 1.00
393 395  0  5 1.00
393 440  0  5 1.00
393 441  0  5 1.00
393 442  0  5 1.00
394 395  0  5 1.00
394 396  0  5 1.00
394 397  0  5 1.00
394 398  0  5 1.00
394 440  0  5 1.00
394 441  0  5 1.00
394 442  0  5 1.00
395 396  0  5 1.00
395 397  0  5 1.00
395 398  0  5 1.00
395 399  0  5 1.00
395 441  0  5 1.00
396 397  0  5 1.00
396 398  0  5 1.00
396 399  0  5 1.00
397 398  0  5 1.00
397 399  0  5 1.00
397 400  0  5 1.00
397 401  0  5 1.00
397 402  0  5 1.00
397 403  0  5 1.00
398 399  0  5 1.00
398 400  0  5 1.00
398 401  0  5 1.00
398 402  0  5 1.00
399 400  0  5 1.00
399 401  0  5 1.00
400 401  0  5 1.00
400 402  0  5 1.00
400 403  0  5 1.00
401 402  0  5 1.00
401 403  0  5 1.00
402 403  0  5 1.00
402 404  0  5 1.00
402 405  0  5 1.00
403 404  0  5 1.00
403 405  0  5 1.00
404 405  0  5 1.00
404 406  0  5 1.00
405 406  0  5 1.00
405 407  0  5 1.00
405 408  0  5 1.00
405 409  0  5 1.00
406 407  0  5 1.00
406 408  0  5 1.00
406 409  0  5 1.00
406 412  0  5 1.00
407 408  0  5 1.00
407 409  0  5 1.00
407 442  0  5 1.00
407 444  0  5 1.00
407 445  0  5 1.00
407 446  0  5 1.00
407 447  0  5 1.00
407 448  0  5 1.00
408 409  0  5 1.00
408 410  0  5 1.00
408 444  0  5 1.00
408 445  0  5 1.00
408 446  0  5 1.00
408 447  0  5 1.00
409 410  0  5 1.00
409 411  0  5 1.00
409 412  0  5 1.00
409 413  0  5 1.00
410 411  0  5 1.00
410 412  0  5 1.00
410 413  0  5 1.00
411 412  0  5 1.00
411 413  0  5 1.00
411 414  0  5 1.00
412 413  0  5 1.00
412 414  0  5 1.00
412 415  0  5 1.00
412 416  0  5 1.00
412 417  0  5 1.00
413 414  0  5 1.00
413 415  0  5 1.00
413 416  0  5 1.00
413 417  0  5 1.00
413 418  0  5 1.00
414 415  0  5 1.00
414 416  0  5 1.00
414 417  0  5 1.00
414 418  0  5 1.00
415 416  0  5 1.00
415 417  0  5 1.00
415 418  0  5 1.00
415 419  0  5 1.00
416 417  0  5 1.00
416 418  0  5 1.00
416 419  0  5 1.00
416 420  0  5 1.00
417 418  0  5 1.00
417 419  0  5 1.00
417 420  0  5 1.00
417 421  0  5 1.00
417 422  0  5 1.00
418 419  0  5 1.00
418 420  0  5 1.00
418 421  0  5 1.00
418 422  0  5 1.00
418 423  0  5 1.00
419 420  0  5 1.00
419 421  0  5 1.00
419 422  0  5 1.00
419 423  0  5 1.00
420 421  0  5 1.00
420 422  0  5 1.00
420 423  0  5 1.00
420 424  0  5 1.00
420 425  0  5 1.00
421 422  0  5 1.00
421 423  0  5 1.00
421 424  0  5 1.00
421 425  0  5 1.00
421 426  0  5 1.00
422 423  0  5 1.00
422 424  0  5 1.00
422 425  0  5 1.00
422 426  0  5 1.00
423 424  0  5 1.00
423 425  0  5 1.00
423 426  0  5 1.00
423 427  0  5 1.00
424 425  0  5 1.00
424 426  0  5 1.00
424 427  0  5 1.00
424 428  0  5 1.00
425 426  0  5 1.00
425 427  0  5 1.00
425 428  0  5 1.00
426 427  0  5 1.00
426 428  0  5 1.00
427 428  0  5 1.00
427 429  0  5 1.00
427 430  0  5 1.00
428 429  0  5 1.00
428 430  0  5 1.00
429 430  0  5 1.00
429 431  0  5 1.00
430 431  0  5 1.00
430 432  0  5 1.00
430 433  0  5 1.00
431 432  0  5 1.00
431 433  0  5 1.00
431 434  0  5 1.00
432 433  0  5 1.00
432 434  0  5 1.00
433 434  0  5 1.00
433 435  0  5 1.00
434 435  0  5 1.00
434 436  0  5 1.00
434 462  0  5 1.00
434 463  0  5 1.00
435 436  0  5 1.00
435 437  0  5 1.00
435 462  0  5 1.00
435 463  0  5 1.00
436 437  0  5 1.00
436 438  0  5 1.00
436 463  0  5 1.00
436 464  0  5 1.00
436 465  0  5 1.00
437 438  0  5 1.00
437 439  0  5 1.00
437 465  0  5 1.00
438 439  0  5 1.00
438 440  0  5 1.00
438 465  0  5 1.00
438 466  0  5 1.00
439 440  0  5 1.00
439 441  0  5 1.00
439 465  0  5 1.00
440 441  0  5 1.00
440 442  0  5 1.00
441 442  0  5 1.00
441 443  0  5 1.00
442 443  0  5 1.00
442 444  0  5 1.00
443 444  0  5 1.00
443 445  0  5 1.00
443 468  0  5 1.00
443 469  0  5 1.00
444 445  0  5 1.00
444 446  0  5 1.00
445 446  0  5 1.00
445 447  0  5 1.00
445 448  0  5 1.00
445 449  0  5 1.00
446 447  0  5 1.00
446 448  0  5 1.00
446 449  0  5 1.00
446 450  0  5 1.00
447 448  0  5 1.00
447 449  0  5 1.00
447 450  0  5 1.00
447 451  0  5 1.00
448 449  0  5 1.00
448 450  0  5 1.00
448 451  0  5 1.00
448 452  0  5 1.00
448 453  0  5 1.00
449 450  0  5 1.00
449 451  0  5 1.00
449 452  0  5 1.00
449 453  0  5 1.00
449 454  0  5 1.00
450 451  0  5 1.00
450 452  0  5 1.00
450 453  0  5 1.00
450 454  0  5 1.00
451 452  0  5 1.00
451 453  0  5 1.00
451 454  0  5 1.00
451 455  0  5 1.00
452 453  0  5 1.00
452 454  0  5 1.00
452 455  0  5 1.00
452 456  0  5 1.00
452 457  0  5 1.00
452 474  0  5 1.00
453 454  0  5 1.00
453 455  0  5 1.00
453 456  0  5 1.00
453 457  0  5 1.00
454 455  0  5 1.00
454 456  0  5 1.00
454 457  0  5 1.00
454 458  0  5 1.00
454 459  0  5 1.00
455 456  0  5 1.00
455 457  0  5 1.00
455 458  0  5 1.00
455 459  0  5 1.00
455 460  0  5 1.00
456 457  0  5 1.00
456 458  0  5 1.00
456 459  0  5 1.00
456 460  0  5 1.00
457 458  0  5 1.00
457 459  0  5 1.00
457 460  0  5 1.00
458 459  0  5 1.00
458 460  0  5 1.00
459 460  0  5 1.00
459 461  0  5 1.00
459 462  0  5 1.00
460 461  0  5 1.00
460 462  0  5 1.00
461 462  0  5 1.00
461 463  0  5 1.00
462 463  0  5 1.00
462 464  0  5 1.00
463 464  0  5 1.00
463 465  0  5 1.00
464 465  0  5 1.00
464 466  0  5 1.00
464 475  0  5 1.00
464 476  0  5 1.00
464 477  0  5 1.00
465 466  0  5 1.00
465 467  0  5 1.00
466 467  0  5 1.00
466 468  0  5 1.00
466 469  0  5 1.00
467 468  0  5 1.00
467 469  0  5 1.00
467 470  0  5 1.00
467 479  0  5 1.00
468 469  0  5 1.00
468 470  0  5 1.00
469 470  0  5 1.00
469 471  0  5 1.00
469 472  0  5 1.00
469 473  0  5 1.00
470 471  0  5 1.00
470 472  0  5 1.00
471 472  0  5 1.00
471 473  0  5 1.00
471 504  0  5 1.00
472 473  0  5 1.00
472 474  0  5 1.00
472 475  0  5 1.00
473 474  0  5 1.00
473 475  0  5 1.00
474 475  0  5 1.00
474 476  0  5 1.00
475 476  0  5 1.00
475 477  0  5 1.00
476 477  0  5 1.00
476 478  0  5 1.00
476 511  0  5 1.00
477 478  0  5 1.00
477 479  0  5 1.00
477 512  0  5 1.00
478 479  0  5 1.00
478 480  0  5 1.00
478 512  0  5 1.00
478 513  0  5 1.00
478 514  0  5 1.00
479 480  0  5 1.00
479 481  0  5 1.00
479 514  0  5 1.00
480 481  0  5 1.00
480 482  0  5 1.00
480 514  0  5 1.00
480 515  0  5 1.00
480 516  0  5 1.00
480 517  0  5 1.00
481 482  0  5 1.00
481 483  0  5 1.00
481 516  0  5 1.00
481 517  0  5 1.00
482 483  0  5 1.00
482 484  0  5 1.00
482 517  0  5 1.00
482 518  0  5 1.00
482 986  0  5 1.00
482 987  0  5 1.00
483 484  0  5 1.00
483 485  0  5 1.00
484 485  0  5 1.00
484 486  0  5 1.00
484 487  0  5 1.00
484 488  0  5 1.00
484 489  0  5 1.00
485 486  0  5 1.00
485 487  0  5 1.00
485 488  0  5 1.00
485 489  0  5 1.00
486 487  0  5 1.00
486 488  0  5 1.00
486 489  0  5 1.00
486 490  0  5 1.00
487 488  0  5 1.00
487 489  0  5 1.00
487 490  0  5 1.00
487 491  0  5 1.00
487 492  0  5 1.00
488 489  0  5 1.00
488 490  0  5 1.00
488 491  0  5 1.00
488 492  0  5 1.00
488 493  0  5 1.00
489 490  0  5 1.00
489 491  0  5 1.00
489 492  0  5 1.00
489 493  0  5 1.00
490 491  0  5 1.00
490 492  0  5 1.00
490 493  0  5 1.00
490 494  0  5 1.00
490 495  0  5 1.00
490 496  0  5 1.00
491 492  0  5 1.00
491 493  0  5 1.00
491 494  0  5 1.00
491 495  0  5 1.00
491 496  0  5 1.00
492 493  0  5 1.00
492 494  0  5 1.00
492 539  0  5 1.00
492 541  0  5 1.00
493 494  0  5 1.00
493 495  0  5 1.00
494 495  0  5 1.00
494 496  0  5 1.00
495 496  0  5 1.00
495 497  0  5 1.00
496 497  0  5 1.00
496 498  0  5 1.00
497 498  0  5 1.00
497 499  0  5 1.00
498 499  0  5 1.00
498 500  0  5 1.00
499 500  0  5 1.00
499 501  0  5 1.00
499 502  0  5 1.00
499 505  0  5 1.00
500 501  0  5 1.00
500 502  0  5 1.00
501 502  0  5 1.00
501 503  0  5 1.00
501 504  0  5 1.00
501 505  0  5 1.00
502 503  0  5 1.00
502 504  0  5 1.00
502 505  0  5 1.00
502 506  0  5 1.00
503 504  0  5 1.00
503 505  0  5 1.00
503 506  0  5 1.00
503 507  0  5 1.00
504 505  0  5 1.00
504 506  0  5 1.00
504 507  0  5 1.00
504 508  0  5 1.00
504 509  0  5 1.00
505 506  0  5 1.00
505 507  0  5 1.00
505 508  0  5 1.00
505 509  0  5 1.00
505 510  0  5 1.00
506 507  0  5 1.00
506 508  0  5 1.00
506 509  0  5 1.00
506 510  0  5 1.00
507 508  0  5 1.00
507 509  0  5 1.00
507 510  0  5 1.00
507 511  0  5 1.00
508 509  0  5 1.00
508 510  0  5 1.00
508 511  0  5 1.00
509 510  0  5 1.00
509 511  0  5 1.00
510 511  0  5 1.00
510 512  0  5 1.00
511 512  0  5 1.00
511 513  0  5 1.00
512 513  0  5 1.00
512 514  0  5 1.00
512 541  0  5 1.00
513 514  0  5 1.00
513 515  0  5 1.00
513 541  0  5 1.00
513 542  0  5 1.00
513 543  0  5 1.00
513 544  0  5 1.00
514 515  0  5 1.00
514 516  0  5 1.00
514 543  0  5 1.00
514 544  0  5 1.00
515 516  0  5 1.00
515 517  0  5 1.00
515 518  0  5 1.00
515 544  0  5 1.00
515 545  0  5 1.00
515 546  0  5 1.00
516 517  0  5 1.00
516 518  0  5 1.00
516 546  0  5 1.00
517 518  0  5 1.00
517 519  0  5 1.00
517 546  0  5 1.00
517 548  0  5 1.00
518 519  0  5 1.00
518 520  0  5 1.00
518 546  0  5 1.00
518 547  0  5 1.00
518 548  0  5 1.00
519 520  0  5 1.00
519 521  0  5 1.00
519 526  0  5 1.00
519 548  0  5 1.00
520 521  0  5 1.00
520 522  0  5 1.00
520 526  0  5 1.00
520 548  0  5 1.00
520 982  0  5 1.00
520 985  0  5 1.00
521 522  0  5 1.00
521 523  0  5 1.00
521 526  0  5 1.00
521 548  0  5 1.00
521 549  0  5 1.00
521 584  0  5 1.00
521 585  0  5 1.00
521 586  0  5 1.00
522 523  0  5 1.00
522 524  0  5 1.00
522 525  0  5 1.00
522 583  0  5 1.00
522 584  0  5 1.00
522 585  0  5 1.00
522 767  0  5 1.00
523 524  0  5 1.00
523 525  0  5 1.00
523 583  0  5 1.00
524 525  0  5 1.00
524 526  0  5 1.00
524 916  0  5 1.00
524 980  0  5 1.00
524 981  0  5 1.00
525 526  0  5 1.00
525 527  0  5 1.00
525 596  0  5 1.00
525 981  0  5 1.00
526 527  0  5 1.00
526 528  0  5 1.00
526 529  0  5 1.00
526 596  0  5 1.00
526 890  0  5 1.00
526 891  0  5 1.00
526 981  0  5 1.00
527 528  0  5 1.00
527 529  0  5 1.00
527 890  0  5 1.00
527 980  0  5 1.00
527 981  0  5 1.00
527 982  0  5 1.00
528 529  0  5 1.00
528 530  0  5 1.00
528 531  0  5 1.00
528 532  0  5 1.00
528 890  0  5 1.00
529 530  0  5 1.00
529 531  0  5 1.00
529 532  0  5 1.00
529 533  0  5 1.00
529 890  0  5 1.00
530 531  0  5 1.00
530 532  0  5 1.00
530 533  0  5 1.00
530 534  0  5 1.00
531 532  0  5 1.00
531 533  0  5 1.00
531 534  0  5 1.00
531 535  0  5 1.00
532 533  0  5 1.00
532 534  0  5 1.00
532 535  0  5 1.00
532 536  0  5 1.00
533 534  0  5 1.00
533 535  0  5 1.00
533 536  0  5 1.00
533 537  0  5 1.00
533 538  0  5 1.00
534 535  0  5 1.00
534 536  0  5 1.00
534 537  0  5 1.00
534 538  0  5 1.00
535 536  0  5 1.00
535 537  0  5 1.00
535 538  0  5 1.00
535 539  0  5 1.00
536 537  0  5 1.00
536 538  0  5 1.00
536 539  0  5 1.00
536 542  0  5 1.00
537 538  0  5 1.00
537 539  0  5 1.00
538 539  0  5 1.00
538 540  0  5 1.00
539 540  0  5 1.00
539 541  0  5 1.00
539 542  0  5 1.00
540 541  0  5 1.00
540 542  0  5 1.00
540 543  0  5 1.00
541 542  0  5 1.00
541 543  0  5 1.00
542 543  0  5 1.00
542 544  0  5 1.00
543 544  0  5 1.00
543 545  0  5 1.00
544 545  0  5 1.00
544 546  0  5 1.00
545 546  0  5 1.00
545 547  0  5 1.00
546 547  0  5 1.00
546 548  0  5 1.00
547 548  0  5 1.00
547 549  0  5 1.00
547 550  0  5 1.00
548 549  0  5 1.00
548 550  0  5 1.00
548 584  0  5 1.00
549 550  0  5 1.00
549 551  0  5 1.00
549 584  0  5 1.00
549 585  0  5 1.00
549 586  0  5 1.00
550 551  0  5 1.00
550 552  0  5 1.00
550 585  0  5 1.00
550 586  0  5 1.00
550 587  0  5 1.00
551 552  0  5 1.00
551 553  0  5 1.00
551 582  0  5 1.00
551 584  0  5 1.00
551 585  0  5 1.00
551 586  0  5 1.00
551 587  0  5 1.00
551 588  0  5 1.00
552 553  0  5 1.00
552 554  0  5 1.00
552 582  0  5 1.00
552 583  0  5 1.00
552 584  0  5 1.00
552 585  0  5 1.00
552 587  0  5 1.00
552 588  0  5 1.00
552 589  0  5 1.00
553 554  0  5 1.00
553 555  0  5 1.00
553 567  0  5 1.00
553 582  0  5 1.00
553 583  0  5 1.00
554 555  0  5 1.00
554 556  0  5 1.00
554 566  0  5 1.00
554 567  0  5 1.00
554 582  0  5 1.00
554 589  0  5 1.00
555 556  0  5 1.00
555 557  0  5 1.00
555 565  0  5 1.00
555 566  0  5 1.00
555 567  0  5 1.00
556 557  0  5 1.00
556 558  0  5 1.00
556 565  0  5 1.00
556 566  0  5 1.00
556 567  0  5 1.00
557 558  0  5 1.00
557 559  0  5 1.00
557 563  0  5 1.00
557 564  0  5 1.00
557 565  0  5 1.00
557 566  0  5 1.00
557 567  0  5 1.00
558 559  0  5 1.00
558 560  0  5 1.00
558 563  0  5 1.00
558 564  0  5 1.00
559 560  0  5 1.00
559 561  0  5 1.00
559 562  0  5 1.00
559 563  0  5 1.00
560 561  0  5 1.00
560 562  0  5 1.00
561 562  0  5 1.00
561 563  0  5 1.00
562 563  0  5 1.00
562 564  0  5 1.00
563 564  0  5 1.00
563 565  0  5 1.00
564 565  0  5 1.00
564 566  0  5 1.00
565 566  0  5 1.00
565 567  0  5 1.00
566 567  0  5 1.00
566 568  0  5 1.00
567 568  0  5 1.00
567 569  0  5 1.00
568 569  0  5 1.00
568 570  0  5 1.00
568 571  0  5 1.00
568 572  0  5 1.00
568 579  0  5 1.00
569 570  0  5 1.00
569 571  0  5 1.00
569 578  0  5 1.00
569 579  0  5 1.00
569 580  0  5 1.00
570 571  0  5 1.00
570 572  0  5 1.00
570 573  0  5 1.00
570 574  0  5 1.00
570 579  0  5 1.00
571 572  0  5 1.00
571 573  0  5 1.00
572 573  0  5 1.00
572 574  0  5 1.00
573 574  0  5 1.00
573 575  0  5 1.00
574 575  0  5 1.00
574 576  0  5 1.00
575 576  0  5 1.00
575 577  0  5 1.00
576 577  0  5 1.00
576 578  0  5 1.00
577 578  0  5 1.00
577 579  0  5 1.00
578 579  0  5 1.00
578 580  0  5 1.00
578 581  0  5 1.00
579 580  0  5 1.00
579 581  0  5 1.00
579 582  0  5 1.00
580 581  0  5 1.00
580 582  0  5 1.00
580 583  0  5 1.00
580 584  0  5 1.00
581 582  0  5 1.00
581 583  0  5 1.00
581 584  0  5 1.00
582 583  0  5 1.00
582 584  0  5 1.00
583 584  0  5 1.00
583 585  0  5 1.00
584 585  0  5 1.00
584 586  0  5 1.00
585 586  0  5 1.00
585 587  0  5 1.00
586 587  0  5 1.00
586 588  0  5 1.00
586 592  0  5 1.00
586 593  0  5 1.00
586 594  0  5 1.00
586 597  0  5 1.00
587 588  0  5 1.00
587 589  0  5 1.00
587 591  0  5 1.00
587 592  0  5 1.00
587 593  0  5 1.00
587 594  0  5 1.00
588 589  0  5 1.00
588 590  0  5 1.00
588 591  0  5 1.00
588 592  0  5 1.00
589 590  0  5 1.00
589 591  0  5 1.00
590 591  0  5 1.00
590 592  0  5 1.00
591 592  0  5 1.00
591 593  0  5 1.00
592 593  0  5 1.00
592 594  0  5 1.00
593 594  0  5 1.00
593 595  0  5 1.00
594 595  0  5 1.00
594 596  0  5 1.00
594 597  0  5 1.00
594 598  0  5 1.00
595 596  0  5 1.00
595 597  0  5 1.00
595 598  0  5 1.00
595 599  0  5 1.00
595 600  0  5 1.00
596 597  0  5 1.00
596 598  0  5 1.00
596 599  0  5 1.00
596 600  0  5 1.00
596 601  0  5 1.00
597 598  0  5 1.00
597 599  0  5 1.00
597 600  0  5 1.00
597 601  0  5 1.00
598 599  0  5 1.00
598 600  0  5 1.00
598 601  0  5 1.00
598 602  0  5 1.00
598 894  0  5 1.00
599 600  0  5 1.00
599 601  0  5 1.00
599 602  0  5 1.00
599 603  0  5 1.00
599 893  0  5 1.00
599 894  0  5 1.00
600 601  0  5 1.00
600 602  0  5 1.00
600 603  0  5 1.00
600 604  0  5 1.00
600 605  0  5 1.00
601 602  0  5 1.00
601 603  0  5 1.00
601 604  0  5 1.00
601 605  0  5 1.00
602 603  0  5 1.00
602 604  0  5 1.00
602 605  0  5 1.00
603 604  0  5 1.00
603 605  0  5 1.00
604 605  0  5 1.00
604 606  0  5 1.00
605 606  0  5 1.00
605 607  0  5 1.00
605 703  0  5 1.00
606 607  0  5 1.00
606 608  0  5 1.00
606 621  0  5 1.00
606 622  0  5 1.00
606 623  0  5 1.00
606 624  0  5 1.00
607 608  0  5 1.00
607 609  0  5 1.00
607 621  0  5 1.00
607 622  0  5 1.00
607 623  0  5 1.00
607 704  0  5 1.00
608 609  0  5 1.00
608 610  0  5 1.00
608 619  0  5 1.00
608 620  0  5 1.00
608 621  0  5 1.00
609 610  0  5 1.00
609 611  0  5 1.00
609 619  0  5 1.00
609 620  0  5 1.00
609 705  0  5 1.00
609 706  0  5 1.00
609 707  0  5 1.00
610 611  0  5 1.00
610 612  0  5 1.00
610 617  0  5 1.00
610 618  0  5 1.00
610 619  0  5 1.00
611 612  0  5 1.00
611 613  0  5 1.00
611 617  0  5 1.00
611 618  0  5 1.00
611 619  0  5 1.00
611 707  0  5 1.00
612 613  0  5 1.00
612 614  0  5 1.00
612 615  0  5 1.00
612 616  0  5 1.00
612 617  0  5 1.00
612 618  0  5 1.00
613 614  0  5 1.00
613 615  0  5 1.00
614 615  0  5 1.00
614 616  0  5 1.00
614 670  0  5 1.00
615 616  0  5 1.00
615 617  0  5 1.00
615 669  0  5 1.00
615 670  0  5 1.00
616 617  0  5 1.00
616 618  0  5 1.00
616 663  0  5 1.00
616 664  0  5 1.00
616 665  0  5 1.00
617 618  0  5 1.00
617 619  0  5 1.00
617 663  0  5 1.00
617 664  0  5 1.00
617 665  0  5 1.00
618 619  0  5 1.00
618 620  0  5 1.00
618 661  0  5 1.00
618 662  0  5 1.00
618 663  0  5 1.00
619 620  0  5 1.00
619 621  0  5 1.00
619 661  0  5 1.00
619 662  0  5 1.00
619 663  0  5 1.00
620 621  0  5 1.00
620 622  0  5 1.00
620 659  0  5 1.00
620 660  0  5 1.00
620 661  0  5 1.00
620 662  0  5 1.00
621 622  0  5 1.00
621 623  0  5 1.00
621 659  0  5 1.00
621 660  0  5 1.00
622 623  0  5 1.00
622 624  0  5 1.00
622 656  0  5 1.00
622 657  0  5 1.00
622 658  0  5 1.00
622 659  0  5 1.00
622 660  0  5 1.00
623 624  0  5 1.00
623 625  0  5 1.00
623 658  0  5 1.00
624 625  0  5 1.00
624 626  0  5 1.00
624 627  0  5 1.00
624 657  0  5 1.00
624 658  0  5 1.00
625 626  0  5 1.00
625 627  0  5 1.00
625 657  0  5 1.00
626 627  0  5 1.00
626 628  0  5 1.00
626 657  0  5 1.00
627 628  0  5 1.00
627 629  0  5 1.00
627 655  0  5 1.00
627 656  0  5 1.00
627 657  0  5 1.00
628 629  0  5 1.00
628 630  0  5 1.00
628 631  0  5 1.00
628 655  0  5 1.00
628 656  0  5 1.00
628 657  0  5 1.00
629 630  0  5 1.00
629 631  0  5 1.00
629 632  0  5 1.00
629 654  0  5 1.00
629 655  0  5 1.00
630 631  0  5 1.00
630 632  0  5 1.00
630 654  0  5 1.00
631 632  0  5 1.00
631 633  0  5 1.00
631 689  0  5 1.00
631 690  0  5 1.00
631 691  0  5 1.00
631 692  0  5 1.00
632 633  0  5 1.00
632 634  0  5 1.00
632 689  0  5 1.00
632 690  0  5 1.00
632 691  0  5 1.00
633 634  0  5 1.00
633 635  0  5 1.00
633 687  0  5 1.00
633 688  0  5 1.00
633 689  0  5 1.00
633 690  0  5 1.00
633 691  0  5 1.00
634 635  0  5 1.00
634 636  0  5 1.00
634 648  0  5 1.00
634 649  0  5 1.00
634 650  0  5 1.00
634 687  0  5 1.00
634 688  0  5 1.00
635 636  0  5 1.00
635 637  0  5 1.00
635 648  0  5 1.00
635 649  0  5 1.00
635 685  0  5 1.00
635 686  0  5 1.00
635 687  0  5 1.00
636 637  0  5 1.00
636 638  0  5 1.00
636 646  0  5 1.00
636 647  0  5 1.00
636 648  0  5 1.00
636 649  0  5 1.00
636 685  0  5 1.00
636 686  0  5 1.00
636 687  0  5 1.00
637 638  0  5 1.00
637 639  0  5 1.00
637 646  0  5 1.00
637 647  0  5 1.00
637 683  0  5 1.00
637 684  0  5 1.00
637 685  0  5 1.00
638 639  0  5 1.00
638 640  0  5 1.00
638 643  0  5 1.00
638 644  0  5 1.00
638 645  0  5 1.00
638 646  0  5 1.00
638 647  0  5 1.00
638 683  0  5 1.00
638 684  0  5 1.00
639 640  0  5 1.00
639 641  0  5 1.00
639 643  0  5 1.00
639 644  0  5 1.00
639 645  0  5 1.00
639 681  0  5 1.00
639 682  0  5 1.00
639 683  0  5 1.00
640 641  0  5 1.00
640 642  0  5 1.00
640 643  0  5 1.00
640 644  0  5 1.00
640 681  0  5 1.00
640 682  0  5 1.00
641 642  0  5 1.00
641 643  0  5 1.00
641 681  0  5 1.00
642 643  0  5 1.00
642 644  0  5 1.00
643 644  0  5 1.00
643 645  0  5 1.00
644 645  0  5 1.00
644 646  0  5 1.00
645 646  0  5 1.00
645 647  0  5 1.00
646 647  0  5 1.00
646 648  0  5 1.00
647 648  0  5 1.00
647 649  0  5 1.00
648 649  0  5 1.00
648 650  0  5 1.00
649 650  0  5 1.00
649 651  0  5 1.00
650 651  0  5 1.00
650 652  0  5 1.00
651 652  0  5 1.00
651 653  0  5 1.00
652 653  0  5 1.00
652 654  0  5 1.00
653 654  0  5 1.00
653 655  0  5 1.00
654 655  0  5 1.00
654 656  0  5 1.00
655 656  0  5 1.00
655 657  0  5 1.00
656 657  0  5 1.00
656 658  0  5 1.00
656 659  0  5 1.00
657 658  0  5 1.00
657 659  0  5 1.00
658 659  0  5 1.00
658 660  0  5 1.00
659 660  0  5 1.00
659 661  0  5 1.00
660 661  0  5 1.00
660 662  0  5 1.00
661 662  0  5 1.00
661 663  0  5 1.00
662 663  0  5 1.00
662 664  0  5 1.00
663 664  0  5 1.00
663 665  0  5 1.00
664 665  0  5 1.00
664 666  0  5 1.00
665 666  0  5 1.00
665 667  0  5 1.00
666 667  0  5 1.00
666 668  0  5 1.00
666 669  0  5 1.00
666 670  0  5 1.00
667 668  0  5 1.00
667 669  0  5 1.00
667 670  0  5 1.00
667 671  0  5 1.00
668 669  0  5 1.00
668 670  0  5 1.00
668 671  0  5 1.00
668 672  0  5 1.00
669 670  0  5 1.00
669 671  0  5 1.00
669 672  0  5 1.00
669 673  0  5 1.00
670 671  0  5 1.00
670 672  0  5 1.00
670 673  0  5 1.00
670 674  0  5 1.00
670 675  0  5 1.00
671 672  0  5 1.00
671 673  0  5 1.00
671 674  0  5 1.00
671 675  0  5 1.00
672 673  0  5 1.00
672 674  0  5 1.00
672 675  0  5 1.00
672 676  0  5 1.00
673 674  0  5 1.00
673 675  0  5 1.00
673 676  0  5 1.00
674 675  0  5 1.00
674 676  0  5 1.00
675 676  0  5 1.00
675 677  0  5 1.00
676 677  0  5 1.00
676 678  0  5 1.00
677 678  0  5 1.00
677 679  0  5 1.00
677 680  0  5 1.00
678 679  0  5 1.00
678 680  0  5 1.00
679 680  0  5 1.00
679 681  0  5 1.00
679 711  0  5 1.00
679 712  0  5 1.00
679 713  0  5 1.00
680 681  0  5 1.00
680 682  0  5 1.00
680 710  0  5 1.00
680 711  0  5 1.00
680 712  0  5 1.00
681 682  0  5 1.00
681 683  0  5 1.00
681 710  0  5 1.00
681 711  0  5 1.00
681 712  0  5 1.00
682 683  0  5 1.00
682 684  0  5 1.00
682 708  0  5 1.00
682 709  0  5 1.00
682 710  0  5 1.00
683 684  0  5 1.00
683 685  0  5 1.00
683 708  0  5 1.00
683 709  0  5 1.00
684 685  0  5 1.00
684 686  0  5 1.00
684 706  0  5 1.00
684 707  0  5 1.00
684 708  0  5 1.00
685 686  0  5 1.00
685 687  0  5 1.00
685 706  0  5 1.00
685 707  0  5 1.00
686 687  0  5 1.00
686 688  0  5 1.00
686 704  0  5 1.00
686 705  0  5 1.00
686 706  0  5 1.00
686 707  0  5 1.00
687 688  0  5 1.00
687 689  0  5 1.00
687 704  0  5 1.00
687 705  0  5 1.00
688 689  0  5 1.00
688 690  0  5 1.00
688 701  0  5 1.00
688 702  0  5 1.00
688 703  0  5 1.00
688 704  0  5 1.00
688 705  0  5 1.00
689 690  0  5 1.00
689 691  0  5 1.00
689 700  0  5 1.00
689 701  0  5 1.00
689 702  0  5 1.00
689 703  0  5 1.00
690 691  0  5 1.00
690 692  0  5 1.00
690 698  0  5 1.00
690 699  0  5 1.00
690 700  0  5 1.00
690 701  0  5 1.00
691 692  0  5 1.00
691 693  0  5 1.00
691 699  0  5 1.00
691 700  0  5 1.00
692 693  0  5 1.00
692 694  0  5 1.00
692 697  0  5 1.00
692 698  0  5 1.00
692 699  0  5 1.00
693 694  0  5 1.00
693 695  0  5 1.00
693 697  0  5 1.00
693 698  0  5 1.00
693 699  0  5 1.00
694 695  0  5 1.00
694 696  0  5 1.00
694 697  0  5 1.00
694 698  0  5 1.00
694 699  0  5 1.00
695 696  0  5 1.00
695 697  0  5 1.00
696 697  0  5 1.00
696 698  0  5 1.00
697 698  0  5 1.00
697 699  0  5 1.00
698 699  0  5 1.00
698 700  0  5 1.00
698 701  0  5 1.00
699 700  0  5 1.00
699 701  0  5 1.00
700 701  0  5 1.00
700 702  0  5 1.00
701 702  0  5 1.00
701 703  0  5 1.00
702 703  0  5 1.00
702 704  0  5 1.00
703 704  0  5 1.00
703 705  0  5 1.00
704 705  0  5 1.00
704 706  0  5 1.00
705 706  0  5 1.00
705 707  0  5 1.00
706 707  0  5 1.00
706 708  0  5 1.00
707 708  0  5 1.00
707 709  0  5 1.00
708 709  0  5 1.00
708 710  0  5 1.00
709 710  0  5 1.00
709 711  0  5 1.00
710 711  0  5 1.00
710 712  0  5 1.00
711 712  0  5 1.00
711 713  0  5 1.00
712 713  0  5 1.00
712 714  0  5 1.00
713 714  0  5 1.00
713 715  0  5 1.00
714 715  0  5 1.00
714 716  0  5 1.00
715 716  0  5 1.00
715 717  0  5 1.00
716 717  0  5 1.00
716 718  0  5 1.00
717 718  0  5 1.00
717 719  0  5 1.00
718 719  0  5 1.00
718 720  0  5 1.00
718 836  0  5 1.00
719 720  0  5 1.00
719 721  0  5 1.00
719 722  0  5 1.00
719 835  0  5 1.00
719 836  0  5 1.00
720 721  0  5 1.00
720 722  0  5 1.00
720 805  0  5 1.00
720 806  0  5 1.00
720 809  0  5 1.00
720 810  0  5 1.00
720 835  0  5 1.00
721 722  0  5 1.00
721 723  0  5 1.00
721 806  0  5 1.00
721 807  0  5 1.00
721 808  0  5 1.00
721 809  0  5 1.00
721 810  0  5 1.00
721 835  0  5 1.00
721 836  0  5 1.00
722 723  0  5 1.00
722 724  0  5 1.00
722 808  0  5 1.00
722 809  0  5 1.00
722 810  0  5 1.00
722 835  0  5 1.00
722 836  0  5 1.00
723 724  0  5 1.00
723 725  0  5 1.00
723 732  0  5 1.00
723 733  0  5 1.00
723 734  0  5 1.00
723 808  0  5 1.00
723 809  0  5 1.00
723 810  0  5 1.00
724 725  0  5 1.00
724 726  0  5 1.00
724 732  0  5 1.00
724 733  0  5 1.00
725 726  0  5 1.00
725 727  0  5 1.00
725 730  0  5 1.00
725 731  0  5 1.00
725 732  0  5 1.00
725 733  0  5 1.00
726 727  0  5 1.00
726 728  0  5 1.00
726 730  0  5 1.00
726 731  0  5 1.00
727 728  0  5 1.00
727 729  0  5 1.00
727 730  0  5 1.00
727 731  0  5 1.00
728 729  0  5 1.00
728 730  0  5 1.00
729 730  0  5 1.00
729 731  0  5 1.00
729 738  0  5 1.00
729 739  0  5 1.00
729 740  0  5 1.00
729 741  0  5 1.00
730 731  0  5 1.00
730 732  0  5 1.00
730 738  0  5 1.00
730 739  0  5 1.00
730 740  0  5 1.00
731 732  0  5 1.00
731 733  0  5 1.00
731 736  0  5 1.00
731 737  0  5 1.00
731 738  0  5 1.00
731 740  0  5 1.00
732 733  0  5 1.00
732 734  0  5 1.00
732 736  0  5 1.00
732 737  0  5 1.00
732 738  0  5 1.00
733 734  0  5 1.00
733 735  0  5 1.00
733 736  0  5 1.00
734 735  0  5 1.00
734 736  0  5 1.00
734 837  0  5 1.00
735 736  0  5 1.00
735 737  0  5 1.00
735 747  0  5 1.00
735 748  0  5 1.00
735 749  0  5 1.00
735 750  0  5 1.00
735 837  0  5 1.00
736 737  0  5 1.00
736 738  0  5 1.00
736 747  0  5 1.00
736 748  0  5 1.00
736 749  0  5 1.00
737 738  0  5 1.00
737 739  0  5 1.00
737 744  0  5 1.00
737 745  0  5 1.00
737 746  0  5 1.00
737 747  0  5 1.00
738 739  0  5 1.00
738 740  0  5 1.00
738 744  0  5 1.00
738 745  0  5 1.00
738 746  0  5 1.00
739 740  0  5 1.00
739 741  0  5 1.00
739 742  0  5 1.00
739 743  0  5 1.00
739 744  0  5 1.00
739 745  0  5 1.00
739 746  0  5 1.00
740 741  0  5 1.00
740 742  0  5 1.00
740 743  0  5 1.00
741 742  0  5 1.00
741 743  0  5 1.00
742 743  0  5 1.00
742 744  0  5 1.00
743 744  0  5 1.00
743 745  0  5 1.00
744 745  0  5 1.00
744 746  0  5 1.00
745 746  0  5 1.00
745 747  0  5 1.00
745 753  0  5 1.00
746 747  0  5 1.00
746 748  0  5 1.00
746 751  0  5 1.00
746 752  0  5 1.00
746 753  0  5 1.00
747 748  0  5 1.00
747 749  0  5 1.00
747 750  0  5 1.00
747 751  0  5 1.00
747 752  0  5 1.00
747 753  0  5 1.00
748 749  0  5 1.00
748 750  0  5 1.00
748 751  0  5 1.00
749 750  0  5 1.00
749 751  0  5 1.00
750 751  0  5 1.00
750 752  0  5 1.00
751 752  0  5 1.00
751 753  0  5 1.00
752 753  0  5 1.00
752 754  0  5 1.00
752 869  0  5 1.00
752 870  0  5 1.00
752 871  0  5 1.00
752 872  0  5 1.00
753 754  0  5 1.00
753 755  0  5 1.00
753 869  0  5 1.00
753 870  0  5 1.00
753 871  0  5 1.00
754 755  0  5 1.00
754 756  0  5 1.00
754 869  0  5 1.00
754 870  0  5 1.00
754 871  0  5 1.00
755 756  0  5 1.00
755 757  0  5 1.00
755 867  0  5 1.00
755 868  0  5 1.00
755 869  0  5 1.00
756 757  0  5 1.00
756 758  0  5 1.00
756 867  0  5 1.00
756 868  0  5 1.00
757 758  0  5 1.00
757 759  0  5 1.00
757 865  0  5 1.00
757 866  0  5 1.00
757 867  0  5 1.00
758 759  0  5 1.00
758 760  0  5 1.00
758 865  0  5 1.00
758 866  0  5 1.00
759 760  0  5 1.00
759 761  0  5 1.00
759 863  0  5 1.00
759 864  0  5 1.00
759 865  0  5 1.00
759 866  0  5 1.00
759 867  0  5 1.00
760 761  0  5 1.00
760 762  0  5 1.00
760 861  0  5 1.00
760 862  0  5 1.00
760 863  0  5 1.00
761 762  0  5 1.00
761 763  0  5 1.00
761 790  0  5 1.00
761 862  0  5 1.00
761 863  0  5 1.00
762 763  0  5 1.00
762 764  0  5 1.00
763 764  0  5 1.00
763 765  0  5 1.00
763 915  0  5 1.00
763 916  0  5 1.00
763 951  0  5 1.00
763 955  0  5 1.00
764 765  0  5 1.00
764 766  0  5 1.00
764 914  0  5 1.00
764 915  0  5 1.00
764 916  0  5 1.00
765 766  0  5 1.00
765 767  0  5 1.00
765 768  0  5 1.00
765 769  0  5 1.00
765 916  0  5 1.00
766 767  0  5 1.00
766 768  0  5 1.00
766 769  0  5 1.00
766 770  0  5 1.00
766 984  0  5 1.00
767 768  0  5 1.00
767 769  0  5 1.00
767 770  0  5 1.00
767 980  0  5 1.00
767 983  0  5 1.00
767 984  0  5 1.00
768 769  0  5 1.00
768 770  0  5 1.00
768 780  0  5 1.00
768 781  0  5 1.00
768 782  0  5 1.00
768 783  0  5 1.00
769 770  0  5 1.00
769 771  0  5 1.00
769 780  0  5 1.00
769 782  0  5 1.00
770 771  0  5 1.00
770 772  0  5 1.00
770 780  0  5 1.00
770 781  0  5 1.00
770 983  0  5 1.00
770 984  0  5 1.00
771 772  0  5 1.00
771 773  0  5 1.00
771 778  0  5 1.00
771 779  0  5 1.00
771 780  0  5 1.00
771 983  0  5 1.00
772 773  0  5 1.00
772 774  0  5 1.00
772 777  0  5 1.00
772 778  0  5 1.00
772 779  0  5 1.00
773 774  0  5 1.00
773 775  0  5 1.00
774 775  0  5 1.00
774 776  0  5 1.00
774 777  0  5 1.00
775 776  0  5 1.00
775 777  0  5 1.00
776 777  0  5 1.00
776 778  0  5 1.00
777 778  0  5 1.00
777 779  0  5 1.00
778 779  0  5 1.00
778 780  0  5 1.00
779 780  0  5 1.00
779 781  0  5 1.00
780 781  0  5 1.00
780 782  0  5 1.00
780 783  0  5 1.00
780 784  0  5 1.00
781 782  0  5 1.00
781 783  0  5 1.00
781 784  0  5 1.00
781 785  0  5 1.00
782 783  0  5 1.00
782 784  0  5 1.00
782 785  0  5 1.00
782 786  0  5 1.00
783 784  0  5 1.00
783 785  0  5 1.00
783 786  0  5 1.00
783 787  0  5 1.00
783 788  0  5 1.00
784 785  0  5 1.00
784 786  0  5 1.00
784 787  0  5 1.00
784 788  0  5 1.00
785 786  0  5 1.00
785 787  0  5 1.00
785 788  0  5 1.00
785 789  0  5 1.00
785 790  0  5 1.00
785 791  0  5 1.00
786 787  0  5 1.00
786 788  0  5 1.00
786 789  0  5 1.00
786 790  0  5 1.00
787 788  0  5 1.00
787 789  0  5 1.00
788 789  0  5 1.00
788 790  0  5 1.00
789 790  0  5 1.00
789 791  0  5 1.00
789 792  0  5 1.00
789 793  0  5 1.00
789 820  0  5 1.00
790 791  0  5 1.00
790 792  0  5 1.00
790 793  0  5 1.00
791 792  0  5 1.00
791 793  0  5 1.00
792 793  0  5 1.00
792 794  0  5 1.00
792 819  0  5 1.00
792 820  0  5 1.00
792 821  0  5 1.00
793 794  0  5 1.00
793 795  0  5 1.00
793 819  0  5 1.00
793 820  0  5 1.00
794 795  0  5 1.00
794 796  0  5 1.00
794 817  0  5 1.00
794 818  0  5 1.00
794 819  0  5 1.00
794 820  0  5 1.00
795 796  0  5 1.00
795 797  0  5 1.00
795 817  0  5 1.00
795 818  0  5 1.00
796 797  0  5 1.00
796 798  0  5 1.00
796 815  0  5 1.00
796 816  0  5 1.00
796 817  0  5 1.00
797 798  0  5 1.00
797 799  0  5 1.00
797 815  0  5 1.00
797 816  0  5 1.00
798 799  0  5 1.00
798 800  0  5 1.00
798 815  0  5 1.00
798 816  0  5 1.00
799 800  0  5 1.00
799 801  0  5 1.00
799 813  0  5 1.00
799 814  0  5 1.00
799 815  0  5 1.00
800 801  0  5 1.00
800 802  0  5 1.00
800 813  0  5 1.00
800 814  0  5 1.00
801 802  0  5 1.00
801 803  0  5 1.00
801 811  0  5 1.00
801 812  0  5 1.00
801 813  0  5 1.00
802 803  0  5 1.00
802 804  0  5 1.00
802 811  0  5 1.00
802 812  0  5 1.00
802 813  0  5 1.00
803 804  0  5 1.00
803 805  0  5 1.00
803 809  0  5 1.00
803 810  0  5 1.00
803 811  0  5 1.00
804 805  0  5 1.00
804 806  0  5 1.00
804 809  0  5 1.00
804 810  0  5 1.00
804 811  0  5 1.00
805 806  0  5 1.00
805 807  0  5 1.00
805 809  0  5 1.00
805 810  0  5 1.00
805 811  0  5 1.00
806 807  0  5 1.00
806 808  0  5 1.00
806 809  0  5 1.00
806 810  0  5 1.00
807 808  0  5 1.00
807 809  0  5 1.00
808 809  0  5 1.00
808 810  0  5 1.00
809 810  0  5 1.00
809 811  0  5 1.00
810 811  0  5 1.00
810 812  0  5 1.00
810 833  0  5 1.00
810 834  0  5 1.00
811 812  0  5 1.00
811 813  0  5 1.00
811 833  0  5 1.00
811 834  0  5 1.00
812 813  0  5 1.00
812 814  0  5 1.00
812 831  0  5 1.00
812 832  0  5 1.00
812 833  0  5 1.00
813 814  0  5 1.00
813 815  0  5 1.00
813 831  0  5 1.00
813 832  0  5 1.00
813 833  0  5 1.00
814 815  0  5 1.00
814 816  0  5 1.00
814 829  0  5 1.00
814 830  0  5 1.00
814 831  0  5 1.00
815 816  0  5 1.00
815 817  0  5 1.00
815 829  0  5 1.00
815 830  0  5 1.00
816 817  0  5 1.00
816 818  0  5 1.00
816 827  0  5 1.00
816 828  0  5 1.00
816 829  0  5 1.00
816 830  0  5 1.00
817 818  0  5 1.00
817 819  0  5 1.00
817 827  0  5 1.00
817 828  0  5 1.00
817 829  0  5 1.00
818 819  0  5 1.00
818 820  0  5 1.00
818 825  0  5 1.00
818 826  0  5 1.00
818 827  0  5 1.00
819 820  0  5 1.00
819 821  0  5 1.00
819 825  0  5 1.00
819 826  0  5 1.00
820 821  0  5 1.00
820 822  0  5 1.00
820 823  0  5 1.00
820 825  0  5 1.00
821 822  0  5 1.00
821 823  0  5 1.00
822 823  0  5 1.00
822 824  0  5 1.00
823 824  0  5 1.00
823 825  0  5 1.00
824 825  0  5 1.00
824 826  0  5 1.00
824 849  0  5 1.00
825 826  0  5 1.00
825 827  0  5 1.00
825 849  0  5 1.00
825 850  0  5 1.00
825 851  0  5 1.00
826 827  0  5 1.00
826 828  0  5 1.00
826 847  0  5 1.00
826 848  0  5 1.00
826 849  0  5 1.00
826 850  0  5 1.00
827 828  0  5 1.00
827 829  0  5 1.00
827 847  0  5 1.00
827 848  0  5 1.00
827 849  0  5 1.00
828 829  0  5 1.00
828 830  0  5 1.00
828 845  0  5 1.00
828 846  0  5 1.00
828 847  0  5 1.00
828 848  0  5 1.00
828 849  0  5 1.00
829 830  0  5 1.00
829 831  0  5 1.00
829 845  0  5 1.00
829 846  0  5 1.00
830 831  0  5 1.00
830 832  0  5 1.00
830 843  0  5 1.00
830 844  0  5 1.00
830 845  0  5 1.00
831 832  0  5 1.00
831 833  0  5 1.00
831 843  0  5 1.00
831 844  0  5 1.00
832 833  0  5 1.00
832 834  0  5 1.00
832 841  0  5 1.00
832 842  0  5 1.00
832 843  0  5 1.00
833 834  0  5 1.00
833 835  0  5 1.00
833 841  0  5 1.00
833 842  0  5 1.00
834 835  0  5 1.00
834 836  0  5 1.00
834 839  0  5 1.00
834 840  0  5 1.00
834 841  0  5 1.00
835 836  0  5 1.00
835 837  0  5 1.00
835 839  0  5 1.00
835 840  0  5 1.00
835 841  0  5 1.00
836 837  0  5 1.00
836 838  0  5 1.00
836 839  0  5 1.00
837 838  0  5 1.00
837 839  0  5 1.00
838 839  0  5 1.00
838 840  0  5 1.00
838 1006  0  5 1.00
838 1007  0  5 1.00
838 1008  0  5 1.00
839 840  0  5 1.00
839 841  0  5 1.00
839 1006  0  5 1.00
839 1007  0  5 1.00
840 841  0  5 1.00
840 842  0  5 1.00
840 1004  0  5 1.00
840 1005  0  5 1.00
840 1006  0  5 1.00
840 1007  0  5 1.00
841 842  0  5 1.00
841 843  0  5 1.00
841 1004  0  5 1.00
841 1005  0  5 1.00
842 843  0  5 1.00
842 844  0  5 1.00
842 1002  0  5 1.00
842 1003  0  5 1.00
842 1004  0  5 1.00
842 1005  0  5 1.00
843 844  0  5 1.00
843 845  0  5 1.00
843 1002  0  5 1.00
843 1003  0  5 1.00
843 1004  0  5 1.00
844 845  0  5 1.00
844 846  0  5 1.00
844 1000  0  5 1.00
844 1001  0  5 1.00
844 1002  0  5 1.00
845 846  0  5 1.00
845 847  0  5 1.00
845 1000  0  5 1.00
845 1001  0  5 1.00
846 847  0  5 1.00
846 848  0  5 1.00
846 998  0  5 1.00
846 999  0  5 1.00
846 1000  0  5 1.00
846 1001  0  5 1.00
847 848  0  5 1.00
847 849  0  5 1.00
847 999  0  5 1.00
848 849  0  5 1.00
848 850  0  5 1.00
848 999  0  5 1.00
849 850  0  5 1.00
849 851  0  5 1.00
850 851  0  5 1.00
850 852  0  5 1.00
851 852  0  5 1.00
851 853  0  5 1.00
852 853  0  5 1.00
852 854  0  5 1.00
852 857  0  5 1.00
852 858  0  5 1.00
852 859  0  5 1.00
853 854  0  5 1.00
853 855  0  5 1.00
853 857  0  5 1.00
853 858  0  5 1.00
853 859  0  5 1.00
854 855  0  5 1.00
854 856  0  5 1.00
854 857  0  5 1.00
854 858  0  5 1.00
854 859  0  5 1.00
855 856  0  5 1.00
855 857  0  5 1.00
856 857  0  5 1.00
856 858  0  5 1.00
857 858  0  5 1.00
857 859  0  5 1.00
858 859  0  5 1.00
858 860  0  5 1.00
859 860  0  5 1.00
859 861  0  5 1.00
859 996  0  5 1.00
859 997  0  5 1.00
860 861  0  5 1.00
860 862  0  5 1.00
860 995  0  5 1.00
860 996  0  5 1.00
861 862  0  5 1.00
861 863  0  5 1.00
861 978  0  5 1.00
861 995  0  5 1.00
861 996  0  5 1.00
861 997  0  5 1.00
862 863  0  5 1.00
862 864  0  5 1.00
862 976  0  5 1.00
862 977  0  5 1.00
862 978  0  5 1.00
863 864  0  5 1.00
863 865  0  5 1.00
863 976  0  5 1.00
863 977  0  5 1.00
863 978  0  5 1.00
864 865  0  5 1.00
864 866  0  5 1.00
864 973  0  5 1.00
864 974  0  5 1.00
864 975  0  5 1.00
864 976  0  5 1.00
864 977  0  5 1.00
865 866  0  5 1.00
865 867  0  5 1.00
865 973  0  5 1.00
865 974  0  5 1.00
865 975  0  5 1.00
865 976  0  5 1.00
866 867  0  5 1.00
866 868  0  5 1.00
866 971  0  5 1.00
866 972  0  5 1.00
866 973  0  5 1.00
866 974  0  5 1.00
867 868  0  5 1.00
867 869  0  5 1.00
867 971  0  5 1.00
867 972  0  5 1.00
868 869  0  5 1.00
868 870  0  5 1.00
868 969  0  5 1.00
868 970  0  5 1.00
868 971  0  5 1.00
869 870  0  5 1.00
869 871  0  5 1.00
869 969  0  5 1.00
869 970  0  5 1.00
870 871  0  5 1.00
870 872  0  5 1.00
870 967  0  5 1.00
870 968  0  5 1.00
870 969  0  5 1.00
871 872  0  5 1.00
871 873  0  5 1.00
871 967  0  5 1.00
871 968  0  5 1.00
872 873  0  5 1.00
872 874  0  5 1.00
872 967  0  5 1.00
872 968  0  5 1.00
872 969  0  5 1.00
873 874  0  5 1.00
873 875  0  5 1.00
873 929  0  5 1.00
873 930  0  5 1.00
873 931  0  5 1.00
873 967  0  5 1.00
873 968  0  5 1.00
873 969  0  5 1.00
874 875  0  5 1.00
874 876  0  5 1.00
874 904  0  5 1.00
874 929  0  5 1.00
874 930  0  5 1.00
875 876  0  5 1.00
875 877  0  5 1.00
875 902  0  5 1.00
875 903  0  5 1.00
875 904  0  5 1.00
875 929  0  5 1.00
876 877  0  5 1.00
876 878  0  5 1.00
876 902  0  5 1.00
876 903  0  5 1.00
876 904  0  5 1.00
876 927  0  5 1.00
876 928  0  5 1.00
876 929  0  5 1.00
877 878  0  5 1.00
877 879  0  5 1.00
877 900  0  5 1.00
877 901  0  5 1.00
877 902  0  5 1.00
877 903  0  5 1.00
877 904  0  5 1.00
877 927  0  5 1.00
877 928  0  5 1.00
878 879  0  5 1.00
878 880  0  5 1.00
878 900  0  5 1.00
878 901  0  5 1.00
878 902  0  5 1.00
878 925  0  5 1.00
878 926  0  5 1.00
878 927  0  5 1.00
879 880  0  5 1.00
879 881  0  5 1.00
879 898  0  5 1.00
879 899  0  5 1.00
879 900  0  5 1.00
879 901  0  5 1.00
879 925  0  5 1.00
879 926  0  5 1.00
879 927  0  5 1.00
880 881  0  5 1.00
880 882  0  5 1.00
880 898  0  5 1.00
880 899  0  5 1.00
880 922  0  5 1.00
880 923  0  5 1.00
880 924  0  5 1.00
880 925  0  5 1.00
880 926  0  5 1.00
881 882  0  5 1.00
881 883  0  5 1.00
881 896  0  5 1.00
881 897  0  5 1.00
881 898  0  5 1.00
881 921  0  5 1.00
881 922  0  5 1.00
881 923  0  5 1.00
881 924  0  5 1.00
882 883  0  5 1.00
882 884  0  5 1.00
882 885  0  5 1.00
882 895  0  5 1.00
882 896  0  5 1.00
882 897  0  5 1.00
882 920  0  5 1.00
882 921  0  5 1.00
882 922  0  5 1.00
883 884  0  5 1.00
883 885  0  5 1.00
883 894  0  5 1.00
883 895  0  5 1.00
883 896  0  5 1.00
884 885  0  5 1.00
884 886  0  5 1.00
885 886  0  5 1.00
885 887  0  5 1.00
885 895  0  5 1.00
886 887  0  5 1.00
886 888  0  5 1.00
886 892  0  5 1.00
886 918  0  5 1.00
886 919  0  5 1.00
886 920  0  5 1.00
887 888  0  5 1.00
887 889  0  5 1.00
887 891  0  5 1.00
887 892  0  5 1.00
887 919  0  5 1.00
887 920  0  5 1.00
887 921  0  5 1.00
888 889  0  5 1.00
888 890  0  5 1.00
888 891  0  5 1.00
888 892  0  5 1.00
889 890  0  5 1.00
889 891  0  5 1.00
889 978  0  5 1.00
889 979  0  5 1.00
890 891  0  5 1.00
890 892  0  5 1.00
890 979  0  5 1.00
891 892  0  5 1.00
891 893  0  5 1.00
892 893  0  5 1.00
892 894  0  5 1.00
892 895  0  5 1.00
893 894  0  5 1.00
893 895  0  5 1.00
894 895  0  5 1.00
894 896  0  5 1.00
895 896  0  5 1.00
895 897  0  5 1.00
896 897  0  5 1.00
896 898  0  5 1.00
897 898  0  5 1.00
897 899  0  5 1.00
898 899  0  5 1.00
898 900  0  5 1.00
899 900  0  5 1.00
899 901  0  5 1.00
900 901  0  5 1.00
900 902  0  5 1.00
901 902  0  5 1.00
901 903  0  5 1.00
902 903  0  5 1.00
902 904  0  5 1.00
903 904  0  5 1.00
903 905  0  5 1.00
903 906  0  5 1.00
903 907  0  5 1.00
904 905  0  5 1.00
904 906  0  5 1.00
904 907  0  5 1.00
904 908  0  5 1.00
904 946  0  5 1.00
905 906  0  5 1.00
905 907  0  5 1.00
905 908  0  5 1.00
906 907  0  5 1.00
906 908  0  5 1.00
907 908  0  5 1.00
907 909  0  5 1.00
907 918  0  5 1.00
908 909  0  5 1.00
908 910  0  5 1.00
909 910  0  5 1.00
909 911  0  5 1.00
910 911  0  5 1.00
910 912  0  5 1.00
911 912  0  5 1.00
911 913  0  5 1.00
911 914  0  5 1.00
912 913  0  5 1.00
912 914  0  5 1.00
912 958  0  5 1.00
912 959  0  5 1.00
912 960  0  5 1.00
913 914  0  5 1.00
913 915  0  5 1.00
913 957  0  5 1.00
913 958  0  5 1.00
914 915  0  5 1.00
914 916  0  5 1.00
914 954  0  5 1.00
914 957  0  5 1.00
914 958  0  5 1.00
915 916  0  5 1.00
915 917  0  5 1.00
915 954  0  5 1.00
916 917  0  5 1.00
916 918  0  5 1.00
917 918  0  5 1.00
917 919  0  5 1.00
918 919  0  5 1.00
918 920  0  5 1.00
918 944  0  5 1.00
918 945  0  5 1.00
919 920  0  5 1.00
919 921  0  5 1.00
919 944  0  5 1.00
919 945  0  5 1.00
920 921  0  5 1.00
920 922  0  5 1.00
920 923  0  5 1.00
920 942  0  5 1.00
920 943  0  5 1.00
920 944  0  5 1.00
920 945  0  5 1.00
921 922  0  5 1.00
921 923  0  5 1.00
921 942  0  5 1.00
921 943  0  5 1.00
921 944  0  5 1.00
922 923  0  5 1.00
922 924  0  5 1.00
922 941  0  5 1.00
922 942  0  5 1.00
922 943  0  5 1.00
923 924  0  5 1.00
923 925  0  5 1.00
923 939  0  5 1.00
923 940  0  5 1.00
923 941  0  5 1.00
923 942  0  5 1.00
923 943  0  5 1.00
924 925  0  5 1.00
924 926  0  5 1.00
924 937  0  5 1.00
924 938  0  5 1.00
924 939  0  5 1.00
924 941  0  5 1.00
925 926  0  5 1.00
925 927  0  5 1.00
925 937  0  5 1.00
925 938  0  5 1.00
926 927  0  5 1.00
926 928  0  5 1.00
926 935  0  5 1.00
926 936  0  5 1.00
926 937  0  5 1.00
927 928  0  5 1.00
927 929  0  5 1.00
927 935  0  5 1.00
927 936  0  5 1.00
928 929  0  5 1.00
928 930  0  5 1.00
928 933  0  5 1.00
928 934  0  5 1.00
928 935  0  5 1.00
929 930  0  5 1.00
929 931  0  5 1.00
929 933  0  5 1.00
929 934  0  5 1.00
930 931  0  5 1.00
930 932  0  5 1.00
930 933  0  5 1.00
930 934  0  5 1.00
931 932  0  5 1.00
931 933  0  5 1.00
932 933  0  5 1.00
932 934  0  5 1.00
932 1009  0  5 1.00
932 1010  0  5 1.00
933 934  0  5 1.00
933 935  0  5 1.00
933 1009  0  5 1.00
933 1010  0  5 1.00
934 935  0  5 1.00
934 936  0  5 1.00
934 1007  0  5 1.00
934 1008  0  5 1.00
934 1009  0  5 1.00
934 1010  0  5 1.00
935 936  0  5 1.00
935 937  0  5 1.00
935 1007  0  5 1.00
935 1008  0  5 1.00
936 937  0  5 1.00
936 938  0  5 1.00
936 1005  0  5 1.00
936 1006  0  5 1.00
936 1007  0  5 1.00
936 1008  0  5 1.00
937 938  0  5 1.00
937 939  0  5 1.00
937 1005  0  5 1.00
937 1006  0  5 1.00
938 939  0  5 1.00
938 940  0  5 1.00
938 1003  0  5 1.00
938 1004  0  5 1.00
938 1005  0  5 1.00
939 940  0  5 1.00
939 941  0  5 1.00
939 1003  0  5 1.00
939 1004  0  5 1.00
939 1005  0  5 1.00
940 941  0  5 1.00
940 942  0  5 1.00
940 1003  0  5 1.00
941 942  0  5 1.00
941 943  0  5 1.00
941 974  0  5 1.00
941 975  0  5 1.00
942 943  0  5 1.00
942 944  0  5 1.00
942 974  0  5 1.00
943 944  0  5 1.00
943 945  0  5 1.00
943 972  0  5 1.00
943 973  0  5 1.00
943 974  0  5 1.00
944 945  0  5 1.00
944 946  0  5 1.00
944 972  0  5 1.00
945 946  0  5 1.00
945 947  0  5 1.00
945 970  0  5 1.00
945 971  0  5 1.00
945 972  0  5 1.00
946 947  0  5 1.00
946 948  0  5 1.00
946 970  0  5 1.00
946 971  0  5 1.00
946 972  0  5 1.00
947 948  0  5 1.00
947 949  0  5 1.00
947 968  0  5 1.00
947 969  0  5 1.00
947 970  0  5 1.00
948 949  0  5 1.00
948 950  0  5 1.00
948 964  0  5 1.00
948 965  0  5 1.00
948 966  0  5 1.00
948 967  0  5 1.00
948 968  0  5 1.00
949 950  0  5 1.00
949 951  0  5 1.00
949 964  0  5 1.00
950 951  0  5 1.00
950 952  0  5 1.00
950 953  0  5 1.00
950 954  0  5 1.00
951 952  0  5 1.00
951 953  0  5 1.00
951 954  0  5 1.00
951 955  0  5 1.00
951 956  0  5 1.00
952 953  0  5 1.00
952 954  0  5 1.00
952 955  0  5 1.00
952 956  0  5 1.00
953 954  0  5 1.00
953 955  0  5 1.00
953 956  0  5 1.00
953 957  0  5 1.00
953 962  0  5 1.00
954 955  0  5 1.00
954 956  0  5 1.00
954 957  0  5 1.00
955 956  0  5 1.00
955 957  0  5 1.00
956 957  0  5 1.00
956 958  0  5 1.00
957 958  0  5 1.00
957 959  0  5 1.00
958 959  0  5 1.00
958 960  0  5 1.00
959 960  0  5 1.00
959 961  0  5 1.00
959 962  0  5 1.00
959 963  0  5 1.00
960 961  0  5 1.00
960 962  0  5 1.00
960 963  0  5 1.00
961 962  0  5 1.00
961 963  0  5 1.00
962 963  0  5 1.00
962 964  0  5 1.00
963 964  0  5 1.00
963 965  0  5 1.00
964 965  0  5 1.00
964 966  0  5 1.00
965 966  0  5 1.00
965 967  0  5 1.00
966 967  0  5 1.00
966 968  0  5 1.00
967 968  0  5 1.00
967 969  0  5 1.00
968 969  0  5 1.00
968 970  0  5 1.00
969 970  0  5 1.00
969 971  0  5 1.00
970 971  0  5 1.00
970 972  0  5 1.00
971 972  0  5 1.00
971 973  0  5 1.00
972 973  0  5 1.00
972 974  0  5 1.00
973 974  0  5 1.00
973 975  0  5 1.00
974 975  0  5 1.00
974 976  0  5 1.00
975 976  0  5 1.00
975 977  0  5 1.00
976 977  0  5 1.00
976 978  0  5 1.00
977 978  0  5 1.00
977 979  0  5 1.00
977 993  0  5 1.00
978 979  0  5 1.00
978 980  0  5 1.00
978 993  0  5 1.00
979 980  0  5 1.00
979 981  0  5 1.00
979 993  0  5 1.00
980 981  0  5 1.00
980 982  0  5 1.00
980 983  0  5 1.00
981 982  0  5 1.00
981 983  0  5 1.00
981 987  0  5 1.00
981 988  0  5 1.00
981 989  0  5 1.00
982 983  0  5 1.00
982 984  0  5 1.00
982 985  0  5 1.00
982 986  0  5 1.00
982 987  0  5 1.00
982 988  0  5 1.00
982 989  0  5 1.00
983 984  0  5 1.00
983 985  0  5 1.00
983 986  0  5 1.00
983 987  0  5 1.00
983 988  0  5 1.00
984 985  0  5 1.00
984 986  0  5 1.00
985 986  0  5 1.00
985 987  0  5 1.00
986 987  0  5 1.00
986 988  0  5 1.00
987 988  0  5 1.00
987 989  0  5 1.00
988 989  0  5 1.00
988 990  0  5 1.00
989 990  0  5 1.00
989 991  0  5 1.00
990 991  0  5 1.00
990 992  0  5 1.00
990 993  0  5 1.00
990 994  0  5 1.00
991 992  0  5 1.00
991 993  0  5 1.00
991 994  0  5 1.00
992 993  0  5 1.00
992 994  0  5 1.00
993 994  0  5 1.00
993 995  0  5 1.00
994 995  0  5 1.00
994 996  0  5 1.00
995 996  0  5 1.00
995 997  0  5 1.00
996 997  0  5 1.00
996 998  0  5 1.00
997 998  0  5 1.00
997 999  0  5 1.00
998 999  0  5 1.00
998 1000  0  5 1.00
999 1000  0  5 1.00
999 1001  0  5 1.00
1000 1001  0  5 1.00
1000 1002  0  5 1.00
1001 1002  0  5 1.00
1001 1003  0  5 1.00
1002 1003  0  5 1.00
1002 1004  0  5 1.00
1003 1004  0  5 1.00
1003 1005  0  5 1.00
1004 1005  0  5 1.00
1004 1006  0  5 1.00
1005 1006  0  5 1.00
1005 1007  0  5 1.00
1006 1007  0  5 1.00
1006 1008  0  5 1.00
1007 1008  0  5 1.00
1007 1009  0  5 1.00
1008 1009  0  5 1.00
1008 1010  0  5 1.00
1009 1010  0  5 1.00
END
HELX_P HELX_P1  AA1 GLY A 28  ? GLU A 36  ? GLY A 28  GLU A 36  1 ? 9  
HELX_P HELX_P2  AA2 GLY A 71  ? ALA A 75  ? GLY A 71  ALA A 75  5 ? 5  
HELX_P HELX_P3  AA3 GLY A 79  ? GLY A 83  ? GLY A 79  GLY A 83  5 ? 5  
HELX_P HELX_P4  AA4 SER A 97  ? GLY A 102 ? SER A 97  GLY A 102 5 ? 6  
HELX_P HELX_P5  AA5 GLY A 138 ? PHE A 142 ? GLY A 138 PHE A 142 5 ? 5  
HELX_P HELX_P6  AA6 SER A 198 ? GLU A 204 ? SER A 198 GLU A 204 5 ? 7  
HELX_P HELX_P7  AA7 PRO A 264 ? ALA A 267 ? PRO A 264 ALA A 267 5 ? 4  
HELX_P HELX_P8  AA8 PRO A 345 ? GLN A 358 ? PRO A 345 GLN A 358 1 ? 14 
HELX_P HELX_P9  AA9 GLN A 374 ? GLY A 383 ? GLN A 374 GLY A 383 1 ? 10 
HELX_P HELX_P10 AB1 THR A 394 ? GLY A 401 ? THR A 394 GLY A 401 5 ? 8  
HELX_P HELX_P11 AB2 ASN A 405 ? GLN A 411 ? ASN A 405 GLN A 411 5 ? 7  
HELX_P HELX_P12 AB3 TRP A 412 ? LYS A 428 ? TRP A 412 LYS A 428 1 ? 17 
HELX_P HELX_P13 AB4 GLY A 445 ? ASP A 459 ? GLY A 445 ASP A 459 1 ? 15 
HELX_P HELX_P14 AB5 SER A 484 ? GLN A 493 ? SER A 484 GLN A 493 1 ? 10 
HELX_P HELX_P15 AB6 ASP A 501 ? ALA A 510 ? ASP A 501 ALA A 510 1 ? 10 
HELX_P HELX_P16 AB7 GLY A 528 ? TYR A 539 ? GLY A 528 TYR A 539 1 ? 12 
HELX_P HELX_P17 AB8 ASP A 578 ? THR A 583 ? ASP A 578 THR A 583 5 ? 6  
HELX_P HELX_P18 AB9 ARG A 594 ? ILE A 604 ? ARG A 594 ILE A 604 1 ? 11 
HELX_P HELX_P19 AC1 PRO A 666 ? LEU A 676 ? PRO A 666 LEU A 676 1 ? 11 
HELX_P HELX_P20 AC2 ASP A 766 ? GLY A 770 ? ASP A 766 GLY A 770 5 ? 5  
HELX_P HELX_P21 AC3 PRO A 780 ? GLY A 789 ? PRO A 780 GLY A 789 1 ? 10 
HELX_P HELX_P22 AC4 ALA A 905 ? ASP A 908 ? ALA A 905 ASP A 908 5 ? 4  
HELX_P HELX_P23 AC5 SER A 950 ? ALA A 957 ? SER A 950 ALA A 957 1 ? 8  
HELX_P HELX_P24 AC6 HIS A 959 ? LEU A 963 ? HIS A 959 LEU A 963 5 ? 5  
HELX_P HELX_P25 AC7 LEU A 990 ? ARG A 994 ? LEU A 990 ARG A 994 5 ? 5 