6spw 391
  3   4  0  5 1.00
  3   5  0  5 1.00
  3 261  0  5 1.00
  3 262  0  5 1.00
  4   5  0  5 1.00
  4   6  0  5 1.00
  4 261  0  5 1.00
  4 262  0  5 1.00
  5   6  0  5 1.00
  5   7  0  5 1.00
  5 261  0  5 1.00
  5 262  0  5 1.00
  6   7  0  5 1.00
  6   8  0  5 1.00
  7   8  0  5 1.00
  7   9  0  5 1.00
  7 185  0  5 1.00
  7 208  0  5 1.00
  8   9  0  5 1.00
  8  10  0  5 1.00
  9  10  0  5 1.00
  9  11  0  5 1.00
  9  13  0  5 1.00
 10  11  0  5 1.00
 10  12  0  5 1.00
 11  12  0  5 1.00
 11  13  0  5 1.00
 12  13  0  5 1.00
 12  14  0  5 1.00
 12  15  0  5 1.00
 12 148  0  5 1.00
 13  14  0  5 1.00
 13  15  0  5 1.00
 13 182  0  5 1.00
 13 184  0  5 1.00
 14  15  0  5 1.00
 14  16  0  5 1.00
 14  17  0  5 1.00
 14  18  0  5 1.00
 15  16  0  5 1.00
 15  17  0  5 1.00
 15  18  0  5 1.00
 15  19  0  5 1.00
 16  17  0  5 1.00
 16  18  0  5 1.00
 16  19  0  5 1.00
 16 182  0  5 1.00
 17  18  0  5 1.00
 17  19  0  5 1.00
 18  19  0  5 1.00
 18  20  0  5 1.00
 19  20  0  5 1.00
 19  21  0  5 1.00
 20  21  0  5 1.00
 20  22  0  5 1.00
 20  23  0  5 1.00
 20  24  0  5 1.00
 21  22  0  5 1.00
 21  23  0  5 1.00
 21  24  0  5 1.00
 21  25  0  5 1.00
 22  23  0  5 1.00
 22  24  0  5 1.00
 22  25  0  5 1.00
 22  26  0  5 1.00
 23  24  0  5 1.00
 23  25  0  5 1.00
 24  25  0  5 1.00
 24  26  0  5 1.00
 25  26  0  5 1.00
 25  27  0  5 1.00
 25  28  0  5 1.00
 25  29  0  5 1.00
 26  27  0  5 1.00
 26  28  0  5 1.00
 26  29  0  5 1.00
 26  79  0  5 1.00
 27  28  0  5 1.00
 27  29  0  5 1.00
 28  29  0  5 1.00
 28  30  0  5 1.00
 29  30  0  5 1.00
 29  31  0  5 1.00
 30  31  0  5 1.00
 30  32  0  5 1.00
 31  32  0  5 1.00
 31  33  0  5 1.00
 32  33  0  5 1.00
 32  34  0  5 1.00
 32 100  0  5 1.00
 33  34  0  5 1.00
 33  35  0  5 1.00
 33 100  0  5 1.00
 34  35  0  5 1.00
 34  36  0  5 1.00
 34 100  0  5 1.00
 34 101  0  5 1.00
 35  36  0  5 1.00
 35  37  0  5 1.00
 35  38  0  5 1.00
 35  39  0  5 1.00
 36  37  0  5 1.00
 36  38  0  5 1.00
 36  39  0  5 1.00
 36 102  0  5 1.00
 37  38  0  5 1.00
 37  39  0  5 1.00
 38  39  0  5 1.00
 38  40  0  5 1.00
 38  57  0  5 1.00
 38  58  0  5 1.00
 38  59  0  5 1.00
 38  60  0  5 1.00
 39  40  0  5 1.00
 39  41  0  5 1.00
 39  57  0  5 1.00
 39  58  0  5 1.00
 39  59  0  5 1.00
 40  41  0  5 1.00
 40  42  0  5 1.00
 40  55  0  5 1.00
 40  56  0  5 1.00
 40  57  0  5 1.00
 41  42  0  5 1.00
 41  43  0  5 1.00
 41  55  0  5 1.00
 41  56  0  5 1.00
 42  43  0  5 1.00
 42  44  0  5 1.00
 42  55  0  5 1.00
 42  56  0  5 1.00
 43  44  0  5 1.00
 43  45  0  5 1.00
 43  53  0  5 1.00
 43  54  0  5 1.00
 43  55  0  5 1.00
 44  45  0  5 1.00
 44  46  0  5 1.00
 44  53  0  5 1.00
 44  54  0  5 1.00
 44  55  0  5 1.00
 45  46  0  5 1.00
 45  47  0  5 1.00
 45  53  0  5 1.00
 45  54  0  5 1.00
 45  55  0  5 1.00
 46  47  0  5 1.00
 46  48  0  5 1.00
 46  51  0  5 1.00
 46  52  0  5 1.00
 46  53  0  5 1.00
 47  48  0  5 1.00
 47  49  0  5 1.00
 47  51  0  5 1.00
 47  52  0  5 1.00
 47  53  0  5 1.00
 48  49  0  5 1.00
 48  50  0  5 1.00
 48  51  0  5 1.00
 48  52  0  5 1.00
 49  50  0  5 1.00
 49  51  0  5 1.00
 50  51  0  5 1.00
 50  52  0  5 1.00
 50  69  0  5 1.00
 50  70  0  5 1.00
 50  71  0  5 1.00
 51  52  0  5 1.00
 51  53  0  5 1.00
 51  69  0  5 1.00
 51  70  0  5 1.00
 51  71  0  5 1.00
 52  53  0  5 1.00
 52  54  0  5 1.00
 52  67  0  5 1.00
 52  68  0  5 1.00
 52  69  0  5 1.00
 53  54  0  5 1.00
 53  55  0  5 1.00
 53  67  0  5 1.00
 53  68  0  5 1.00
 54  55  0  5 1.00
 54  56  0  5 1.00
 54  65  0  5 1.00
 54  66  0  5 1.00
 54  67  0  5 1.00
 55  56  0  5 1.00
 55  57  0  5 1.00
 55  65  0  5 1.00
 55  66  0  5 1.00
 56  57  0  5 1.00
 56  58  0  5 1.00
 56  63  0  5 1.00
 56  64  0  5 1.00
 56  65  0  5 1.00
 56  66  0  5 1.00
 56  67  0  5 1.00
 57  58  0  5 1.00
 57  59  0  5 1.00
 57  63  0  5 1.00
 57  64  0  5 1.00
 57  65  0  5 1.00
 58  59  0  5 1.00
 58  60  0  5 1.00
 58  61  0  5 1.00
 58  62  0  5 1.00
 58  63  0  5 1.00
 59  60  0  5 1.00
 59  61  0  5 1.00
 59  62  0  5 1.00
 60  61  0  5 1.00
 60  62  0  5 1.00
 61  62  0  5 1.00
 61  63  0  5 1.00
 62  63  0  5 1.00
 62  64  0  5 1.00
 63  64  0  5 1.00
 63  65  0  5 1.00
 64  65  0  5 1.00
 64  66  0  5 1.00
 64 115  0  5 1.00
 65  66  0  5 1.00
 65  67  0  5 1.00
 65 113  0  5 1.00
 65 114  0  5 1.00
 65 115  0  5 1.00
 66  67  0  5 1.00
 66  68  0  5 1.00
 66 111  0  5 1.00
 66 112  0  5 1.00
 66 113  0  5 1.00
 66 114  0  5 1.00
 66 115  0  5 1.00
 67  68  0  5 1.00
 67  69  0  5 1.00
 67 111  0  5 1.00
 67 112  0  5 1.00
 67 113  0  5 1.00
 68  69  0  5 1.00
 68  70  0  5 1.00
 68 109  0  5 1.00
 68 110  0  5 1.00
 68 111  0  5 1.00
 68 112  0  5 1.00
 69  70  0  5 1.00
 69  71  0  5 1.00
 69 109  0  5 1.00
 69 110  0  5 1.00
 69 111  0  5 1.00
 70  71  0  5 1.00
 70  72  0  5 1.00
 70 109  0  5 1.00
 70 110  0  5 1.00
 71  72  0  5 1.00
 71  73  0  5 1.00
 72  73  0  5 1.00
 72  74  0  5 1.00
 73  74  0  5 1.00
 73  75  0  5 1.00
 74  75  0  5 1.00
 74  76  0  5 1.00
 74  77  0  5 1.00
 74  78  0  5 1.00
 75  76  0  5 1.00
 75  77  0  5 1.00
 75  78  0  5 1.00
 75  79  0  5 1.00
 75  80  0  5 1.00
 76  77  0  5 1.00
 76  78  0  5 1.00
 76  79  0  5 1.00
 76  80  0  5 1.00
 77  78  0  5 1.00
 77  79  0  5 1.00
 77  80  0  5 1.00
 77  81  0  5 1.00
 78  79  0  5 1.00
 78  80  0  5 1.00
 78  81  0  5 1.00
 78  82  0  5 1.00
 78  83  0  5 1.00
 79  80  0  5 1.00
 79  81  0  5 1.00
 79  82  0  5 1.00
 79  83  0  5 1.00
 79  84  0  5 1.00
 80  81  0  5 1.00
 80  82  0  5 1.00
 80  83  0  5 1.00
 80  84  0  5 1.00
 80  85  0  5 1.00
 81  82  0  5 1.00
 81  83  0  5 1.00
 81  84  0  5 1.00
 81  85  0  5 1.00
 81  86  0  5 1.00
 81 176  0  5 1.00
 82  83  0  5 1.00
 82  84  0  5 1.00
 82  85  0  5 1.00
 82  86  0  5 1.00
 82  87  0  5 1.00
 83  84  0  5 1.00
 83  85  0  5 1.00
 83  86  0  5 1.00
 83  87  0  5 1.00
 83  88  0  5 1.00
 84  85  0  5 1.00
 84  86  0  5 1.00
 84  87  0  5 1.00
 84  88  0  5 1.00
 84  89  0  5 1.00
 85  86  0  5 1.00
 85  87  0  5 1.00
 85  88  0  5 1.00
 85  89  0  5 1.00
 86  87  0  5 1.00
 86  88  0  5 1.00
 86  89  0  5 1.00
 87  88  0  5 1.00
 87  89  0  5 1.00
 88  89  0  5 1.00
 88  90  0  5 1.00
 88  91  0  5 1.00
 89  90  0  5 1.00
 89  91  0  5 1.00
 90  91  0  5 1.00
 90  92  0  5 1.00
 91  92  0  5 1.00
 91  93  0  5 1.00
 91  94  0  5 1.00
 92  93  0  5 1.00
 92  94  0  5 1.00
 92 139  0  5 1.00
 92 142  0  5 1.00
 92 143  0  5 1.00
 93  94  0  5 1.00
 93  95  0  5 1.00
 93 171  0  5 1.00
 93 172  0  5 1.00
 93 173  0  5 1.00
 94  95  0  5 1.00
 94  96  0  5 1.00
 94 173  0  5 1.00
 95  96  0  5 1.00
 95  97  0  5 1.00
 95 172  0  5 1.00
 95 173  0  5 1.00
 96  97  0  5 1.00
 96  98  0  5 1.00
 96 112  0  5 1.00
 96 113  0  5 1.00
 96 114  0  5 1.00
 97  98  0  5 1.00
 97  99  0  5 1.00
 97 112  0  5 1.00
 97 113  0  5 1.00
 98  99  0  5 1.00
 98 100  0  5 1.00
 98 112  0  5 1.00
 98 113  0  5 1.00
 98 114  0  5 1.00
 99 100  0  5 1.00
 99 101  0  5 1.00
 99 110  0  5 1.00
 99 111  0  5 1.00
 99 112  0  5 1.00
100 101  0  5 1.00
100 102  0  5 1.00
100 110  0  5 1.00
100 111  0  5 1.00
100 112  0  5 1.00
101 102  0  5 1.00
101 103  0  5 1.00
101 108  0  5 1.00
101 109  0  5 1.00
101 110  0  5 1.00
102 103  0  5 1.00
102 104  0  5 1.00
102 108  0  5 1.00
102 109  0  5 1.00
102 110  0  5 1.00
103 104  0  5 1.00
103 105  0  5 1.00
103 106  0  5 1.00
103 107  0  5 1.00
103 108  0  5 1.00
104 105  0  5 1.00
104 106  0  5 1.00
104 107  0  5 1.00
105 106  0  5 1.00
105 107  0  5 1.00
106 107  0  5 1.00
106 108  0  5 1.00
107 108  0  5 1.00
107 109  0  5 1.00
108 109  0  5 1.00
108 110  0  5 1.00
109 110  0  5 1.00
109 111  0  5 1.00
110 111  0  5 1.00
110 112  0  5 1.00
111 112  0  5 1.00
111 113  0  5 1.00
112 113  0  5 1.00
112 114  0  5 1.00
113 114  0  5 1.00
113 115  0  5 1.00
114 115  0  5 1.00
114 116  0  5 1.00
115 116  0  5 1.00
115 117  0  5 1.00
116 117  0  5 1.00
116 118  0  5 1.00
117 118  0  5 1.00
117 119  0  5 1.00
117 164  0  5 1.00
117 165  0  5 1.00
118 119  0  5 1.00
118 120  0  5 1.00
118 164  0  5 1.00
118 165  0  5 1.00
119 120  0  5 1.00
119 121  0  5 1.00
119 164  0  5 1.00
119 165  0  5 1.00
120 121  0  5 1.00
120 122  0  5 1.00
120 123  0  5 1.00
120 124  0  5 1.00
120 125  0  5 1.00
121 122  0  5 1.00
121 123  0  5 1.00
121 124  0  5 1.00
121 125  0  5 1.00
122 123  0  5 1.00
122 124  0  5 1.00
122 125  0  5 1.00
122 126  0  5 1.00
123 124  0  5 1.00
123 125  0  5 1.00
123 126  0  5 1.00
123 127  0  5 1.00
124 125  0  5 1.00
124 126  0  5 1.00
124 127  0  5 1.00
124 128  0  5 1.00
125 126  0  5 1.00
125 127  0  5 1.00
125 128  0  5 1.00
126 127  0  5 1.00
126 128  0  5 1.00
127 128  0  5 1.00
127 129  0  5 1.00
128 129  0  5 1.00
128 130  0  5 1.00
129 130  0  5 1.00
129 131  0  5 1.00
129 132  0  5 1.00
129 133  0  5 1.00
130 131  0  5 1.00
130 132  0  5 1.00
130 133  0  5 1.00
130 134  0  5 1.00
130 291  0  5 1.00
130 292  0  5 1.00
131 132  0  5 1.00
131 133  0  5 1.00
131 134  0  5 1.00
131 135  0  5 1.00
132 133  0  5 1.00
132 134  0  5 1.00
132 135  0  5 1.00
132 136  0  5 1.00
132 137  0  5 1.00
133 134  0  5 1.00
133 135  0  5 1.00
133 136  0  5 1.00
133 137  0  5 1.00
133 138  0  5 1.00
134 135  0  5 1.00
134 136  0  5 1.00
134 137  0  5 1.00
134 138  0  5 1.00
135 136  0  5 1.00
135 137  0  5 1.00
135 138  0  5 1.00
135 139  0  5 1.00
136 137  0  5 1.00
136 138  0  5 1.00
136 139  0  5 1.00
136 140  0  5 1.00
137 138  0  5 1.00
137 139  0  5 1.00
137 140  0  5 1.00
137 141  0  5 1.00
138 139  0  5 1.00
138 140  0  5 1.00
138 141  0  5 1.00
138 142  0  5 1.00
139 140  0  5 1.00
139 141  0  5 1.00
139 142  0  5 1.00
139 143  0  5 1.00
140 141  0  5 1.00
140 142  0  5 1.00
140 143  0  5 1.00
140 144  0  5 1.00
140 145  0  5 1.00
141 142  0  5 1.00
141 143  0  5 1.00
141 144  0  5 1.00
141 145  0  5 1.00
141 146  0  5 1.00
142 143  0  5 1.00
142 144  0  5 1.00
142 145  0  5 1.00
142 146  0  5 1.00
143 144  0  5 1.00
143 145  0  5 1.00
143 146  0  5 1.00
143 147  0  5 1.00
143 148  0  5 1.00
144 145  0  5 1.00
144 146  0  5 1.00
144 147  0  5 1.00
144 148  0  5 1.00
144 149  0  5 1.00
145 146  0  5 1.00
145 147  0  5 1.00
145 148  0  5 1.00
145 149  0  5 1.00
145 150  0  5 1.00
146 147  0  5 1.00
146 148  0  5 1.00
146 149  0  5 1.00
146 150  0  5 1.00
147 148  0  5 1.00
147 149  0  5 1.00
147 150  0  5 1.00
147 151  0  5 1.00
147 152  0  5 1.00
148 149  0  5 1.00
148 150  0  5 1.00
148 151  0  5 1.00
148 152  0  5 1.00
149 150  0  5 1.00
149 151  0  5 1.00
150 151  0  5 1.00
150 152  0  5 1.00
151 152  0  5 1.00
151 153  0  5 1.00
151 180  0  5 1.00
151 181  0  5 1.00
151 182  0  5 1.00
152 153  0  5 1.00
152 154  0  5 1.00
152 180  0  5 1.00
152 181  0  5 1.00
152 182  0  5 1.00
153 154  0  5 1.00
153 155  0  5 1.00
153 178  0  5 1.00
153 179  0  5 1.00
153 180  0  5 1.00
154 155  0  5 1.00
154 156  0  5 1.00
154 178  0  5 1.00
154 179  0  5 1.00
154 180  0  5 1.00
155 156  0  5 1.00
155 157  0  5 1.00
155 178  0  5 1.00
155 192  0  5 1.00
155 193  0  5 1.00
156 157  0  5 1.00
156 158  0  5 1.00
156 193  0  5 1.00
157 158  0  5 1.00
157 159  0  5 1.00
157 217  0  5 1.00
158 159  0  5 1.00
158 160  0  5 1.00
158 161  0  5 1.00
158 162  0  5 1.00
159 160  0  5 1.00
159 161  0  5 1.00
159 162  0  5 1.00
159 163  0  5 1.00
160 161  0  5 1.00
160 162  0  5 1.00
161 162  0  5 1.00
161 163  0  5 1.00
161 172  0  5 1.00
161 173  0  5 1.00
161 174  0  5 1.00
162 163  0  5 1.00
162 164  0  5 1.00
162 172  0  5 1.00
162 173  0  5 1.00
163 164  0  5 1.00
163 165  0  5 1.00
163 170  0  5 1.00
163 171  0  5 1.00
163 172  0  5 1.00
164 165  0  5 1.00
164 166  0  5 1.00
164 170  0  5 1.00
164 171  0  5 1.00
165 166  0  5 1.00
165 167  0  5 1.00
165 168  0  5 1.00
165 169  0  5 1.00
165 170  0  5 1.00
165 171  0  5 1.00
166 167  0  5 1.00
166 168  0  5 1.00
166 169  0  5 1.00
166 170  0  5 1.00
167 168  0  5 1.00
167 169  0  5 1.00
168 169  0  5 1.00
168 170  0  5 1.00
169 170  0  5 1.00
169 171  0  5 1.00
170 171  0  5 1.00
170 172  0  5 1.00
171 172  0  5 1.00
171 173  0  5 1.00
172 173  0  5 1.00
172 174  0  5 1.00
173 174  0  5 1.00
173 175  0  5 1.00
174 175  0  5 1.00
174 176  0  5 1.00
175 176  0  5 1.00
175 177  0  5 1.00
175 178  0  5 1.00
176 177  0  5 1.00
176 178  0  5 1.00
176 179  0  5 1.00
177 178  0  5 1.00
177 179  0  5 1.00
178 179  0  5 1.00
178 180  0  5 1.00
179 180  0  5 1.00
179 181  0  5 1.00
180 181  0  5 1.00
180 182  0  5 1.00
181 182  0  5 1.00
181 183  0  5 1.00
182 183  0  5 1.00
182 184  0  5 1.00
183 184  0  5 1.00
183 185  0  5 1.00
183 186  0  5 1.00
184 185  0  5 1.00
184 186  0  5 1.00
185 186  0  5 1.00
185 187  0  5 1.00
186 187  0  5 1.00
186 188  0  5 1.00
186 207  0  5 1.00
186 208  0  5 1.00
186 209  0  5 1.00
187 188  0  5 1.00
187 189  0  5 1.00
187 207  0  5 1.00
187 208  0  5 1.00
188 189  0  5 1.00
188 190  0  5 1.00
188 207  0  5 1.00
188 208  0  5 1.00
189 190  0  5 1.00
189 191  0  5 1.00
189 192  0  5 1.00
190 191  0  5 1.00
190 192  0  5 1.00
190 202  0  5 1.00
191 192  0  5 1.00
191 193  0  5 1.00
192 193  0  5 1.00
192 194  0  5 1.00
193 194  0  5 1.00
193 195  0  5 1.00
194 195  0  5 1.00
194 196  0  5 1.00
194 197  0  5 1.00
194 198  0  5 1.00
195 196  0  5 1.00
195 197  0  5 1.00
195 198  0  5 1.00
196 197  0  5 1.00
196 198  0  5 1.00
196 233  0  5 1.00
197 198  0  5 1.00
197 199  0  5 1.00
197 216  0  5 1.00
197 217  0  5 1.00
198 199  0  5 1.00
198 200  0  5 1.00
199 200  0  5 1.00
199 201  0  5 1.00
199 202  0  5 1.00
199 203  0  5 1.00
200 201  0  5 1.00
200 202  0  5 1.00
200 203  0  5 1.00
200 204  0  5 1.00
200 205  0  5 1.00
201 202  0  5 1.00
201 203  0  5 1.00
201 204  0  5 1.00
201 205  0  5 1.00
201 206  0  5 1.00
202 203  0  5 1.00
202 204  0  5 1.00
202 205  0  5 1.00
202 206  0  5 1.00
203 204  0  5 1.00
203 205  0  5 1.00
203 238  0  5 1.00
204 205  0  5 1.00
204 206  0  5 1.00
204 264  0  5 1.00
205 206  0  5 1.00
205 207  0  5 1.00
206 207  0  5 1.00
206 208  0  5 1.00
206 209  0  5 1.00
207 208  0  5 1.00
207 209  0  5 1.00
208 209  0  5 1.00
208 210  0  5 1.00
209 210  0  5 1.00
209 211  0  5 1.00
210 211  0  5 1.00
210 212  0  5 1.00
210 213  0  5 1.00
210 214  0  5 1.00
211 212  0  5 1.00
211 213  0  5 1.00
211 214  0  5 1.00
211 215  0  5 1.00
212 213  0  5 1.00
212 214  0  5 1.00
212 215  0  5 1.00
212 216  0  5 1.00
212 309  0  5 1.00
213 214  0  5 1.00
213 215  0  5 1.00
213 216  0  5 1.00
213 217  0  5 1.00
214 215  0  5 1.00
214 216  0  5 1.00
214 217  0  5 1.00
214 218  0  5 1.00
215 216  0  5 1.00
215 217  0  5 1.00
215 218  0  5 1.00
215 219  0  5 1.00
215 304  0  5 1.00
216 217  0  5 1.00
216 218  0  5 1.00
216 219  0  5 1.00
216 220  0  5 1.00
216 304  0  5 1.00
217 218  0  5 1.00
217 219  0  5 1.00
217 220  0  5 1.00
217 221  0  5 1.00
218 219  0  5 1.00
218 220  0  5 1.00
218 221  0  5 1.00
218 222  0  5 1.00
219 220  0  5 1.00
219 221  0  5 1.00
219 222  0  5 1.00
219 223  0  5 1.00
219 224  0  5 1.00
220 221  0  5 1.00
220 222  0  5 1.00
220 223  0  5 1.00
220 224  0  5 1.00
220 232  0  5 1.00
221 222  0  5 1.00
221 223  0  5 1.00
221 224  0  5 1.00
221 225  0  5 1.00
222 223  0  5 1.00
222 224  0  5 1.00
222 225  0  5 1.00
222 226  0  5 1.00
222 227  0  5 1.00
223 224  0  5 1.00
223 225  0  5 1.00
223 226  0  5 1.00
223 227  0  5 1.00
223 228  0  5 1.00
223 229  0  5 1.00
224 225  0  5 1.00
224 226  0  5 1.00
224 227  0  5 1.00
224 228  0  5 1.00
224 229  0  5 1.00
224 230  0  5 1.00
224 232  0  5 1.00
225 226  0  5 1.00
225 227  0  5 1.00
225 228  0  5 1.00
226 227  0  5 1.00
226 228  0  5 1.00
226 289  0  5 1.00
226 292  0  5 1.00
226 293  0  5 1.00
227 228  0  5 1.00
227 229  0  5 1.00
227 284  0  5 1.00
228 229  0  5 1.00
228 230  0  5 1.00
229 230  0  5 1.00
229 231  0  5 1.00
229 232  0  5 1.00
230 231  0  5 1.00
230 232  0  5 1.00
231 232  0  5 1.00
231 233  0  5 1.00
231 234  0  5 1.00
232 233  0  5 1.00
232 234  0  5 1.00
233 234  0  5 1.00
233 235  0  5 1.00
234 235  0  5 1.00
234 236  0  5 1.00
235 236  0  5 1.00
235 237  0  5 1.00
235 240  0  5 1.00
235 241  0  5 1.00
236 237  0  5 1.00
236 238  0  5 1.00
236 240  0  5 1.00
236 241  0  5 1.00
237 238  0  5 1.00
237 239  0  5 1.00
237 240  0  5 1.00
237 241  0  5 1.00
238 239  0  5 1.00
238 240  0  5 1.00
238 241  0  5 1.00
238 242  0  5 1.00
239 240  0  5 1.00
239 241  0  5 1.00
239 242  0  5 1.00
239 243  0  5 1.00
240 241  0  5 1.00
240 242  0  5 1.00
240 243  0  5 1.00
240 244  0  5 1.00
240 245  0  5 1.00
241 242  0  5 1.00
241 243  0  5 1.00
241 244  0  5 1.00
241 245  0  5 1.00
242 243  0  5 1.00
242 244  0  5 1.00
242 245  0  5 1.00
242 246  0  5 1.00
242 247  0  5 1.00
243 244  0  5 1.00
243 245  0  5 1.00
243 246  0  5 1.00
243 247  0  5 1.00
244 245  0  5 1.00
244 246  0  5 1.00
244 247  0  5 1.00
244 248  0  5 1.00
245 246  0  5 1.00
245 247  0  5 1.00
245 248  0  5 1.00
245 249  0  5 1.00
245 250  0  5 1.00
246 247  0  5 1.00
246 248  0  5 1.00
246 249  0  5 1.00
246 250  0  5 1.00
246 251  0  5 1.00
246 276  0  5 1.00
246 277  0  5 1.00
247 248  0  5 1.00
247 249  0  5 1.00
247 250  0  5 1.00
247 277  0  5 1.00
247 279  0  5 1.00
248 249  0  5 1.00
248 250  0  5 1.00
248 277  0  5 1.00
248 278  0  5 1.00
248 279  0  5 1.00
249 250  0  5 1.00
249 251  0  5 1.00
249 277  0  5 1.00
249 278  0  5 1.00
249 279  0  5 1.00
250 251  0  5 1.00
250 252  0  5 1.00
250 253  0  5 1.00
250 254  0  5 1.00
250 276  0  5 1.00
250 277  0  5 1.00
250 278  0  5 1.00
251 252  0  5 1.00
251 253  0  5 1.00
251 254  0  5 1.00
251 255  0  5 1.00
251 256  0  5 1.00
251 276  0  5 1.00
252 253  0  5 1.00
252 254  0  5 1.00
252 255  0  5 1.00
252 256  0  5 1.00
252 276  0  5 1.00
253 254  0  5 1.00
253 255  0  5 1.00
253 256  0  5 1.00
253 257  0  5 1.00
254 255  0  5 1.00
254 256  0  5 1.00
254 257  0  5 1.00
254 258  0  5 1.00
255 256  0  5 1.00
255 257  0  5 1.00
255 258  0  5 1.00
255 259  0  5 1.00
255 260  0  5 1.00
256 257  0  5 1.00
256 258  0  5 1.00
256 259  0  5 1.00
256 260  0  5 1.00
257 258  0  5 1.00
257 259  0  5 1.00
257 260  0  5 1.00
257 261  0  5 1.00
257 262  0  5 1.00
258 259  0  5 1.00
258 260  0  5 1.00
258 261  0  5 1.00
258 262  0  5 1.00
258 263  0  5 1.00
259 260  0  5 1.00
259 261  0  5 1.00
259 262  0  5 1.00
260 261  0  5 1.00
260 262  0  5 1.00
261 262  0  5 1.00
261 263  0  5 1.00
262 263  0  5 1.00
262 264  0  5 1.00
263 264  0  5 1.00
263 265  0  5 1.00
264 265  0  5 1.00
264 266  0  5 1.00
265 266  0  5 1.00
265 267  0  5 1.00
266 267  0  5 1.00
266 268  0  5 1.00
266 269  0  5 1.00
266 270  0  5 1.00
267 268  0  5 1.00
267 269  0  5 1.00
267 270  0  5 1.00
267 271  0  5 1.00
268 269  0  5 1.00
268 270  0  5 1.00
268 271  0  5 1.00
268 272  0  5 1.00
269 270  0  5 1.00
269 271  0  5 1.00
269 272  0  5 1.00
269 273  0  5 1.00
270 271  0  5 1.00
270 272  0  5 1.00
270 273  0  5 1.00
270 274  0  5 1.00
271 272  0  5 1.00
271 273  0  5 1.00
271 274  0  5 1.00
272 273  0  5 1.00
272 274  0  5 1.00
273 274  0  5 1.00
273 275  0  5 1.00
274 275  0  5 1.00
274 276  0  5 1.00
275 276  0  5 1.00
275 277  0  5 1.00
276 277  0  5 1.00
276 278  0  5 1.00
277 278  0  5 1.00
277 279  0  5 1.00
278 279  0  5 1.00
278 280  0  5 1.00
279 280  0  5 1.00
279 281  0  5 1.00
280 281  0  5 1.00
280 282  0  5 1.00
280 283  0  5 1.00
280 284  0  5 1.00
281 282  0  5 1.00
281 283  0  5 1.00
281 284  0  5 1.00
281 285  0  5 1.00
282 283  0  5 1.00
282 284  0  5 1.00
282 285  0  5 1.00
283 284  0  5 1.00
283 285  0  5 1.00
284 285  0  5 1.00
284 286  0  5 1.00
285 286  0  5 1.00
285 287  0  5 1.00
286 287  0  5 1.00
286 288  0  5 1.00
286 289  0  5 1.00
286 290  0  5 1.00
287 288  0  5 1.00
287 289  0  5 1.00
287 290  0  5 1.00
288 289  0  5 1.00
288 290  0  5 1.00
289 290  0  5 1.00
289 291  0  5 1.00
289 292  0  5 1.00
289 293  0  5 1.00
290 291  0  5 1.00
290 292  0  5 1.00
290 293  0  5 1.00
291 292  0  5 1.00
291 293  0  5 1.00
292 293  0  5 1.00
292 294  0  5 1.00
293 294  0  5 1.00
293 295  0  5 1.00
294 295  0  5 1.00
294 296  0  5 1.00
294 297  0  5 1.00
294 298  0  5 1.00
295 296  0  5 1.00
295 297  0  5 1.00
295 298  0  5 1.00
295 299  0  5 1.00
295 300  0  5 1.00
296 297  0  5 1.00
296 298  0  5 1.00
296 299  0  5 1.00
296 300  0  5 1.00
296 301  0  5 1.00
296 323  0  5 1.00
297 298  0  5 1.00
297 299  0  5 1.00
297 300  0  5 1.00
297 301  0  5 1.00
297 302  0  5 1.00
298 299  0  5 1.00
298 300  0  5 1.00
298 301  0  5 1.00
298 302  0  5 1.00
299 300  0  5 1.00
299 301  0  5 1.00
299 302  0  5 1.00
299 303  0  5 1.00
300 301  0  5 1.00
300 302  0  5 1.00
300 303  0  5 1.00
300 304  0  5 1.00
301 302  0  5 1.00
301 303  0  5 1.00
301 304  0  5 1.00
301 305  0  5 1.00
302 303  0  5 1.00
302 304  0  5 1.00
302 305  0  5 1.00
302 306  0  5 1.00
303 304  0  5 1.00
303 305  0  5 1.00
303 311  0  5 1.00
303 312  0  5 1.00
303 313  0  5 1.00
304 305  0  5 1.00
304 306  0  5 1.00
304 312  0  5 1.00
304 313  0  5 1.00
305 306  0  5 1.00
305 307  0  5 1.00
306 307  0  5 1.00
306 308  0  5 1.00
306 309  0  5 1.00
307 308  0  5 1.00
307 309  0  5 1.00
308 309  0  5 1.00
308 310  0  5 1.00
308 311  0  5 1.00
308 312  0  5 1.00
309 310  0  5 1.00
309 311  0  5 1.00
309 312  0  5 1.00
310 311  0  5 1.00
310 312  0  5 1.00
311 312  0  5 1.00
311 313  0  5 1.00
312 313  0  5 1.00
312 314  0  5 1.00
313 314  0  5 1.00
313 315  0  5 1.00
314 315  0  5 1.00
314 316  0  5 1.00
314 317  0  5 1.00
314 318  0  5 1.00
315 316  0  5 1.00
315 317  0  5 1.00
315 318  0  5 1.00
315 319  0  5 1.00
316 317  0  5 1.00
316 318  0  5 1.00
316 319  0  5 1.00
316 320  0  5 1.00
317 318  0  5 1.00
317 319  0  5 1.00
317 320  0  5 1.00
317 321  0  5 1.00
318 319  0  5 1.00
318 320  0  5 1.00
318 321  0  5 1.00
319 320  0  5 1.00
319 321  0  5 1.00
320 321  0  5 1.00
320 322  0  5 1.00
321 322  0  5 1.00
321 323  0  5 1.00
321 324  0  5 1.00
321 325  0  5 1.00
322 323  0  5 1.00
322 324  0  5 1.00
322 325  0  5 1.00
322 326  0  5 1.00
323 324  0  5 1.00
323 325  0  5 1.00
323 326  0  5 1.00
324 325  0  5 1.00
324 326  0  5 1.00
324 327  0  5 1.00
324 328  0  5 1.00
324 329  0  5 1.00
325 326  0  5 1.00
325 327  0  5 1.00
325 328  0  5 1.00
325 329  0  5 1.00
326 327  0  5 1.00
326 328  0  5 1.00
326 329  0  5 1.00
327 328  0  5 1.00
327 329  0  5 1.00
328 329  0  5 1.00
END
HELX_P HELX_P1  AA1 VAL A 15  ? ARG A 19  ? VAL A 15  ARG A 19  5 ? 5  
HELX_P HELX_P2  AA2 PRO A 20  ? ASP A 25  ? PRO A 20  ASP A 25  1 ? 6  
HELX_P HELX_P3  AA3 TYR A 26  ? HIS A 29  ? TYR A 26  HIS A 29  5 ? 4  
HELX_P HELX_P4  AA4 ASN A 35  ? ASP A 37  ? ASN A 35  ASP A 37  5 ? 3  
HELX_P HELX_P5  AA5 LYS A 74  ? ARG A 89  ? LYS A 74  ARG A 89  1 ? 16 
HELX_P HELX_P6  AA6 ASP A 120 ? LEU A 128 ? ASP A 120 LEU A 128 1 ? 9  
HELX_P HELX_P7  AA7 THR A 129 ? MET A 150 ? THR A 129 MET A 150 1 ? 22 
HELX_P HELX_P8  AA8 LYS A 158 ? HIS A 160 ? LYS A 158 HIS A 160 5 ? 3  
HELX_P HELX_P9  AA9 ASP A 175 ? ALA A 179 ? ASP A 175 ALA A 179 5 ? 5  
HELX_P HELX_P10 AB1 SER A 194 ? LYS A 198 ? SER A 194 LYS A 198 5 ? 5  
HELX_P HELX_P11 AB2 GLY A 199 ? VAL A 204 ? GLY A 199 VAL A 204 1 ? 6  
HELX_P HELX_P12 AB3 TYR A 211 ? ARG A 228 ? TYR A 211 ARG A 228 1 ? 18 
HELX_P HELX_P13 AB4 ASP A 237 ? GLY A 250 ? ASP A 237 GLY A 250 1 ? 14 
HELX_P HELX_P14 AB5 GLY A 250 ? TYR A 261 ? GLY A 250 TYR A 261 1 ? 12 
HELX_P HELX_P15 AB6 ASP A 266 ? GLY A 274 ? ASP A 266 GLY A 274 1 ? 9  
HELX_P HELX_P16 AB7 ARG A 280 ? VAL A 285 ? ARG A 280 VAL A 285 5 ? 6  
HELX_P HELX_P17 AB8 ASN A 289 ? VAL A 293 ? ASN A 289 VAL A 293 5 ? 5  
HELX_P HELX_P18 AB9 SER A 294 ? LEU A 305 ? SER A 294 LEU A 305 1 ? 12 
HELX_P HELX_P19 AC1 ASP A 308 ? ARG A 312 ? ASP A 308 ARG A 312 5 ? 5  
HELX_P HELX_P20 AC2 THR A 314 ? GLU A 320 ? THR A 314 GLU A 320 1 ? 7  
HELX_P HELX_P21 AC3 HIS A 321 ? TYR A 323 ? HIS A 321 TYR A 323 5 ? 3  
HELX_P HELX_P22 AC4 PHE A 324 ? LYS A 329 ? PHE A 324 LYS A 329 1 ? 6  