6tlz 976
  1   2  0  5 1.00
  1   3  0  5 1.00
  1   4  0  5 1.00
  2   3  0  5 1.00
  2   4  0  5 1.00
  2  19  0  5 1.00
  3   4  0  5 1.00
  3   5  0  5 1.00
  4   5  0  5 1.00
  4   6  0  5 1.00
  4  17  0  5 1.00
  4  18  0  5 1.00
  4  19  0  5 1.00
  5   6  0  5 1.00
  5   7  0  5 1.00
  5  17  0  5 1.00
  6   7  0  5 1.00
  6   8  0  5 1.00
  6  15  0  5 1.00
  6  16  0  5 1.00
  6  17  0  5 1.00
  7   8  0  5 1.00
  7   9  0  5 1.00
  7  15  0  5 1.00
  7  16  0  5 1.00
  7  17  0  5 1.00
  8   9  0  5 1.00
  8  10  0  5 1.00
  8  13  0  5 1.00
  8  14  0  5 1.00
  8  15  0  5 1.00
  8  16  0  5 1.00
  9  10  0  5 1.00
  9  11  0  5 1.00
  9  13  0  5 1.00
  9  14  0  5 1.00
  9  15  0  5 1.00
  9 930  0  5 1.00
 10  11  0  5 1.00
 10  12  0  5 1.00
 10  13  0  5 1.00
 11  12  0  5 1.00
 11  13  0  5 1.00
 11  42  0  5 1.00
 12  13  0  5 1.00
 12  14  0  5 1.00
 12  28  0  5 1.00
 12  29  0  5 1.00
 12  30  0  5 1.00
 12  31  0  5 1.00
 12  42  0  5 1.00
 13  14  0  5 1.00
 13  15  0  5 1.00
 13  28  0  5 1.00
 13  29  0  5 1.00
 13  30  0  5 1.00
 14  15  0  5 1.00
 14  16  0  5 1.00
 14  27  0  5 1.00
 14  28  0  5 1.00
 14  29  0  5 1.00
 15  16  0  5 1.00
 15  17  0  5 1.00
 15  26  0  5 1.00
 15  27  0  5 1.00
 15  28  0  5 1.00
 16  17  0  5 1.00
 16  18  0  5 1.00
 16  22  0  5 1.00
 16  23  0  5 1.00
 16  24  0  5 1.00
 16  25  0  5 1.00
 16  27  0  5 1.00
 17  18  0  5 1.00
 17  19  0  5 1.00
 17  22  0  5 1.00
 17  23  0  5 1.00
 17  24  0  5 1.00
 18  19  0  5 1.00
 18  20  0  5 1.00
 18  21  0  5 1.00
 18  22  0  5 1.00
 18  23  0  5 1.00
 19  20  0  5 1.00
 19  21  0  5 1.00
 20  21  0  5 1.00
 20  22  0  5 1.00
 21  22  0  5 1.00
 21  23  0  5 1.00
 22  23  0  5 1.00
 22  24  0  5 1.00
 23  24  0  5 1.00
 23  25  0  5 1.00
 24  25  0  5 1.00
 24  26  0  5 1.00
 25  26  0  5 1.00
 25  27  0  5 1.00
 26  27  0  5 1.00
 26  28  0  5 1.00
 27  28  0  5 1.00
 27  29  0  5 1.00
 28  29  0  5 1.00
 28  30  0  5 1.00
 29  30  0  5 1.00
 29  31  0  5 1.00
 29  32  0  5 1.00
 29  33  0  5 1.00
 29  34  0  5 1.00
 30  31  0  5 1.00
 30  32  0  5 1.00
 30  33  0  5 1.00
 30  34  0  5 1.00
 30  35  0  5 1.00
 31  32  0  5 1.00
 31  33  0  5 1.00
 31  34  0  5 1.00
 31  35  0  5 1.00
 31  36  0  5 1.00
 32  33  0  5 1.00
 32  34  0  5 1.00
 32  35  0  5 1.00
 32  36  0  5 1.00
 33  34  0  5 1.00
 33  35  0  5 1.00
 33 128  0  5 1.00
 34  35  0  5 1.00
 34  36  0  5 1.00
 35  36  0  5 1.00
 35  37  0  5 1.00
 36  37  0  5 1.00
 36  38  0  5 1.00
 37  38  0  5 1.00
 37  39  0  5 1.00
 37  40  0  5 1.00
 38  39  0  5 1.00
 38  40  0  5 1.00
 39  40  0  5 1.00
 39  41  0  5 1.00
 39  58  0  5 1.00
 39  59  0  5 1.00
 39  60  0  5 1.00
 40  41  0  5 1.00
 40  42  0  5 1.00
 40  58  0  5 1.00
 40  59  0  5 1.00
 41  42  0  5 1.00
 41  43  0  5 1.00
 41  56  0  5 1.00
 41  57  0  5 1.00
 41  58  0  5 1.00
 41  59  0  5 1.00
 42  43  0  5 1.00
 42  44  0  5 1.00
 42  56  0  5 1.00
 42  57  0  5 1.00
 43  44  0  5 1.00
 43  45  0  5 1.00
 43  56  0  5 1.00
 43 456  0  5 1.00
 44  45  0  5 1.00
 44  46  0  5 1.00
 44  54  0  5 1.00
 44  55  0  5 1.00
 44  56  0  5 1.00
 44 456  0  5 1.00
 45  46  0  5 1.00
 45  47  0  5 1.00
 45  54  0  5 1.00
 45  55  0  5 1.00
 45  56  0  5 1.00
 46  47  0  5 1.00
 46  48  0  5 1.00
 46  52  0  5 1.00
 46  53  0  5 1.00
 46  54  0  5 1.00
 46  55  0  5 1.00
 47  48  0  5 1.00
 47  49  0  5 1.00
 47  52  0  5 1.00
 47  53  0  5 1.00
 47  54  0  5 1.00
 48  49  0  5 1.00
 48  50  0  5 1.00
 48  51  0  5 1.00
 48  52  0  5 1.00
 48  53  0  5 1.00
 48  54  0  5 1.00
 49  50  0  5 1.00
 49  51  0  5 1.00
 49  52  0  5 1.00
 50  51  0  5 1.00
 50  52  0  5 1.00
 51  52  0  5 1.00
 51  53  0  5 1.00
 51 118  0  5 1.00
 51 119  0  5 1.00
 51 120  0  5 1.00
 52  53  0  5 1.00
 52  54  0  5 1.00
 52 118  0  5 1.00
 52 119  0  5 1.00
 52 120  0  5 1.00
 53  54  0  5 1.00
 53  55  0  5 1.00
 53 116  0  5 1.00
 53 117  0  5 1.00
 53 118  0  5 1.00
 54  55  0  5 1.00
 54  56  0  5 1.00
 54 116  0  5 1.00
 54 117  0  5 1.00
 55  56  0  5 1.00
 55  57  0  5 1.00
 55 114  0  5 1.00
 55 115  0  5 1.00
 55 116  0  5 1.00
 56  57  0  5 1.00
 56  58  0  5 1.00
 56 114  0  5 1.00
 57  58  0  5 1.00
 57  59  0  5 1.00
 57 113  0  5 1.00
 57 114  0  5 1.00
 58  59  0  5 1.00
 58  60  0  5 1.00
 58 113  0  5 1.00
 59  60  0  5 1.00
 59  61  0  5 1.00
 59  62  0  5 1.00
 59 111  0  5 1.00
 60  61  0  5 1.00
 60  62  0  5 1.00
 61  62  0  5 1.00
 61  63  0  5 1.00
 61  89  0  5 1.00
 61 110  0  5 1.00
 62  63  0  5 1.00
 62  64  0  5 1.00
 62 110  0  5 1.00
 62 111  0  5 1.00
 63  64  0  5 1.00
 63  65  0  5 1.00
 63  83  0  5 1.00
 63  84  0  5 1.00
 63  85  0  5 1.00
 63  86  0  5 1.00
 63 110  0  5 1.00
 64  65  0  5 1.00
 64  66  0  5 1.00
 64  83  0  5 1.00
 64  84  0  5 1.00
 64  85  0  5 1.00
 64 448  0  5 1.00
 65  66  0  5 1.00
 65  67  0  5 1.00
 65  81  0  5 1.00
 65  82  0  5 1.00
 65  83  0  5 1.00
 65  85  0  5 1.00
 66  67  0  5 1.00
 66  68  0  5 1.00
 66  81  0  5 1.00
 66  82  0  5 1.00
 67  68  0  5 1.00
 67  69  0  5 1.00
 67  81  0  5 1.00
 68  69  0  5 1.00
 68  70  0  5 1.00
 69  70  0  5 1.00
 69  71  0  5 1.00
 70  71  0  5 1.00
 70  72  0  5 1.00
 71  72  0  5 1.00
 71  73  0  5 1.00
 71 142  0  5 1.00
 71 143  0  5 1.00
 72  73  0  5 1.00
 72  74  0  5 1.00
 72  76  0  5 1.00
 72 143  0  5 1.00
 73  74  0  5 1.00
 73  75  0  5 1.00
 73  76  0  5 1.00
 74  75  0  5 1.00
 74  76  0  5 1.00
 75  76  0  5 1.00
 75  77  0  5 1.00
 76  77  0  5 1.00
 76  78  0  5 1.00
 77  78  0  5 1.00
 77  79  0  5 1.00
 78  79  0  5 1.00
 78  80  0  5 1.00
 79  80  0  5 1.00
 79  81  0  5 1.00
 79 139  0  5 1.00
 79 140  0  5 1.00
 79 141  0  5 1.00
 80  81  0  5 1.00
 80  82  0  5 1.00
 80  83  0  5 1.00
 80 139  0  5 1.00
 81  82  0  5 1.00
 81  83  0  5 1.00
 81 139  0  5 1.00
 81 141  0  5 1.00
 82  83  0  5 1.00
 82  84  0  5 1.00
 83  84  0  5 1.00
 83  85  0  5 1.00
 84  85  0  5 1.00
 84  86  0  5 1.00
 85  86  0  5 1.00
 85  87  0  5 1.00
 85  88  0  5 1.00
 85  89  0  5 1.00
 86  87  0  5 1.00
 86  88  0  5 1.00
 86  89  0  5 1.00
 86  90  0  5 1.00
 87  88  0  5 1.00
 87  89  0  5 1.00
 87  90  0  5 1.00
 87  91  0  5 1.00
 88  89  0  5 1.00
 88  90  0  5 1.00
 88  91  0  5 1.00
 88  92  0  5 1.00
 89  90  0  5 1.00
 89  91  0  5 1.00
 89  92  0  5 1.00
 89  93  0  5 1.00
 90  91  0  5 1.00
 90  92  0  5 1.00
 90  93  0  5 1.00
 90  94  0  5 1.00
 91  92  0  5 1.00
 91  93  0  5 1.00
 91  94  0  5 1.00
 92  93  0  5 1.00
 92  94  0  5 1.00
 92  95  0  5 1.00
 93  94  0  5 1.00
 93  95  0  5 1.00
 93  96  0  5 1.00
 94  95  0  5 1.00
 94  96  0  5 1.00
 95  96  0  5 1.00
 95  97  0  5 1.00
 96  97  0  5 1.00
 96  98  0  5 1.00
 97  98  0  5 1.00
 97  99  0  5 1.00
 98  99  0  5 1.00
110 111  0  5 1.00
110 112  0  5 1.00
111 112  0  5 1.00
111 113  0  5 1.00
112 113  0  5 1.00
112 114  0  5 1.00
113 114  0  5 1.00
113 115  0  5 1.00
113 132  0  5 1.00
113 133  0  5 1.00
113 134  0  5 1.00
114 115  0  5 1.00
114 116  0  5 1.00
114 132  0  5 1.00
114 133  0  5 1.00
114 134  0  5 1.00
115 116  0  5 1.00
115 117  0  5 1.00
115 130  0  5 1.00
115 131  0  5 1.00
115 132  0  5 1.00
116 117  0  5 1.00
116 118  0  5 1.00
116 130  0  5 1.00
116 131  0  5 1.00
116 132  0  5 1.00
117 118  0  5 1.00
117 119  0  5 1.00
117 127  0  5 1.00
117 128  0  5 1.00
117 129  0  5 1.00
117 130  0  5 1.00
117 131  0  5 1.00
118 119  0  5 1.00
118 120  0  5 1.00
118 127  0  5 1.00
118 128  0  5 1.00
118 129  0  5 1.00
119 120  0  5 1.00
119 121  0  5 1.00
119 125  0  5 1.00
119 126  0  5 1.00
119 127  0  5 1.00
119 129  0  5 1.00
120 121  0  5 1.00
120 122  0  5 1.00
120 125  0  5 1.00
120 126  0  5 1.00
121 122  0  5 1.00
121 123  0  5 1.00
121 125  0  5 1.00
121 126  0  5 1.00
122 123  0  5 1.00
122 124  0  5 1.00
122 125  0  5 1.00
123 124  0  5 1.00
123 125  0  5 1.00
124 125  0  5 1.00
124 126  0  5 1.00
125 126  0  5 1.00
125 127  0  5 1.00
126 127  0  5 1.00
126 128  0  5 1.00
127 128  0  5 1.00
127 129  0  5 1.00
128 129  0  5 1.00
128 130  0  5 1.00
129 130  0  5 1.00
129 131  0  5 1.00
130 131  0  5 1.00
130 132  0  5 1.00
131 132  0  5 1.00
131 133  0  5 1.00
131 485  0  5 1.00
131 486  0  5 1.00
132 133  0  5 1.00
132 134  0  5 1.00
132 485  0  5 1.00
132 486  0  5 1.00
133 134  0  5 1.00
133 135  0  5 1.00
133 486  0  5 1.00
133 487  0  5 1.00
133 488  0  5 1.00
134 135  0  5 1.00
134 136  0  5 1.00
134 488  0  5 1.00
135 136  0  5 1.00
135 137  0  5 1.00
135 488  0  5 1.00
135 489  0  5 1.00
135 490  0  5 1.00
136 137  0  5 1.00
136 138  0  5 1.00
136 489  0  5 1.00
136 490  0  5 1.00
137 138  0  5 1.00
137 139  0  5 1.00
137 489  0  5 1.00
137 490  0  5 1.00
138 139  0  5 1.00
138 140  0  5 1.00
138 490  0  5 1.00
138 711  0  5 1.00
139 140  0  5 1.00
139 141  0  5 1.00
140 141  0  5 1.00
140 142  0  5 1.00
140 158  0  5 1.00
141 142  0  5 1.00
141 143  0  5 1.00
142 143  0  5 1.00
154 155  0  5 1.00
154 156  0  5 1.00
154 530  0  5 1.00
154 531  0  5 1.00
155 156  0  5 1.00
155 157  0  5 1.00
156 157  0  5 1.00
156 158  0  5 1.00
156 159  0  5 1.00
156 160  0  5 1.00
156 531  0  5 1.00
157 158  0  5 1.00
157 159  0  5 1.00
157 160  0  5 1.00
157 161  0  5 1.00
158 159  0  5 1.00
158 160  0  5 1.00
158 161  0  5 1.00
158 162  0  5 1.00
159 160  0  5 1.00
159 161  0  5 1.00
159 162  0  5 1.00
159 163  0  5 1.00
159 526  0  5 1.00
160 161  0  5 1.00
160 162  0  5 1.00
160 163  0  5 1.00
160 164  0  5 1.00
160 526  0  5 1.00
161 162  0  5 1.00
161 163  0  5 1.00
161 164  0  5 1.00
162 163  0  5 1.00
162 164  0  5 1.00
163 164  0  5 1.00
163 165  0  5 1.00
163 651  0  5 1.00
163 652  0  5 1.00
164 165  0  5 1.00
164 166  0  5 1.00
164 230  0  5 1.00
164 231  0  5 1.00
164 232  0  5 1.00
164 652  0  5 1.00
165 166  0  5 1.00
165 167  0  5 1.00
165 230  0  5 1.00
165 231  0  5 1.00
165 652  0  5 1.00
165 653  0  5 1.00
165 654  0  5 1.00
166 167  0  5 1.00
166 168  0  5 1.00
166 228  0  5 1.00
166 229  0  5 1.00
166 230  0  5 1.00
166 654  0  5 1.00
167 168  0  5 1.00
167 169  0  5 1.00
167 228  0  5 1.00
167 229  0  5 1.00
167 230  0  5 1.00
167 654  0  5 1.00
168 169  0  5 1.00
168 170  0  5 1.00
168 228  0  5 1.00
169 170  0  5 1.00
169 171  0  5 1.00
170 171  0  5 1.00
170 172  0  5 1.00
170 472  0  5 1.00
170 656  0  5 1.00
171 172  0  5 1.00
171 173  0  5 1.00
171 174  0  5 1.00
172 173  0  5 1.00
172 174  0  5 1.00
172 770  0  5 1.00
172 771  0  5 1.00
172 772  0  5 1.00
173 174  0  5 1.00
173 175  0  5 1.00
173 772  0  5 1.00
174 175  0  5 1.00
174 176  0  5 1.00
174 772  0  5 1.00
174 773  0  5 1.00
175 176  0  5 1.00
175 177  0  5 1.00
175 178  0  5 1.00
175 179  0  5 1.00
175 242  0  5 1.00
175 772  0  5 1.00
175 773  0  5 1.00
176 177  0  5 1.00
176 178  0  5 1.00
176 179  0  5 1.00
176 180  0  5 1.00
176 760  0  5 1.00
176 761  0  5 1.00
176 763  0  5 1.00
176 772  0  5 1.00
176 773  0  5 1.00
177 178  0  5 1.00
177 179  0  5 1.00
177 180  0  5 1.00
177 242  0  5 1.00
177 243  0  5 1.00
177 244  0  5 1.00
177 245  0  5 1.00
177 760  0  5 1.00
177 761  0  5 1.00
178 179  0  5 1.00
178 180  0  5 1.00
178 227  0  5 1.00
178 241  0  5 1.00
178 242  0  5 1.00
178 243  0  5 1.00
178 244  0  5 1.00
179 180  0  5 1.00
179 181  0  5 1.00
179 662  0  5 1.00
180 181  0  5 1.00
180 182  0  5 1.00
180 244  0  5 1.00
180 245  0  5 1.00
180 662  0  5 1.00
180 664  0  5 1.00
180 761  0  5 1.00
181 182  0  5 1.00
181 183  0  5 1.00
181 221  0  5 1.00
181 662  0  5 1.00
181 663  0  5 1.00
181 664  0  5 1.00
182 183  0  5 1.00
182 184  0  5 1.00
182 220  0  5 1.00
182 221  0  5 1.00
182 222  0  5 1.00
182 664  0  5 1.00
183 184  0  5 1.00
183 185  0  5 1.00
183 220  0  5 1.00
183 221  0  5 1.00
183 222  0  5 1.00
183 663  0  5 1.00
183 664  0  5 1.00
184 185  0  5 1.00
184 186  0  5 1.00
184 220  0  5 1.00
184 221  0  5 1.00
184 222  0  5 1.00
185 186  0  5 1.00
185 187  0  5 1.00
185 217  0  5 1.00
185 218  0  5 1.00
185 219  0  5 1.00
186 187  0  5 1.00
186 188  0  5 1.00
186 189  0  5 1.00
186 190  0  5 1.00
186 215  0  5 1.00
186 216  0  5 1.00
186 217  0  5 1.00
186 218  0  5 1.00
186 219  0  5 1.00
187 188  0  5 1.00
187 189  0  5 1.00
187 190  0  5 1.00
187 191  0  5 1.00
187 192  0  5 1.00
187 215  0  5 1.00
187 217  0  5 1.00
187 219  0  5 1.00
188 189  0  5 1.00
188 190  0  5 1.00
188 191  0  5 1.00
188 192  0  5 1.00
188 193  0  5 1.00
188 197  0  5 1.00
188 215  0  5 1.00
189 190  0  5 1.00
189 191  0  5 1.00
189 192  0  5 1.00
189 193  0  5 1.00
189 194  0  5 1.00
190 191  0  5 1.00
190 192  0  5 1.00
190 193  0  5 1.00
190 641  0  5 1.00
191 192  0  5 1.00
191 193  0  5 1.00
191 641  0  5 1.00
192 193  0  5 1.00
192 194  0  5 1.00
192 196  0  5 1.00
193 194  0  5 1.00
193 195  0  5 1.00
193 196  0  5 1.00
193 197  0  5 1.00
194 195  0  5 1.00
194 196  0  5 1.00
195 196  0  5 1.00
195 197  0  5 1.00
196 197  0  5 1.00
196 198  0  5 1.00
196 199  0  5 1.00
197 198  0  5 1.00
197 199  0  5 1.00
197 200  0  5 1.00
198 199  0  5 1.00
198 200  0  5 1.00
199 200  0  5 1.00
199 201  0  5 1.00
199 202  0  5 1.00
199 203  0  5 1.00
199 204  0  5 1.00
200 201  0  5 1.00
200 202  0  5 1.00
200 203  0  5 1.00
200 204  0  5 1.00
201 202  0  5 1.00
201 203  0  5 1.00
201 204  0  5 1.00
202 203  0  5 1.00
202 204  0  5 1.00
203 204  0  5 1.00
203 205  0  5 1.00
203 206  0  5 1.00
203 207  0  5 1.00
204 205  0  5 1.00
204 206  0  5 1.00
204 207  0  5 1.00
204 208  0  5 1.00
204 209  0  5 1.00
204 210  0  5 1.00
205 206  0  5 1.00
205 207  0  5 1.00
205 208  0  5 1.00
205 209  0  5 1.00
205 210  0  5 1.00
206 207  0  5 1.00
206 208  0  5 1.00
207 208  0  5 1.00
207 209  0  5 1.00
208 209  0  5 1.00
208 210  0  5 1.00
208 635  0  5 1.00
208 636  0  5 1.00
208 637  0  5 1.00
209 210  0  5 1.00
209 211  0  5 1.00
209 212  0  5 1.00
209 635  0  5 1.00
210 211  0  5 1.00
210 212  0  5 1.00
210 633  0  5 1.00
210 634  0  5 1.00
210 635  0  5 1.00
211 212  0  5 1.00
211 213  0  5 1.00
211 633  0  5 1.00
211 634  0  5 1.00
211 635  0  5 1.00
212 213  0  5 1.00
212 214  0  5 1.00
212 635  0  5 1.00
213 214  0  5 1.00
213 215  0  5 1.00
213 605  0  5 1.00
214 215  0  5 1.00
214 216  0  5 1.00
214 217  0  5 1.00
214 604  0  5 1.00
214 605  0  5 1.00
215 216  0  5 1.00
215 217  0  5 1.00
216 217  0  5 1.00
216 218  0  5 1.00
217 218  0  5 1.00
217 219  0  5 1.00
217 606  0  5 1.00
218 219  0  5 1.00
218 220  0  5 1.00
218 578  0  5 1.00
218 579  0  5 1.00
218 606  0  5 1.00
219 220  0  5 1.00
219 221  0  5 1.00
219 576  0  5 1.00
219 577  0  5 1.00
219 578  0  5 1.00
219 579  0  5 1.00
220 221  0  5 1.00
220 222  0  5 1.00
220 576  0  5 1.00
220 577  0  5 1.00
220 578  0  5 1.00
220 663  0  5 1.00
221 222  0  5 1.00
221 223  0  5 1.00
221 574  0  5 1.00
221 575  0  5 1.00
221 576  0  5 1.00
221 663  0  5 1.00
222 223  0  5 1.00
222 224  0  5 1.00
222 225  0  5 1.00
222 574  0  5 1.00
222 575  0  5 1.00
223 224  0  5 1.00
223 225  0  5 1.00
223 249  0  5 1.00
223 250  0  5 1.00
223 251  0  5 1.00
223 252  0  5 1.00
223 574  0  5 1.00
223 575  0  5 1.00
223 576  0  5 1.00
224 225  0  5 1.00
224 226  0  5 1.00
224 248  0  5 1.00
224 249  0  5 1.00
224 250  0  5 1.00
224 574  0  5 1.00
225 226  0  5 1.00
225 227  0  5 1.00
225 244  0  5 1.00
225 247  0  5 1.00
225 248  0  5 1.00
225 249  0  5 1.00
225 250  0  5 1.00
226 227  0  5 1.00
226 228  0  5 1.00
226 244  0  5 1.00
226 247  0  5 1.00
226 248  0  5 1.00
226 249  0  5 1.00
226 250  0  5 1.00
227 228  0  5 1.00
227 229  0  5 1.00
227 248  0  5 1.00
227 250  0  5 1.00
227 251  0  5 1.00
228 229  0  5 1.00
228 230  0  5 1.00
228 250  0  5 1.00
228 251  0  5 1.00
229 230  0  5 1.00
229 231  0  5 1.00
229 250  0  5 1.00
229 251  0  5 1.00
230 231  0  5 1.00
230 232  0  5 1.00
231 232  0  5 1.00
231 233  0  5 1.00
231 234  0  5 1.00
231 235  0  5 1.00
231 446  0  5 1.00
232 233  0  5 1.00
232 234  0  5 1.00
232 445  0  5 1.00
232 446  0  5 1.00
232 447  0  5 1.00
233 234  0  5 1.00
233 235  0  5 1.00
233 445  0  5 1.00
234 235  0  5 1.00
234 236  0  5 1.00
234 444  0  5 1.00
234 445  0  5 1.00
234 446  0  5 1.00
235 236  0  5 1.00
235 237  0  5 1.00
235 443  0  5 1.00
235 444  0  5 1.00
235 445  0  5 1.00
235 446  0  5 1.00
236 237  0  5 1.00
236 238  0  5 1.00
236 443  0  5 1.00
236 444  0  5 1.00
237 238  0  5 1.00
237 239  0  5 1.00
238 239  0  5 1.00
238 240  0  5 1.00
238 357  0  5 1.00
238 358  0  5 1.00
238 359  0  5 1.00
238 360  0  5 1.00
239 240  0  5 1.00
239 241  0  5 1.00
239 357  0  5 1.00
239 358  0  5 1.00
240 241  0  5 1.00
240 242  0  5 1.00
240 355  0  5 1.00
240 356  0  5 1.00
240 357  0  5 1.00
241 242  0  5 1.00
241 243  0  5 1.00
241 244  0  5 1.00
241 355  0  5 1.00
241 356  0  5 1.00
241 357  0  5 1.00
242 243  0  5 1.00
242 244  0  5 1.00
242 355  0  5 1.00
242 356  0  5 1.00
243 244  0  5 1.00
243 245  0  5 1.00
243 246  0  5 1.00
243 247  0  5 1.00
244 245  0  5 1.00
244 246  0  5 1.00
244 247  0  5 1.00
245 246  0  5 1.00
245 247  0  5 1.00
246 247  0  5 1.00
246 248  0  5 1.00
247 248  0  5 1.00
247 249  0  5 1.00
248 249  0  5 1.00
248 250  0  5 1.00
249 250  0  5 1.00
249 251  0  5 1.00
249 252  0  5 1.00
250 251  0  5 1.00
250 252  0  5 1.00
250 253  0  5 1.00
251 252  0  5 1.00
251 253  0  5 1.00
252 253  0  5 1.00
252 254  0  5 1.00
252 255  0  5 1.00
252 256  0  5 1.00
253 254  0  5 1.00
253 255  0  5 1.00
253 256  0  5 1.00
253 257  0  5 1.00
254 255  0  5 1.00
254 256  0  5 1.00
254 257  0  5 1.00
254 258  0  5 1.00
254 259  0  5 1.00
255 256  0  5 1.00
255 257  0  5 1.00
255 258  0  5 1.00
255 259  0  5 1.00
255 260  0  5 1.00
255 261  0  5 1.00
256 257  0  5 1.00
256 258  0  5 1.00
256 259  0  5 1.00
256 260  0  5 1.00
256 261  0  5 1.00
256 262  0  5 1.00
257 258  0  5 1.00
257 259  0  5 1.00
257 261  0  5 1.00
258 259  0  5 1.00
258 260  0  5 1.00
259 260  0  5 1.00
259 261  0  5 1.00
259 262  0  5 1.00
259 263  0  5 1.00
260 261  0  5 1.00
260 262  0  5 1.00
260 263  0  5 1.00
260 264  0  5 1.00
261 262  0  5 1.00
261 263  0  5 1.00
261 264  0  5 1.00
261 265  0  5 1.00
262 263  0  5 1.00
262 264  0  5 1.00
262 265  0  5 1.00
262 266  0  5 1.00
263 264  0  5 1.00
263 265  0  5 1.00
263 266  0  5 1.00
263 267  0  5 1.00
264 265  0  5 1.00
264 266  0  5 1.00
264 267  0  5 1.00
264 268  0  5 1.00
264 269  0  5 1.00
265 266  0  5 1.00
265 267  0  5 1.00
265 268  0  5 1.00
265 269  0  5 1.00
266 267  0  5 1.00
266 268  0  5 1.00
266 269  0  5 1.00
266 351  0  5 1.00
267 268  0  5 1.00
267 269  0  5 1.00
267 351  0  5 1.00
267 352  0  5 1.00
267 353  0  5 1.00
268 269  0  5 1.00
268 270  0  5 1.00
268 356  0  5 1.00
268 358  0  5 1.00
269 270  0  5 1.00
269 271  0  5 1.00
270 271  0  5 1.00
270 272  0  5 1.00
271 272  0  5 1.00
351 352  0  5 1.00
351 353  0  5 1.00
352 353  0  5 1.00
352 354  0  5 1.00
353 354  0  5 1.00
353 355  0  5 1.00
353 356  0  5 1.00
354 355  0  5 1.00
354 356  0  5 1.00
355 356  0  5 1.00
355 357  0  5 1.00
356 357  0  5 1.00
356 358  0  5 1.00
356 877  0  5 1.00
357 358  0  5 1.00
357 359  0  5 1.00
357 877  0  5 1.00
358 359  0  5 1.00
358 360  0  5 1.00
358 876  0  5 1.00
358 877  0  5 1.00
358 878  0  5 1.00
358 879  0  5 1.00
359 360  0  5 1.00
359 361  0  5 1.00
359 362  0  5 1.00
359 363  0  5 1.00
359 876  0  5 1.00
359 877  0  5 1.00
360 361  0  5 1.00
360 362  0  5 1.00
360 363  0  5 1.00
360 364  0  5 1.00
361 362  0  5 1.00
361 363  0  5 1.00
361 364  0  5 1.00
361 365  0  5 1.00
361 873  0  5 1.00
361 875  0  5 1.00
362 363  0  5 1.00
362 364  0  5 1.00
362 365  0  5 1.00
362 366  0  5 1.00
362 875  0  5 1.00
363 364  0  5 1.00
363 365  0  5 1.00
363 366  0  5 1.00
363 367  0  5 1.00
363 368  0  5 1.00
364 365  0  5 1.00
364 366  0  5 1.00
364 367  0  5 1.00
364 368  0  5 1.00
365 366  0  5 1.00
365 367  0  5 1.00
366 367  0  5 1.00
366 368  0  5 1.00
367 368  0  5 1.00
367 369  0  5 1.00
367 449  0  5 1.00
367 452  0  5 1.00
367 453  0  5 1.00
368 369  0  5 1.00
368 370  0  5 1.00
369 370  0  5 1.00
369 371  0  5 1.00
369 443  0  5 1.00
369 444  0  5 1.00
370 371  0  5 1.00
370 372  0  5 1.00
370 373  0  5 1.00
370 374  0  5 1.00
371 372  0  5 1.00
371 373  0  5 1.00
372 373  0  5 1.00
372 374  0  5 1.00
373 374  0  5 1.00
373 375  0  5 1.00
374 375  0  5 1.00
374 376  0  5 1.00
375 376  0  5 1.00
440 441  0  5 1.00
440 442  0  5 1.00
441 442  0  5 1.00
441 443  0  5 1.00
442 443  0  5 1.00
442 444  0  5 1.00
443 444  0  5 1.00
443 445  0  5 1.00
444 445  0  5 1.00
444 446  0  5 1.00
445 446  0  5 1.00
445 447  0  5 1.00
445 448  0  5 1.00
445 449  0  5 1.00
446 447  0  5 1.00
446 448  0  5 1.00
446 449  0  5 1.00
446 450  0  5 1.00
447 448  0  5 1.00
447 449  0  5 1.00
447 450  0  5 1.00
447 451  0  5 1.00
448 449  0  5 1.00
448 450  0  5 1.00
448 451  0  5 1.00
448 452  0  5 1.00
449 450  0  5 1.00
449 451  0  5 1.00
449 452  0  5 1.00
449 453  0  5 1.00
449 454  0  5 1.00
450 451  0  5 1.00
450 452  0  5 1.00
450 453  0  5 1.00
450 454  0  5 1.00
451 452  0  5 1.00
451 453  0  5 1.00
451 454  0  5 1.00
451 455  0  5 1.00
452 453  0  5 1.00
452 454  0  5 1.00
452 455  0  5 1.00
453 454  0  5 1.00
453 455  0  5 1.00
453 456  0  5 1.00
453 468  0  5 1.00
453 469  0  5 1.00
453 470  0  5 1.00
454 455  0  5 1.00
454 456  0  5 1.00
454 467  0  5 1.00
454 468  0  5 1.00
454 469  0  5 1.00
454 470  0  5 1.00
455 456  0  5 1.00
455 457  0  5 1.00
455 468  0  5 1.00
455 469  0  5 1.00
456 457  0  5 1.00
456 458  0  5 1.00
456 468  0  5 1.00
456 469  0  5 1.00
457 458  0  5 1.00
457 459  0  5 1.00
457 466  0  5 1.00
457 467  0  5 1.00
457 468  0  5 1.00
457 469  0  5 1.00
458 459  0  5 1.00
458 460  0  5 1.00
458 466  0  5 1.00
458 467  0  5 1.00
458 468  0  5 1.00
458 543  0  5 1.00
459 460  0  5 1.00
459 461  0  5 1.00
459 464  0  5 1.00
459 465  0  5 1.00
459 466  0  5 1.00
460 461  0  5 1.00
460 462  0  5 1.00
460 464  0  5 1.00
460 465  0  5 1.00
461 462  0  5 1.00
461 463  0  5 1.00
461 464  0  5 1.00
462 463  0  5 1.00
462 464  0  5 1.00
463 464  0  5 1.00
463 465  0  5 1.00
463 481  0  5 1.00
463 482  0  5 1.00
463 483  0  5 1.00
464 465  0  5 1.00
464 466  0  5 1.00
464 481  0  5 1.00
464 482  0  5 1.00
464 483  0  5 1.00
465 466  0  5 1.00
465 467  0  5 1.00
465 479  0  5 1.00
465 480  0  5 1.00
465 481  0  5 1.00
466 467  0  5 1.00
466 468  0  5 1.00
466 479  0  5 1.00
466 480  0  5 1.00
467 468  0  5 1.00
467 469  0  5 1.00
467 478  0  5 1.00
467 479  0  5 1.00
468 469  0  5 1.00
468 470  0  5 1.00
468 478  0  5 1.00
469 470  0  5 1.00
469 471  0  5 1.00
469 473  0  5 1.00
469 475  0  5 1.00
469 477  0  5 1.00
469 540  0  5 1.00
470 471  0  5 1.00
470 472  0  5 1.00
470 473  0  5 1.00
470 474  0  5 1.00
470 538  0  5 1.00
470 539  0  5 1.00
470 540  0  5 1.00
471 472  0  5 1.00
471 473  0  5 1.00
471 539  0  5 1.00
471 540  0  5 1.00
471 541  0  5 1.00
471 779  0  5 1.00
472 473  0  5 1.00
472 474  0  5 1.00
472 656  0  5 1.00
473 474  0  5 1.00
473 475  0  5 1.00
473 538  0  5 1.00
473 539  0  5 1.00
474 475  0  5 1.00
474 476  0  5 1.00
474 538  0  5 1.00
474 539  0  5 1.00
475 476  0  5 1.00
475 477  0  5 1.00
475 536  0  5 1.00
475 537  0  5 1.00
475 538  0  5 1.00
476 477  0  5 1.00
476 478  0  5 1.00
476 491  0  5 1.00
476 492  0  5 1.00
476 493  0  5 1.00
476 494  0  5 1.00
476 536  0  5 1.00
476 537  0  5 1.00
477 478  0  5 1.00
477 479  0  5 1.00
477 491  0  5 1.00
477 492  0  5 1.00
477 493  0  5 1.00
477 536  0  5 1.00
478 479  0  5 1.00
478 480  0  5 1.00
478 490  0  5 1.00
478 491  0  5 1.00
479 480  0  5 1.00
479 481  0  5 1.00
479 490  0  5 1.00
479 491  0  5 1.00
480 481  0  5 1.00
480 482  0  5 1.00
480 489  0  5 1.00
480 708  0  5 1.00
481 482  0  5 1.00
481 483  0  5 1.00
482 483  0  5 1.00
482 484  0  5 1.00
482 485  0  5 1.00
483 484  0  5 1.00
483 485  0  5 1.00
484 485  0  5 1.00
484 486  0  5 1.00
485 486  0  5 1.00
485 487  0  5 1.00
486 487  0  5 1.00
486 488  0  5 1.00
487 488  0  5 1.00
487 489  0  5 1.00
488 489  0  5 1.00
488 490  0  5 1.00
489 490  0  5 1.00
489 491  0  5 1.00
489 711  0  5 1.00
490 491  0  5 1.00
490 492  0  5 1.00
490 711  0  5 1.00
491 492  0  5 1.00
491 493  0  5 1.00
491 707  0  5 1.00
491 711  0  5 1.00
492 493  0  5 1.00
492 494  0  5 1.00
492 495  0  5 1.00
492 496  0  5 1.00
493 494  0  5 1.00
493 495  0  5 1.00
493 496  0  5 1.00
493 497  0  5 1.00
493 534  0  5 1.00
493 535  0  5 1.00
493 536  0  5 1.00
494 495  0  5 1.00
494 496  0  5 1.00
494 533  0  5 1.00
494 534  0  5 1.00
494 535  0  5 1.00
494 536  0  5 1.00
495 496  0  5 1.00
495 497  0  5 1.00
495 721  0  5 1.00
495 722  0  5 1.00
495 723  0  5 1.00
496 497  0  5 1.00
496 498  0  5 1.00
496 535  0  5 1.00
496 723  0  5 1.00
497 498  0  5 1.00
497 499  0  5 1.00
497 723  0  5 1.00
497 724  0  5 1.00
497 725  0  5 1.00
498 499  0  5 1.00
498 500  0  5 1.00
498 723  0  5 1.00
498 725  0  5 1.00
499 500  0  5 1.00
499 501  0  5 1.00
499 725  0  5 1.00
499 726  0  5 1.00
499 728  0  5 1.00
499 729  0  5 1.00
499 730  0  5 1.00
500 501  0  5 1.00
500 502  0  5 1.00
500 505  0  5 1.00
500 506  0  5 1.00
500 728  0  5 1.00
500 729  0  5 1.00
500 730  0  5 1.00
501 502  0  5 1.00
501 503  0  5 1.00
501 728  0  5 1.00
501 729  0  5 1.00
501 730  0  5 1.00
502 503  0  5 1.00
502 504  0  5 1.00
502 505  0  5 1.00
502 506  0  5 1.00
503 504  0  5 1.00
503 505  0  5 1.00
503 506  0  5 1.00
503 507  0  5 1.00
504 505  0  5 1.00
504 506  0  5 1.00
504 507  0  5 1.00
504 508  0  5 1.00
505 506  0  5 1.00
505 507  0  5 1.00
505 508  0  5 1.00
505 509  0  5 1.00
505 689  0  5 1.00
506 507  0  5 1.00
506 508  0  5 1.00
506 509  0  5 1.00
506 510  0  5 1.00
507 508  0  5 1.00
507 509  0  5 1.00
507 510  0  5 1.00
507 511  0  5 1.00
508 509  0  5 1.00
508 510  0  5 1.00
508 511  0  5 1.00
508 512  0  5 1.00
508 601  0  5 1.00
508 689  0  5 1.00
509 510  0  5 1.00
509 511  0  5 1.00
509 512  0  5 1.00
509 513  0  5 1.00
509 559  0  5 1.00
509 689  0  5 1.00
510 511  0  5 1.00
510 512  0  5 1.00
510 513  0  5 1.00
510 514  0  5 1.00
511 512  0  5 1.00
511 513  0  5 1.00
511 514  0  5 1.00
511 601  0  5 1.00
511 602  0  5 1.00
512 513  0  5 1.00
512 514  0  5 1.00
512 559  0  5 1.00
512 560  0  5 1.00
512 561  0  5 1.00
512 577  0  5 1.00
513 514  0  5 1.00
513 515  0  5 1.00
513 527  0  5 1.00
513 528  0  5 1.00
513 529  0  5 1.00
513 559  0  5 1.00
513 560  0  5 1.00
513 561  0  5 1.00
513 651  0  5 1.00
513 652  0  5 1.00
514 515  0  5 1.00
514 516  0  5 1.00
514 527  0  5 1.00
514 529  0  5 1.00
514 560  0  5 1.00
514 561  0  5 1.00
514 651  0  5 1.00
515 516  0  5 1.00
515 517  0  5 1.00
515 529  0  5 1.00
515 530  0  5 1.00
516 517  0  5 1.00
516 518  0  5 1.00
517 518  0  5 1.00
517 519  0  5 1.00
517 520  0  5 1.00
518 519  0  5 1.00
518 520  0  5 1.00
519 520  0  5 1.00
519 521  0  5 1.00
519 646  0  5 1.00
520 521  0  5 1.00
520 522  0  5 1.00
520 645  0  5 1.00
520 646  0  5 1.00
521 522  0  5 1.00
521 523  0  5 1.00
521 646  0  5 1.00
522 523  0  5 1.00
522 524  0  5 1.00
522 525  0  5 1.00
523 524  0  5 1.00
523 525  0  5 1.00
523 526  0  5 1.00
524 525  0  5 1.00
524 526  0  5 1.00
524 649  0  5 1.00
524 650  0  5 1.00
524 651  0  5 1.00
525 526  0  5 1.00
525 527  0  5 1.00
525 648  0  5 1.00
525 649  0  5 1.00
525 650  0  5 1.00
526 527  0  5 1.00
526 528  0  5 1.00
526 650  0  5 1.00
526 651  0  5 1.00
526 652  0  5 1.00
527 528  0  5 1.00
527 529  0  5 1.00
527 530  0  5 1.00
527 531  0  5 1.00
527 650  0  5 1.00
527 651  0  5 1.00
527 652  0  5 1.00
528 529  0  5 1.00
528 530  0  5 1.00
528 531  0  5 1.00
528 532  0  5 1.00
528 533  0  5 1.00
529 530  0  5 1.00
529 531  0  5 1.00
529 532  0  5 1.00
529 533  0  5 1.00
530 531  0  5 1.00
530 532  0  5 1.00
531 532  0  5 1.00
531 533  0  5 1.00
532 533  0  5 1.00
532 534  0  5 1.00
532 720  0  5 1.00
533 534  0  5 1.00
533 535  0  5 1.00
534 535  0  5 1.00
534 536  0  5 1.00
535 536  0  5 1.00
535 537  0  5 1.00
536 537  0  5 1.00
536 538  0  5 1.00
537 538  0  5 1.00
537 539  0  5 1.00
537 556  0  5 1.00
537 557  0  5 1.00
538 539  0  5 1.00
538 540  0  5 1.00
538 555  0  5 1.00
538 556  0  5 1.00
538 557  0  5 1.00
539 540  0  5 1.00
539 541  0  5 1.00
539 553  0  5 1.00
539 554  0  5 1.00
539 555  0  5 1.00
539 556  0  5 1.00
539 557  0  5 1.00
539 779  0  5 1.00
540 541  0  5 1.00
540 542  0  5 1.00
540 553  0  5 1.00
540 554  0  5 1.00
540 555  0  5 1.00
540 779  0  5 1.00
541 542  0  5 1.00
541 543  0  5 1.00
541 553  0  5 1.00
541 554  0  5 1.00
541 555  0  5 1.00
541 779  0  5 1.00
541 780  0  5 1.00
541 781  0  5 1.00
541 782  0  5 1.00
542 543  0  5 1.00
542 544  0  5 1.00
542 551  0  5 1.00
542 552  0  5 1.00
542 553  0  5 1.00
542 782  0  5 1.00
543 544  0  5 1.00
543 545  0  5 1.00
543 551  0  5 1.00
543 552  0  5 1.00
543 782  0  5 1.00
544 545  0  5 1.00
544 546  0  5 1.00
544 549  0  5 1.00
544 550  0  5 1.00
544 551  0  5 1.00
545 546  0  5 1.00
545 547  0  5 1.00
545 549  0  5 1.00
545 550  0  5 1.00
545 551  0  5 1.00
546 547  0  5 1.00
546 548  0  5 1.00
546 549  0  5 1.00
546 550  0  5 1.00
547 548  0  5 1.00
547 549  0  5 1.00
548 549  0  5 1.00
548 550  0  5 1.00
548 700  0  5 1.00
548 701  0  5 1.00
549 550  0  5 1.00
549 551  0  5 1.00
549 699  0  5 1.00
549 700  0  5 1.00
550 551  0  5 1.00
550 552  0  5 1.00
550 697  0  5 1.00
550 698  0  5 1.00
550 699  0  5 1.00
551 552  0  5 1.00
551 553  0  5 1.00
551 697  0  5 1.00
551 698  0  5 1.00
552 553  0  5 1.00
552 554  0  5 1.00
552 695  0  5 1.00
552 696  0  5 1.00
552 697  0  5 1.00
553 554  0  5 1.00
553 555  0  5 1.00
553 695  0  5 1.00
553 696  0  5 1.00
554 555  0  5 1.00
554 556  0  5 1.00
554 693  0  5 1.00
554 694  0  5 1.00
554 695  0  5 1.00
554 696  0  5 1.00
555 556  0  5 1.00
555 557  0  5 1.00
555 658  0  5 1.00
555 693  0  5 1.00
555 694  0  5 1.00
555 695  0  5 1.00
556 557  0  5 1.00
556 558  0  5 1.00
556 657  0  5 1.00
556 658  0  5 1.00
556 659  0  5 1.00
556 693  0  5 1.00
556 694  0  5 1.00
556 695  0  5 1.00
557 558  0  5 1.00
557 559  0  5 1.00
557 655  0  5 1.00
557 657  0  5 1.00
557 658  0  5 1.00
558 559  0  5 1.00
558 560  0  5 1.00
558 653  0  5 1.00
558 654  0  5 1.00
558 655  0  5 1.00
558 657  0  5 1.00
558 658  0  5 1.00
558 659  0  5 1.00
558 660  0  5 1.00
559 560  0  5 1.00
559 561  0  5 1.00
559 653  0  5 1.00
559 654  0  5 1.00
559 655  0  5 1.00
560 561  0  5 1.00
560 562  0  5 1.00
560 577  0  5 1.00
560 651  0  5 1.00
560 652  0  5 1.00
560 653  0  5 1.00
560 654  0  5 1.00
561 562  0  5 1.00
561 563  0  5 1.00
561 575  0  5 1.00
561 576  0  5 1.00
561 577  0  5 1.00
561 651  0  5 1.00
561 652  0  5 1.00
561 653  0  5 1.00
562 563  0  5 1.00
562 564  0  5 1.00
562 575  0  5 1.00
562 576  0  5 1.00
562 577  0  5 1.00
562 649  0  5 1.00
562 650  0  5 1.00
562 651  0  5 1.00
563 564  0  5 1.00
563 565  0  5 1.00
563 572  0  5 1.00
563 573  0  5 1.00
563 574  0  5 1.00
563 575  0  5 1.00
563 649  0  5 1.00
563 650  0  5 1.00
564 565  0  5 1.00
564 566  0  5 1.00
564 649  0  5 1.00
565 566  0  5 1.00
565 567  0  5 1.00
566 567  0  5 1.00
566 568  0  5 1.00
567 568  0  5 1.00
567 569  0  5 1.00
567 570  0  5 1.00
567 573  0  5 1.00
568 569  0  5 1.00
568 570  0  5 1.00
569 570  0  5 1.00
569 571  0  5 1.00
570 571  0  5 1.00
570 572  0  5 1.00
570 573  0  5 1.00
571 572  0  5 1.00
571 573  0  5 1.00
572 573  0  5 1.00
572 574  0  5 1.00
572 575  0  5 1.00
573 574  0  5 1.00
573 575  0  5 1.00
574 575  0  5 1.00
574 576  0  5 1.00
575 576  0  5 1.00
575 577  0  5 1.00
576 577  0  5 1.00
576 578  0  5 1.00
577 578  0  5 1.00
577 579  0  5 1.00
578 579  0  5 1.00
578 580  0  5 1.00
578 660  0  5 1.00
579 580  0  5 1.00
579 581  0  5 1.00
580 581  0  5 1.00
580 582  0  5 1.00
580 599  0  5 1.00
580 600  0  5 1.00
580 606  0  5 1.00
581 582  0  5 1.00
581 583  0  5 1.00
581 599  0  5 1.00
581 600  0  5 1.00
581 687  0  5 1.00
581 688  0  5 1.00
581 689  0  5 1.00
582 583  0  5 1.00
582 584  0  5 1.00
582 599  0  5 1.00
582 687  0  5 1.00
582 688  0  5 1.00
582 689  0  5 1.00
583 584  0  5 1.00
583 585  0  5 1.00
583 594  0  5 1.00
583 686  0  5 1.00
583 687  0  5 1.00
584 585  0  5 1.00
584 586  0  5 1.00
584 587  0  5 1.00
584 599  0  5 1.00
584 619  0  5 1.00
585 586  0  5 1.00
585 587  0  5 1.00
585 619  0  5 1.00
585 620  0  5 1.00
586 587  0  5 1.00
586 588  0  5 1.00
586 619  0  5 1.00
586 620  0  5 1.00
587 588  0  5 1.00
587 589  0  5 1.00
588 589  0  5 1.00
588 590  0  5 1.00
588 593  0  5 1.00
588 594  0  5 1.00
589 590  0  5 1.00
589 591  0  5 1.00
589 593  0  5 1.00
590 591  0  5 1.00
590 592  0  5 1.00
590 593  0  5 1.00
590 594  0  5 1.00
590 828  0  5 1.00
591 592  0  5 1.00
591 593  0  5 1.00
591 594  0  5 1.00
591 595  0  5 1.00
591 596  0  5 1.00
591 827  0  5 1.00
591 828  0  5 1.00
592 593  0  5 1.00
592 594  0  5 1.00
592 595  0  5 1.00
592 596  0  5 1.00
592 827  0  5 1.00
592 828  0  5 1.00
593 594  0  5 1.00
593 595  0  5 1.00
593 596  0  5 1.00
593 597  0  5 1.00
594 595  0  5 1.00
594 596  0  5 1.00
594 597  0  5 1.00
595 596  0  5 1.00
595 597  0  5 1.00
596 597  0  5 1.00
596 598  0  5 1.00
597 598  0  5 1.00
597 599  0  5 1.00
598 599  0  5 1.00
598 600  0  5 1.00
598 601  0  5 1.00
598 623  0  5 1.00
599 600  0  5 1.00
599 601  0  5 1.00
600 601  0  5 1.00
600 602  0  5 1.00
600 603  0  5 1.00
601 602  0  5 1.00
601 603  0  5 1.00
602 603  0  5 1.00
602 604  0  5 1.00
602 636  0  5 1.00
602 637  0  5 1.00
602 638  0  5 1.00
603 604  0  5 1.00
603 605  0  5 1.00
603 636  0  5 1.00
603 637  0  5 1.00
603 638  0  5 1.00
604 605  0  5 1.00
604 606  0  5 1.00
604 637  0  5 1.00
605 606  0  5 1.00
605 607  0  5 1.00
605 619  0  5 1.00
606 607  0  5 1.00
606 608  0  5 1.00
606 617  0  5 1.00
606 618  0  5 1.00
606 619  0  5 1.00
607 608  0  5 1.00
607 609  0  5 1.00
607 616  0  5 1.00
607 617  0  5 1.00
607 618  0  5 1.00
608 609  0  5 1.00
608 610  0  5 1.00
608 616  0  5 1.00
608 617  0  5 1.00
609 610  0  5 1.00
609 611  0  5 1.00
609 614  0  5 1.00
609 615  0  5 1.00
609 616  0  5 1.00
609 617  0  5 1.00
610 611  0  5 1.00
610 612  0  5 1.00
610 614  0  5 1.00
610 615  0  5 1.00
610 616  0  5 1.00
611 612  0  5 1.00
611 613  0  5 1.00
611 614  0  5 1.00
611 615  0  5 1.00
612 613  0  5 1.00
612 614  0  5 1.00
613 614  0  5 1.00
613 615  0  5 1.00
614 615  0  5 1.00
614 616  0  5 1.00
615 616  0  5 1.00
615 617  0  5 1.00
616 617  0  5 1.00
616 618  0  5 1.00
617 618  0  5 1.00
617 619  0  5 1.00
617 667  0  5 1.00
618 619  0  5 1.00
618 620  0  5 1.00
619 620  0  5 1.00
619 621  0  5 1.00
620 621  0  5 1.00
620 622  0  5 1.00
621 622  0  5 1.00
621 623  0  5 1.00
622 623  0  5 1.00
622 624  0  5 1.00
622 625  0  5 1.00
622 626  0  5 1.00
623 624  0  5 1.00
623 625  0  5 1.00
623 632  0  5 1.00
623 633  0  5 1.00
623 634  0  5 1.00
624 625  0  5 1.00
624 626  0  5 1.00
624 630  0  5 1.00
624 631  0  5 1.00
624 632  0  5 1.00
624 633  0  5 1.00
624 634  0  5 1.00
625 626  0  5 1.00
625 627  0  5 1.00
625 630  0  5 1.00
625 631  0  5 1.00
625 632  0  5 1.00
626 627  0  5 1.00
626 628  0  5 1.00
626 629  0  5 1.00
626 630  0  5 1.00
626 631  0  5 1.00
626 632  0  5 1.00
627 628  0  5 1.00
627 629  0  5 1.00
627 630  0  5 1.00
627 632  0  5 1.00
628 629  0  5 1.00
628 630  0  5 1.00
629 630  0  5 1.00
629 631  0  5 1.00
630 631  0  5 1.00
630 632  0  5 1.00
631 632  0  5 1.00
631 633  0  5 1.00
632 633  0  5 1.00
632 634  0  5 1.00
633 634  0  5 1.00
633 635  0  5 1.00
634 635  0  5 1.00
634 636  0  5 1.00
635 636  0  5 1.00
635 637  0  5 1.00
636 637  0  5 1.00
636 638  0  5 1.00
637 638  0  5 1.00
637 639  0  5 1.00
638 639  0  5 1.00
638 640  0  5 1.00
639 640  0  5 1.00
639 641  0  5 1.00
640 641  0  5 1.00
640 642  0  5 1.00
641 642  0  5 1.00
641 643  0  5 1.00
641 644  0  5 1.00
641 645  0  5 1.00
642 643  0  5 1.00
642 644  0  5 1.00
642 645  0  5 1.00
643 644  0  5 1.00
643 645  0  5 1.00
643 646  0  5 1.00
644 645  0  5 1.00
644 646  0  5 1.00
644 647  0  5 1.00
644 648  0  5 1.00
645 646  0  5 1.00
645 647  0  5 1.00
645 648  0  5 1.00
646 647  0  5 1.00
646 648  0  5 1.00
647 648  0  5 1.00
647 649  0  5 1.00
648 649  0  5 1.00
648 650  0  5 1.00
649 650  0  5 1.00
649 651  0  5 1.00
650 651  0  5 1.00
650 652  0  5 1.00
651 652  0  5 1.00
651 653  0  5 1.00
652 653  0  5 1.00
652 654  0  5 1.00
653 654  0  5 1.00
653 655  0  5 1.00
654 655  0  5 1.00
654 656  0  5 1.00
655 656  0  5 1.00
655 657  0  5 1.00
656 657  0  5 1.00
656 658  0  5 1.00
657 658  0  5 1.00
657 659  0  5 1.00
658 659  0  5 1.00
658 660  0  5 1.00
658 690  0  5 1.00
658 691  0  5 1.00
658 692  0  5 1.00
658 693  0  5 1.00
659 660  0  5 1.00
659 661  0  5 1.00
659 691  0  5 1.00
659 692  0  5 1.00
660 661  0  5 1.00
660 662  0  5 1.00
660 690  0  5 1.00
660 691  0  5 1.00
661 662  0  5 1.00
661 663  0  5 1.00
662 663  0  5 1.00
662 664  0  5 1.00
663 664  0  5 1.00
663 665  0  5 1.00
663 668  0  5 1.00
664 665  0  5 1.00
664 666  0  5 1.00
664 759  0  5 1.00
664 760  0  5 1.00
665 666  0  5 1.00
665 667  0  5 1.00
665 668  0  5 1.00
665 669  0  5 1.00
665 758  0  5 1.00
665 759  0  5 1.00
665 760  0  5 1.00
666 667  0  5 1.00
666 668  0  5 1.00
666 669  0  5 1.00
666 670  0  5 1.00
666 758  0  5 1.00
666 759  0  5 1.00
667 668  0  5 1.00
667 669  0  5 1.00
667 670  0  5 1.00
667 671  0  5 1.00
668 669  0  5 1.00
668 670  0  5 1.00
668 671  0  5 1.00
668 672  0  5 1.00
669 670  0  5 1.00
669 671  0  5 1.00
669 672  0  5 1.00
669 673  0  5 1.00
669 674  0  5 1.00
670 671  0  5 1.00
670 672  0  5 1.00
670 673  0  5 1.00
670 674  0  5 1.00
670 675  0  5 1.00
670 676  0  5 1.00
671 672  0  5 1.00
671 673  0  5 1.00
671 674  0  5 1.00
671 734  0  5 1.00
672 673  0  5 1.00
672 674  0  5 1.00
672 734  0  5 1.00
672 735  0  5 1.00
672 775  0  5 1.00
673 674  0  5 1.00
673 675  0  5 1.00
673 735  0  5 1.00
673 736  0  5 1.00
673 737  0  5 1.00
674 675  0  5 1.00
674 676  0  5 1.00
674 735  0  5 1.00
675 676  0  5 1.00
675 677  0  5 1.00
676 677  0  5 1.00
676 678  0  5 1.00
676 684  0  5 1.00
676 685  0  5 1.00
676 686  0  5 1.00
677 678  0  5 1.00
677 679  0  5 1.00
677 684  0  5 1.00
677 685  0  5 1.00
677 686  0  5 1.00
678 679  0  5 1.00
678 680  0  5 1.00
678 683  0  5 1.00
678 684  0  5 1.00
679 680  0  5 1.00
679 681  0  5 1.00
680 681  0  5 1.00
680 682  0  5 1.00
680 683  0  5 1.00
681 682  0  5 1.00
681 683  0  5 1.00
682 683  0  5 1.00
682 684  0  5 1.00
683 684  0  5 1.00
683 685  0  5 1.00
684 685  0  5 1.00
684 686  0  5 1.00
685 686  0  5 1.00
685 687  0  5 1.00
686 687  0  5 1.00
686 688  0  5 1.00
687 688  0  5 1.00
687 689  0  5 1.00
688 689  0  5 1.00
688 690  0  5 1.00
688 691  0  5 1.00
688 732  0  5 1.00
689 690  0  5 1.00
689 691  0  5 1.00
690 691  0  5 1.00
690 692  0  5 1.00
690 693  0  5 1.00
691 692  0  5 1.00
691 693  0  5 1.00
692 693  0  5 1.00
692 694  0  5 1.00
692 731  0  5 1.00
692 732  0  5 1.00
692 733  0  5 1.00
692 734  0  5 1.00
693 694  0  5 1.00
693 695  0  5 1.00
693 731  0  5 1.00
693 732  0  5 1.00
693 733  0  5 1.00
694 695  0  5 1.00
694 696  0  5 1.00
694 729  0  5 1.00
694 730  0  5 1.00
694 731  0  5 1.00
694 732  0  5 1.00
694 733  0  5 1.00
695 696  0  5 1.00
695 697  0  5 1.00
695 729  0  5 1.00
695 730  0  5 1.00
696 697  0  5 1.00
696 698  0  5 1.00
696 727  0  5 1.00
696 728  0  5 1.00
696 729  0  5 1.00
697 698  0  5 1.00
697 699  0  5 1.00
697 727  0  5 1.00
697 728  0  5 1.00
698 699  0  5 1.00
698 700  0  5 1.00
698 727  0  5 1.00
699 700  0  5 1.00
699 701  0  5 1.00
699 727  0  5 1.00
700 701  0  5 1.00
700 702  0  5 1.00
700 703  0  5 1.00
700 704  0  5 1.00
701 702  0  5 1.00
701 703  0  5 1.00
701 704  0  5 1.00
701 705  0  5 1.00
702 703  0  5 1.00
702 704  0  5 1.00
702 705  0  5 1.00
702 706  0  5 1.00
703 704  0  5 1.00
703 705  0  5 1.00
703 706  0  5 1.00
703 707  0  5 1.00
704 705  0  5 1.00
704 706  0  5 1.00
704 707  0  5 1.00
704 708  0  5 1.00
705 706  0  5 1.00
705 707  0  5 1.00
705 708  0  5 1.00
705 709  0  5 1.00
706 707  0  5 1.00
706 708  0  5 1.00
706 709  0  5 1.00
706 710  0  5 1.00
707 708  0  5 1.00
707 709  0  5 1.00
707 710  0  5 1.00
707 711  0  5 1.00
708 709  0  5 1.00
708 710  0  5 1.00
708 711  0  5 1.00
708 712  0  5 1.00
709 710  0  5 1.00
709 711  0  5 1.00
709 712  0  5 1.00
709 713  0  5 1.00
710 711  0  5 1.00
710 712  0  5 1.00
710 713  0  5 1.00
711 712  0  5 1.00
711 713  0  5 1.00
712 713  0  5 1.00
712 714  0  5 1.00
713 714  0  5 1.00
713 715  0  5 1.00
714 715  0  5 1.00
714 716  0  5 1.00
715 716  0  5 1.00
715 717  0  5 1.00
715 718  0  5 1.00
715 719  0  5 1.00
716 717  0  5 1.00
716 718  0  5 1.00
717 718  0  5 1.00
717 719  0  5 1.00
717 720  0  5 1.00
718 719  0  5 1.00
718 720  0  5 1.00
718 721  0  5 1.00
719 720  0  5 1.00
719 721  0  5 1.00
720 721  0  5 1.00
720 722  0  5 1.00
721 722  0  5 1.00
721 723  0  5 1.00
722 723  0  5 1.00
722 724  0  5 1.00
723 724  0  5 1.00
723 725  0  5 1.00
724 725  0  5 1.00
724 726  0  5 1.00
725 726  0  5 1.00
725 727  0  5 1.00
725 728  0  5 1.00
726 727  0  5 1.00
726 728  0  5 1.00
727 728  0  5 1.00
727 729  0  5 1.00
728 729  0  5 1.00
728 730  0  5 1.00
729 730  0  5 1.00
729 731  0  5 1.00
730 731  0  5 1.00
730 732  0  5 1.00
731 732  0  5 1.00
731 733  0  5 1.00
732 733  0  5 1.00
732 734  0  5 1.00
733 734  0  5 1.00
733 735  0  5 1.00
734 735  0  5 1.00
734 736  0  5 1.00
734 806  0  5 1.00
735 736  0  5 1.00
735 737  0  5 1.00
735 806  0  5 1.00
736 737  0  5 1.00
736 738  0  5 1.00
736 739  0  5 1.00
736 740  0  5 1.00
736 806  0  5 1.00
737 738  0  5 1.00
737 739  0  5 1.00
737 740  0  5 1.00
737 743  0  5 1.00
738 739  0  5 1.00
738 740  0  5 1.00
738 743  0  5 1.00
738 744  0  5 1.00
738 745  0  5 1.00
739 740  0  5 1.00
739 741  0  5 1.00
739 764  0  5 1.00
739 765  0  5 1.00
739 766  0  5 1.00
739 767  0  5 1.00
739 774  0  5 1.00
740 741  0  5 1.00
740 742  0  5 1.00
740 743  0  5 1.00
740 744  0  5 1.00
740 764  0  5 1.00
740 765  0  5 1.00
740 766  0  5 1.00
740 774  0  5 1.00
741 742  0  5 1.00
741 743  0  5 1.00
741 744  0  5 1.00
741 764  0  5 1.00
741 765  0  5 1.00
741 766  0  5 1.00
742 743  0  5 1.00
742 744  0  5 1.00
742 764  0  5 1.00
743 744  0  5 1.00
743 745  0  5 1.00
744 745  0  5 1.00
756 757  0  5 1.00
756 758  0  5 1.00
757 758  0  5 1.00
757 759  0  5 1.00
758 759  0  5 1.00
758 760  0  5 1.00
759 760  0  5 1.00
759 761  0  5 1.00
759 762  0  5 1.00
759 763  0  5 1.00
760 761  0  5 1.00
760 762  0  5 1.00
760 763  0  5 1.00
761 762  0  5 1.00
761 763  0  5 1.00
762 763  0  5 1.00
762 764  0  5 1.00
763 764  0  5 1.00
763 765  0  5 1.00
764 765  0  5 1.00
764 766  0  5 1.00
765 766  0  5 1.00
765 767  0  5 1.00
765 772  0  5 1.00
765 774  0  5 1.00
766 767  0  5 1.00
766 768  0  5 1.00
767 768  0  5 1.00
767 769  0  5 1.00
767 771  0  5 1.00
768 769  0  5 1.00
768 770  0  5 1.00
768 771  0  5 1.00
768 844  0  5 1.00
768 845  0  5 1.00
768 846  0  5 1.00
768 847  0  5 1.00
769 770  0  5 1.00
769 771  0  5 1.00
769 844  0  5 1.00
769 845  0  5 1.00
769 846  0  5 1.00
769 847  0  5 1.00
769 848  0  5 1.00
770 771  0  5 1.00
770 772  0  5 1.00
770 846  0  5 1.00
770 847  0  5 1.00
771 772  0  5 1.00
771 773  0  5 1.00
772 773  0  5 1.00
772 774  0  5 1.00
773 774  0  5 1.00
773 775  0  5 1.00
773 776  0  5 1.00
774 775  0  5 1.00
774 776  0  5 1.00
775 776  0  5 1.00
775 777  0  5 1.00
776 777  0  5 1.00
776 778  0  5 1.00
777 778  0  5 1.00
777 779  0  5 1.00
778 779  0  5 1.00
778 780  0  5 1.00
778 804  0  5 1.00
778 805  0  5 1.00
778 806  0  5 1.00
779 780  0  5 1.00
779 781  0  5 1.00
779 804  0  5 1.00
779 805  0  5 1.00
780 781  0  5 1.00
780 782  0  5 1.00
780 803  0  5 1.00
780 804  0  5 1.00
780 805  0  5 1.00
781 782  0  5 1.00
781 783  0  5 1.00
781 802  0  5 1.00
781 803  0  5 1.00
781 804  0  5 1.00
782 783  0  5 1.00
782 784  0  5 1.00
782 802  0  5 1.00
782 803  0  5 1.00
783 784  0  5 1.00
783 785  0  5 1.00
783 800  0  5 1.00
783 801  0  5 1.00
783 802  0  5 1.00
784 785  0  5 1.00
784 786  0  5 1.00
784 800  0  5 1.00
784 801  0  5 1.00
784 802  0  5 1.00
785 786  0  5 1.00
785 787  0  5 1.00
785 798  0  5 1.00
785 799  0  5 1.00
785 800  0  5 1.00
785 801  0  5 1.00
786 787  0  5 1.00
786 788  0  5 1.00
786 798  0  5 1.00
786 799  0  5 1.00
786 858  0  5 1.00
787 788  0  5 1.00
787 789  0  5 1.00
787 798  0  5 1.00
787 799  0  5 1.00
788 789  0  5 1.00
788 790  0  5 1.00
788 858  0  5 1.00
789 790  0  5 1.00
789 791  0  5 1.00
790 791  0  5 1.00
790 792  0  5 1.00
791 792  0  5 1.00
791 793  0  5 1.00
791 901  0  5 1.00
792 793  0  5 1.00
792 794  0  5 1.00
792 795  0  5 1.00
792 901  0  5 1.00
793 794  0  5 1.00
793 795  0  5 1.00
794 795  0  5 1.00
794 796  0  5 1.00
795 796  0  5 1.00
795 797  0  5 1.00
796 797  0  5 1.00
796 798  0  5 1.00
796 816  0  5 1.00
797 798  0  5 1.00
797 799  0  5 1.00
797 816  0  5 1.00
798 799  0  5 1.00
798 800  0  5 1.00
799 800  0  5 1.00
799 801  0  5 1.00
799 812  0  5 1.00
799 813  0  5 1.00
799 814  0  5 1.00
800 801  0  5 1.00
800 802  0  5 1.00
800 812  0  5 1.00
800 813  0  5 1.00
800 814  0  5 1.00
801 802  0  5 1.00
801 803  0  5 1.00
801 810  0  5 1.00
801 811  0  5 1.00
801 812  0  5 1.00
802 803  0  5 1.00
802 804  0  5 1.00
802 810  0  5 1.00
802 811  0  5 1.00
802 812  0  5 1.00
803 804  0  5 1.00
803 805  0  5 1.00
803 808  0  5 1.00
803 809  0  5 1.00
803 810  0  5 1.00
804 805  0  5 1.00
804 806  0  5 1.00
804 808  0  5 1.00
804 809  0  5 1.00
805 806  0  5 1.00
805 807  0  5 1.00
805 808  0  5 1.00
805 809  0  5 1.00
806 807  0  5 1.00
806 808  0  5 1.00
807 808  0  5 1.00
807 809  0  5 1.00
807 837  0  5 1.00
807 838  0  5 1.00
807 839  0  5 1.00
808 809  0  5 1.00
808 810  0  5 1.00
808 837  0  5 1.00
808 838  0  5 1.00
808 839  0  5 1.00
809 810  0  5 1.00
809 811  0  5 1.00
809 835  0  5 1.00
809 836  0  5 1.00
809 837  0  5 1.00
809 838  0  5 1.00
809 839  0  5 1.00
810 811  0  5 1.00
810 812  0  5 1.00
810 835  0  5 1.00
810 836  0  5 1.00
810 837  0  5 1.00
811 812  0  5 1.00
811 813  0  5 1.00
811 833  0  5 1.00
811 834  0  5 1.00
811 835  0  5 1.00
812 813  0  5 1.00
812 814  0  5 1.00
812 833  0  5 1.00
813 814  0  5 1.00
813 815  0  5 1.00
813 821  0  5 1.00
813 822  0  5 1.00
813 832  0  5 1.00
813 833  0  5 1.00
813 834  0  5 1.00
814 815  0  5 1.00
814 816  0  5 1.00
814 820  0  5 1.00
814 821  0  5 1.00
814 822  0  5 1.00
815 816  0  5 1.00
815 817  0  5 1.00
815 818  0  5 1.00
815 819  0  5 1.00
815 820  0  5 1.00
815 821  0  5 1.00
815 822  0  5 1.00
816 817  0  5 1.00
816 818  0  5 1.00
816 819  0  5 1.00
817 818  0  5 1.00
817 819  0  5 1.00
818 819  0  5 1.00
818 820  0  5 1.00
819 820  0  5 1.00
819 821  0  5 1.00
820 821  0  5 1.00
820 822  0  5 1.00
821 822  0  5 1.00
821 823  0  5 1.00
822 823  0  5 1.00
822 824  0  5 1.00
822 832  0  5 1.00
822 833  0  5 1.00
823 824  0  5 1.00
823 825  0  5 1.00
824 825  0  5 1.00
824 826  0  5 1.00
824 909  0  5 1.00
825 826  0  5 1.00
825 827  0  5 1.00
826 827  0  5 1.00
826 828  0  5 1.00
826 829  0  5 1.00
827 828  0  5 1.00
827 829  0  5 1.00
828 829  0  5 1.00
828 830  0  5 1.00
829 830  0  5 1.00
829 831  0  5 1.00
830 831  0  5 1.00
830 832  0  5 1.00
830 910  0  5 1.00
831 832  0  5 1.00
831 833  0  5 1.00
831 834  0  5 1.00
831 912  0  5 1.00
832 833  0  5 1.00
832 834  0  5 1.00
832 912  0  5 1.00
832 913  0  5 1.00
833 834  0  5 1.00
833 835  0  5 1.00
834 835  0  5 1.00
834 836  0  5 1.00
834 912  0  5 1.00
835 836  0  5 1.00
835 837  0  5 1.00
836 837  0  5 1.00
836 838  0  5 1.00
837 838  0  5 1.00
837 839  0  5 1.00
837 915  0  5 1.00
838 839  0  5 1.00
838 840  0  5 1.00
839 840  0  5 1.00
839 841  0  5 1.00
839 917  0  5 1.00
840 841  0  5 1.00
840 842  0  5 1.00
840 843  0  5 1.00
840 844  0  5 1.00
840 917  0  5 1.00
841 842  0  5 1.00
841 843  0  5 1.00
841 844  0  5 1.00
841 845  0  5 1.00
842 843  0  5 1.00
842 844  0  5 1.00
842 845  0  5 1.00
842 846  0  5 1.00
843 844  0  5 1.00
843 845  0  5 1.00
843 846  0  5 1.00
844 845  0  5 1.00
844 846  0  5 1.00
845 846  0  5 1.00
845 847  0  5 1.00
846 847  0  5 1.00
846 848  0  5 1.00
847 848  0  5 1.00
847 849  0  5 1.00
847 850  0  5 1.00
847 851  0  5 1.00
848 849  0  5 1.00
848 850  0  5 1.00
848 851  0  5 1.00
849 850  0  5 1.00
849 851  0  5 1.00
849 871  0  5 1.00
850 851  0  5 1.00
850 852  0  5 1.00
850 866  0  5 1.00
850 867  0  5 1.00
850 868  0  5 1.00
850 871  0  5 1.00
851 852  0  5 1.00
851 853  0  5 1.00
851 866  0  5 1.00
851 867  0  5 1.00
851 868  0  5 1.00
852 853  0  5 1.00
852 854  0  5 1.00
852 866  0  5 1.00
852 867  0  5 1.00
852 868  0  5 1.00
853 854  0  5 1.00
853 855  0  5 1.00
853 864  0  5 1.00
853 865  0  5 1.00
853 866  0  5 1.00
854 855  0  5 1.00
854 856  0  5 1.00
854 864  0  5 1.00
854 865  0  5 1.00
855 856  0  5 1.00
855 857  0  5 1.00
855 862  0  5 1.00
855 863  0  5 1.00
855 864  0  5 1.00
856 857  0  5 1.00
856 858  0  5 1.00
856 862  0  5 1.00
856 863  0  5 1.00
856 864  0  5 1.00
857 858  0  5 1.00
857 859  0  5 1.00
857 860  0  5 1.00
857 861  0  5 1.00
857 862  0  5 1.00
858 859  0  5 1.00
858 860  0  5 1.00
858 861  0  5 1.00
859 860  0  5 1.00
859 861  0  5 1.00
860 861  0  5 1.00
860 862  0  5 1.00
861 862  0  5 1.00
861 863  0  5 1.00
861 893  0  5 1.00
861 894  0  5 1.00
861 895  0  5 1.00
862 863  0  5 1.00
862 864  0  5 1.00
862 893  0  5 1.00
863 864  0  5 1.00
863 865  0  5 1.00
863 891  0  5 1.00
863 892  0  5 1.00
863 893  0  5 1.00
864 865  0  5 1.00
864 866  0  5 1.00
864 891  0  5 1.00
864 892  0  5 1.00
864 893  0  5 1.00
865 866  0  5 1.00
865 867  0  5 1.00
865 889  0  5 1.00
865 890  0  5 1.00
865 891  0  5 1.00
866 867  0  5 1.00
866 868  0  5 1.00
866 889  0  5 1.00
866 890  0  5 1.00
867 868  0  5 1.00
867 869  0  5 1.00
867 887  0  5 1.00
867 888  0  5 1.00
867 889  0  5 1.00
868 869  0  5 1.00
868 870  0  5 1.00
868 871  0  5 1.00
868 872  0  5 1.00
868 887  0  5 1.00
868 888  0  5 1.00
869 870  0  5 1.00
869 871  0  5 1.00
869 872  0  5 1.00
869 884  0  5 1.00
869 885  0  5 1.00
869 886  0  5 1.00
869 887  0  5 1.00
869 888  0  5 1.00
870 871  0  5 1.00
870 872  0  5 1.00
870 885  0  5 1.00
870 887  0  5 1.00
871 872  0  5 1.00
871 873  0  5 1.00
872 873  0  5 1.00
872 874  0  5 1.00
873 874  0  5 1.00
873 875  0  5 1.00
873 882  0  5 1.00
874 875  0  5 1.00
874 876  0  5 1.00
874 880  0  5 1.00
874 881  0  5 1.00
874 882  0  5 1.00
875 876  0  5 1.00
875 877  0  5 1.00
875 880  0  5 1.00
875 881  0  5 1.00
875 882  0  5 1.00
876 877  0  5 1.00
876 878  0  5 1.00
876 879  0  5 1.00
876 880  0  5 1.00
877 878  0  5 1.00
877 879  0  5 1.00
878 879  0  5 1.00
878 880  0  5 1.00
879 880  0  5 1.00
879 881  0  5 1.00
880 881  0  5 1.00
880 882  0  5 1.00
881 882  0  5 1.00
881 883  0  5 1.00
882 883  0  5 1.00
882 884  0  5 1.00
882 885  0  5 1.00
883 884  0  5 1.00
883 885  0  5 1.00
884 885  0  5 1.00
884 886  0  5 1.00
885 886  0  5 1.00
885 887  0  5 1.00
886 887  0  5 1.00
886 888  0  5 1.00
886 924  0  5 1.00
886 925  0  5 1.00
886 926  0  5 1.00
886 927  0  5 1.00
887 888  0  5 1.00
887 889  0  5 1.00
887 924  0  5 1.00
887 925  0  5 1.00
887 926  0  5 1.00
887 927  0  5 1.00
887 928  0  5 1.00
887 929  0  5 1.00
888 889  0  5 1.00
888 890  0  5 1.00
888 922  0  5 1.00
888 923  0  5 1.00
888 924  0  5 1.00
888 925  0  5 1.00
888 927  0  5 1.00
889 890  0  5 1.00
889 891  0  5 1.00
889 922  0  5 1.00
889 923  0  5 1.00
889 924  0  5 1.00
890 891  0  5 1.00
890 892  0  5 1.00
890 918  0  5 1.00
890 919  0  5 1.00
890 920  0  5 1.00
890 921  0  5 1.00
890 922  0  5 1.00
890 923  0  5 1.00
891 892  0  5 1.00
891 893  0  5 1.00
891 918  0  5 1.00
891 919  0  5 1.00
891 920  0  5 1.00
892 893  0  5 1.00
892 894  0  5 1.00
892 916  0  5 1.00
892 917  0  5 1.00
892 918  0  5 1.00
892 920  0  5 1.00
893 894  0  5 1.00
893 895  0  5 1.00
893 916  0  5 1.00
893 917  0  5 1.00
894 895  0  5 1.00
894 896  0  5 1.00
894 914  0  5 1.00
894 915  0  5 1.00
894 916  0  5 1.00
895 896  0  5 1.00
895 897  0  5 1.00
895 914  0  5 1.00
895 915  0  5 1.00
896 897  0  5 1.00
896 898  0  5 1.00
896 913  0  5 1.00
896 914  0  5 1.00
896 915  0  5 1.00
897 898  0  5 1.00
897 899  0  5 1.00
897 914  0  5 1.00
898 899  0  5 1.00
898 900  0  5 1.00
898 911  0  5 1.00
898 913  0  5 1.00
899 900  0  5 1.00
899 901  0  5 1.00
899 902  0  5 1.00
900 901  0  5 1.00
900 902  0  5 1.00
901 902  0  5 1.00
901 903  0  5 1.00
901 906  0  5 1.00
902 903  0  5 1.00
902 904  0  5 1.00
903 904  0  5 1.00
903 905  0  5 1.00
903 906  0  5 1.00
904 905  0  5 1.00
904 906  0  5 1.00
905 906  0  5 1.00
905 907  0  5 1.00
906 907  0  5 1.00
906 908  0  5 1.00
907 908  0  5 1.00
907 909  0  5 1.00
908 909  0  5 1.00
908 910  0  5 1.00
909 910  0  5 1.00
909 911  0  5 1.00
910 911  0  5 1.00
910 912  0  5 1.00
911 912  0  5 1.00
911 913  0  5 1.00
912 913  0  5 1.00
912 914  0  5 1.00
913 914  0  5 1.00
913 915  0  5 1.00
914 915  0  5 1.00
914 916  0  5 1.00
915 916  0  5 1.00
915 917  0  5 1.00
916 917  0  5 1.00
916 918  0  5 1.00
917 918  0  5 1.00
917 919  0  5 1.00
918 919  0  5 1.00
918 920  0  5 1.00
919 920  0  5 1.00
919 921  0  5 1.00
920 921  0  5 1.00
920 922  0  5 1.00
920 961  0  5 1.00
920 962  0  5 1.00
920 963  0  5 1.00
921 922  0  5 1.00
921 923  0  5 1.00
921 963  0  5 1.00
922 923  0  5 1.00
922 924  0  5 1.00
922 963  0  5 1.00
923 924  0  5 1.00
923 925  0  5 1.00
924 925  0  5 1.00
924 926  0  5 1.00
925 926  0  5 1.00
925 927  0  5 1.00
926 927  0  5 1.00
926 928  0  5 1.00
927 928  0  5 1.00
927 929  0  5 1.00
928 929  0  5 1.00
928 930  0  5 1.00
928 943  0  5 1.00
928 944  0  5 1.00
928 945  0  5 1.00
928 946  0  5 1.00
929 930  0  5 1.00
929 931  0  5 1.00
929 943  0  5 1.00
929 944  0  5 1.00
929 945  0  5 1.00
930 931  0  5 1.00
930 932  0  5 1.00
930 943  0  5 1.00
930 944  0  5 1.00
930 945  0  5 1.00
931 932  0  5 1.00
931 933  0  5 1.00
931 941  0  5 1.00
931 942  0  5 1.00
931 943  0  5 1.00
932 933  0  5 1.00
932 934  0  5 1.00
932 941  0  5 1.00
932 942  0  5 1.00
932 943  0  5 1.00
933 934  0  5 1.00
933 935  0  5 1.00
933 939  0  5 1.00
933 940  0  5 1.00
933 941  0  5 1.00
934 935  0  5 1.00
934 936  0  5 1.00
934 939  0  5 1.00
934 940  0  5 1.00
935 936  0  5 1.00
935 937  0  5 1.00
935 939  0  5 1.00
935 940  0  5 1.00
935 941  0  5 1.00
936 937  0  5 1.00
936 938  0  5 1.00
936 939  0  5 1.00
936 940  0  5 1.00
937 938  0  5 1.00
937 939  0  5 1.00
938 939  0  5 1.00
938 940  0  5 1.00
938 956  0  5 1.00
938 957  0  5 1.00
938 958  0  5 1.00
939 940  0  5 1.00
939 941  0  5 1.00
939 956  0  5 1.00
940 941  0  5 1.00
940 942  0  5 1.00
940 954  0  5 1.00
940 955  0  5 1.00
940 956  0  5 1.00
941 942  0  5 1.00
941 943  0  5 1.00
941 954  0  5 1.00
941 955  0  5 1.00
942 943  0  5 1.00
942 944  0  5 1.00
942 952  0  5 1.00
942 953  0  5 1.00
942 954  0  5 1.00
943 944  0  5 1.00
943 945  0  5 1.00
943 952  0  5 1.00
943 953  0  5 1.00
944 945  0  5 1.00
944 946  0  5 1.00
944 950  0  5 1.00
944 951  0  5 1.00
944 952  0  5 1.00
944 953  0  5 1.00
945 946  0  5 1.00
945 947  0  5 1.00
945 950  0  5 1.00
946 947  0  5 1.00
946 948  0  5 1.00
947 948  0  5 1.00
947 949  0  5 1.00
947 950  0  5 1.00
948 949  0  5 1.00
948 950  0  5 1.00
949 950  0  5 1.00
949 951  0  5 1.00
950 951  0  5 1.00
950 952  0  5 1.00
951 952  0  5 1.00
951 953  0  5 1.00
952 953  0  5 1.00
952 954  0  5 1.00
953 954  0  5 1.00
953 955  0  5 1.00
953 970  0  5 1.00
954 955  0  5 1.00
954 956  0  5 1.00
954 970  0  5 1.00
955 956  0  5 1.00
955 957  0  5 1.00
955 964  0  5 1.00
955 965  0  5 1.00
955 966  0  5 1.00
955 970  0  5 1.00
956 957  0  5 1.00
956 958  0  5 1.00
956 964  0  5 1.00
956 965  0  5 1.00
956 966  0  5 1.00
957 958  0  5 1.00
957 959  0  5 1.00
957 962  0  5 1.00
957 963  0  5 1.00
957 964  0  5 1.00
957 966  0  5 1.00
958 959  0  5 1.00
958 960  0  5 1.00
958 962  0  5 1.00
958 963  0  5 1.00
959 960  0  5 1.00
959 961  0  5 1.00
959 962  0  5 1.00
960 961  0  5 1.00
960 962  0  5 1.00
961 962  0  5 1.00
961 963  0  5 1.00
962 963  0  5 1.00
962 964  0  5 1.00
963 964  0  5 1.00
963 965  0  5 1.00
964 965  0  5 1.00
964 966  0  5 1.00
965 966  0  5 1.00
965 967  0  5 1.00
966 967  0  5 1.00
966 968  0  5 1.00
966 969  0  5 1.00
966 970  0  5 1.00
966 971  0  5 1.00
967 968  0  5 1.00
967 969  0  5 1.00
967 970  0  5 1.00
967 971  0  5 1.00
968 969  0  5 1.00
968 970  0  5 1.00
968 971  0  5 1.00
968 972  0  5 1.00
969 970  0  5 1.00
969 971  0  5 1.00
969 972  0  5 1.00
969 973  0  5 1.00
970 971  0  5 1.00
970 972  0  5 1.00
970 973  0  5 1.00
970 974  0  5 1.00
971 972  0  5 1.00
971 973  0  5 1.00
971 974  0  5 1.00
972 973  0  5 1.00
972 974  0  5 1.00
973 974  0  5 1.00
END
HELX_P HELX_P1  AA1 VAL A 30  ? ALA A 34  ? VAL A 52  ALA A 56  1 ? 5  
HELX_P HELX_P2  AA2 ASP A 85  ? LEU A 93  ? ASP A 107 LEU A 115 1 ? 9  
HELX_P HELX_P3  AA3 LEU A 157 ? ASP A 163 ? LEU A 179 ASP A 185 1 ? 7  
HELX_P HELX_P4  AA4 PRO A 175 ? LEU A 179 ? PRO A 197 LEU A 201 5 ? 5  
HELX_P HELX_P5  AA5 ALA A 186 ? PHE A 192 ? ALA A 208 PHE A 214 1 ? 7  
HELX_P HELX_P6  AA6 GLN A 203 ? GLY A 208 ? GLN A 225 GLY A 230 1 ? 6  
HELX_P HELX_P7  AA7 ASP A 252 ? SER A 259 ? ASP A 274 SER A 281 1 ? 8  
HELX_P HELX_P8  AA8 SER A 259 ? ALA A 268 ? SER A 281 ALA A 290 1 ? 10 
HELX_P HELX_P9  AA9 THR A 359 ? GLN A 365 ? THR A 381 GLN A 387 1 ? 7  
HELX_P HELX_P10 AB1 ASN A 445 ? SER A 454 ? ASN A 467 SER A 476 1 ? 10 
HELX_P HELX_P11 AB2 THR A 502 ? ASN A 511 ? THR A 524 ASN A 533 1 ? 10 
HELX_P HELX_P12 AB3 GLY A 590 ? GLU A 596 ? GLY A 612 GLU A 618 1 ? 7  
HELX_P HELX_P13 AB4 LYS A 641 ? LYS A 645 ? LYS A 663 LYS A 667 5 ? 5  
HELX_P HELX_P14 AB5 ASP A 665 ? GLY A 674 ? ASP A 687 GLY A 696 1 ? 10 
HELX_P HELX_P15 AB6 GLU A 701 ? GLN A 712 ? GLU A 723 GLN A 734 1 ? 12 
HELX_P HELX_P16 AB7 PRO A 736 ? SER A 740 ? PRO A 758 SER A 762 5 ? 5  
HELX_P HELX_P17 AB8 GLY A 840 ? ALA A 845 ? GLY A 862 ALA A 867 1 ? 6  
HELX_P HELX_P18 AB9 GLY A 870 ? LYS A 872 ? GLY A 892 LYS A 894 5 ? 3  
HELX_P HELX_P19 AC1 ASP A 966 ? LYS A 974 ? ASP A 988 LYS A 996 1 ? 9  