6vzz 391
 13  14  0  5 1.00
 13  15  0  5 1.00
 14  15  0  5 1.00
 14  16  0  5 1.00
 15  16  0  5 1.00
 15  17  0  5 1.00
 15  18  0  5 1.00
 15  19  0  5 1.00
 15  20  0  5 1.00
 16  17  0  5 1.00
 16  18  0  5 1.00
 16  19  0  5 1.00
 16  20  0  5 1.00
 16  21  0  5 1.00
 17  18  0  5 1.00
 17  19  0  5 1.00
 17  20  0  5 1.00
 17  21  0  5 1.00
 18  19  0  5 1.00
 18  20  0  5 1.00
 18  21  0  5 1.00
 18  22  0  5 1.00
 18  23  0  5 1.00
 19  20  0  5 1.00
 19  21  0  5 1.00
 19  22  0  5 1.00
 19  23  0  5 1.00
 20  21  0  5 1.00
 20  22  0  5 1.00
 20  23  0  5 1.00
 20  24  0  5 1.00
 21  22  0  5 1.00
 21  23  0  5 1.00
 21  24  0  5 1.00
 21  25  0  5 1.00
 22  23  0  5 1.00
 22  24  0  5 1.00
 22  25  0  5 1.00
 22  26  0  5 1.00
 22  89  0  5 1.00
 23  24  0  5 1.00
 23  25  0  5 1.00
 23  26  0  5 1.00
 23  27  0  5 1.00
 24  25  0  5 1.00
 24  26  0  5 1.00
 24  27  0  5 1.00
 24  28  0  5 1.00
 25  26  0  5 1.00
 25  27  0  5 1.00
 25  28  0  5 1.00
 25  29  0  5 1.00
 26  27  0  5 1.00
 26  28  0  5 1.00
 26  29  0  5 1.00
 26  30  0  5 1.00
 27  28  0  5 1.00
 27  29  0  5 1.00
 27  30  0  5 1.00
 27  31  0  5 1.00
 28  29  0  5 1.00
 28  30  0  5 1.00
 28  31  0  5 1.00
 28  33  0  5 1.00
 28  34  0  5 1.00
 28  35  0  5 1.00
 29  30  0  5 1.00
 29  31  0  5 1.00
 29  34  0  5 1.00
 29  35  0  5 1.00
 30  31  0  5 1.00
 30  32  0  5 1.00
 31  32  0  5 1.00
 31  33  0  5 1.00
 31  34  0  5 1.00
 32  33  0  5 1.00
 32  34  0  5 1.00
 33  34  0  5 1.00
 33  35  0  5 1.00
 33  36  0  5 1.00
 34  35  0  5 1.00
 34  36  0  5 1.00
 35  36  0  5 1.00
 35  37  0  5 1.00
 35  93  0  5 1.00
 36  37  0  5 1.00
 36  38  0  5 1.00
 36  53  0  5 1.00
 36  54  0  5 1.00
 36  55  0  5 1.00
 37  38  0  5 1.00
 37  39  0  5 1.00
 37  53  0  5 1.00
 37  54  0  5 1.00
 37  55  0  5 1.00
 37  94  0  5 1.00
 37  95  0  5 1.00
 37  96  0  5 1.00
 38  39  0  5 1.00
 38  40  0  5 1.00
 38  51  0  5 1.00
 38  52  0  5 1.00
 38  53  0  5 1.00
 38  54  0  5 1.00
 38  95  0  5 1.00
 38  96  0  5 1.00
 39  40  0  5 1.00
 39  41  0  5 1.00
 39  51  0  5 1.00
 39  52  0  5 1.00
 39  96  0  5 1.00
 39  97  0  5 1.00
 39  98  0  5 1.00
 39 135  0  5 1.00
 39 385  0  5 1.00
 40  41  0  5 1.00
 40  42  0  5 1.00
 40  49  0  5 1.00
 40  50  0  5 1.00
 40  51  0  5 1.00
 40  52  0  5 1.00
 40  98  0  5 1.00
 40 385  0  5 1.00
 40 386  0  5 1.00
 41  42  0  5 1.00
 41  43  0  5 1.00
 41  49  0  5 1.00
 41  50  0  5 1.00
 41  98  0  5 1.00
 41  99  0  5 1.00
 41 100  0  5 1.00
 42  43  0  5 1.00
 42  44  0  5 1.00
 42  47  0  5 1.00
 42  48  0  5 1.00
 42  49  0  5 1.00
 42 100  0  5 1.00
 43  44  0  5 1.00
 43  45  0  5 1.00
 43  47  0  5 1.00
 43  48  0  5 1.00
 43 100  0  5 1.00
 43 101  0  5 1.00
 43 102  0  5 1.00
 44  45  0  5 1.00
 44  46  0  5 1.00
 44  47  0  5 1.00
 44  48  0  5 1.00
 44  69  0  5 1.00
 44 102  0  5 1.00
 45  46  0  5 1.00
 45  47  0  5 1.00
 45  69  0  5 1.00
 45  70  0  5 1.00
 45 116  0  5 1.00
 46  47  0  5 1.00
 46  48  0  5 1.00
 46  67  0  5 1.00
 46  68  0  5 1.00
 46  69  0  5 1.00
 46  70  0  5 1.00
 47  48  0  5 1.00
 47  49  0  5 1.00
 47  67  0  5 1.00
 47  68  0  5 1.00
 47  69  0  5 1.00
 48  49  0  5 1.00
 48  50  0  5 1.00
 48  65  0  5 1.00
 48  66  0  5 1.00
 48  67  0  5 1.00
 49  50  0  5 1.00
 49  51  0  5 1.00
 49  65  0  5 1.00
 49  66  0  5 1.00
 50  51  0  5 1.00
 50  52  0  5 1.00
 50  62  0  5 1.00
 50  63  0  5 1.00
 50  64  0  5 1.00
 50  65  0  5 1.00
 51  52  0  5 1.00
 51  53  0  5 1.00
 51  62  0  5 1.00
 51  63  0  5 1.00
 51  64  0  5 1.00
 52  53  0  5 1.00
 52  54  0  5 1.00
 52  61  0  5 1.00
 52  62  0  5 1.00
 53  54  0  5 1.00
 53  55  0  5 1.00
 53  60  0  5 1.00
 53  61  0  5 1.00
 54  55  0  5 1.00
 54  56  0  5 1.00
 54  57  0  5 1.00
 55  56  0  5 1.00
 55  57  0  5 1.00
 56  57  0  5 1.00
 56  58  0  5 1.00
 57  58  0  5 1.00
 57  59  0  5 1.00
 57  60  0  5 1.00
 58  59  0  5 1.00
 58  60  0  5 1.00
 59  60  0  5 1.00
 59  61  0  5 1.00
 60  61  0  5 1.00
 60  62  0  5 1.00
 61  62  0  5 1.00
 61  63  0  5 1.00
 62  63  0  5 1.00
 62  64  0  5 1.00
 63  64  0  5 1.00
 63  65  0  5 1.00
 64  65  0  5 1.00
 64  66  0  5 1.00
 65  66  0  5 1.00
 65  67  0  5 1.00
 66  67  0  5 1.00
 66  68  0  5 1.00
 67  68  0  5 1.00
 67  69  0  5 1.00
 68  69  0  5 1.00
 68  70  0  5 1.00
 69  70  0  5 1.00
 69  71  0  5 1.00
 70  71  0  5 1.00
 70  72  0  5 1.00
 70 117  0  5 1.00
 70 118  0  5 1.00
 70 123  0  5 1.00
 71  72  0  5 1.00
 71  73  0  5 1.00
 71  74  0  5 1.00
 71  75  0  5 1.00
 71 118  0  5 1.00
 71 123  0  5 1.00
 72  73  0  5 1.00
 72  74  0  5 1.00
 72  75  0  5 1.00
 72  76  0  5 1.00
 72 123  0  5 1.00
 72 124  0  5 1.00
 72 125  0  5 1.00
 73  74  0  5 1.00
 73  75  0  5 1.00
 73  76  0  5 1.00
 73  77  0  5 1.00
 73 123  0  5 1.00
 74  75  0  5 1.00
 74  76  0  5 1.00
 74  77  0  5 1.00
 74  78  0  5 1.00
 75  76  0  5 1.00
 75  77  0  5 1.00
 75  78  0  5 1.00
 75  79  0  5 1.00
 75  80  0  5 1.00
 76  77  0  5 1.00
 76  78  0  5 1.00
 76  79  0  5 1.00
 76  80  0  5 1.00
 76  81  0  5 1.00
 77  78  0  5 1.00
 77  79  0  5 1.00
 77  80  0  5 1.00
 77  81  0  5 1.00
 77  82  0  5 1.00
 78  79  0  5 1.00
 78  80  0  5 1.00
 78  81  0  5 1.00
 78  82  0  5 1.00
 78  83  0  5 1.00
 79  80  0  5 1.00
 79  81  0  5 1.00
 79  82  0  5 1.00
 79  83  0  5 1.00
 79  84  0  5 1.00
 80  81  0  5 1.00
 80  82  0  5 1.00
 80  83  0  5 1.00
 80  84  0  5 1.00
 81  82  0  5 1.00
 81  83  0  5 1.00
 81  84  0  5 1.00
 81  85  0  5 1.00
 82  83  0  5 1.00
 82  84  0  5 1.00
 82  85  0  5 1.00
 82  86  0  5 1.00
 82  87  0  5 1.00
 83  84  0  5 1.00
 83  85  0  5 1.00
 83  86  0  5 1.00
 83  87  0  5 1.00
 84  85  0  5 1.00
 84  86  0  5 1.00
 84  87  0  5 1.00
 84  88  0  5 1.00
 85  86  0  5 1.00
 85  87  0  5 1.00
 85  88  0  5 1.00
 85  89  0  5 1.00
 86  87  0  5 1.00
 86  88  0  5 1.00
 86  89  0  5 1.00
 86  90  0  5 1.00
 86  91  0  5 1.00
 87  88  0  5 1.00
 87  89  0  5 1.00
 87  90  0  5 1.00
 87  91  0  5 1.00
 88  89  0  5 1.00
 88  90  0  5 1.00
 88  91  0  5 1.00
 89  90  0  5 1.00
 89  91  0  5 1.00
 90  91  0  5 1.00
 90  92  0  5 1.00
 91  92  0  5 1.00
 91  93  0  5 1.00
 92  93  0  5 1.00
 92  94  0  5 1.00
 93  94  0  5 1.00
 93  95  0  5 1.00
 93 134  0  5 1.00
 94  95  0  5 1.00
 94  96  0  5 1.00
 94 134  0  5 1.00
 95  96  0  5 1.00
 95  97  0  5 1.00
 95 140  0  5 1.00
 96  97  0  5 1.00
 96  98  0  5 1.00
 96 135  0  5 1.00
 96 140  0  5 1.00
 96 389  0  5 1.00
 97  98  0  5 1.00
 97  99  0  5 1.00
 97 135  0  5 1.00
 97 140  0  5 1.00
 97 141  0  5 1.00
 97 142  0  5 1.00
 97 389  0  5 1.00
 98  99  0  5 1.00
 98 100  0  5 1.00
 98 142  0  5 1.00
 98 385  0  5 1.00
 98 389  0  5 1.00
 99 100  0  5 1.00
 99 101  0  5 1.00
 99 142  0  5 1.00
 99 143  0  5 1.00
 99 144  0  5 1.00
100 101  0  5 1.00
100 102  0  5 1.00
100 144  0  5 1.00
100 145  0  5 1.00
100 146  0  5 1.00
101 102  0  5 1.00
101 103  0  5 1.00
101 144  0  5 1.00
101 145  0  5 1.00
101 146  0  5 1.00
102 103  0  5 1.00
102 104  0  5 1.00
102 113  0  5 1.00
102 114  0  5 1.00
102 115  0  5 1.00
102 116  0  5 1.00
102 146  0  5 1.00
103 104  0  5 1.00
103 105  0  5 1.00
103 113  0  5 1.00
103 114  0  5 1.00
103 115  0  5 1.00
103 145  0  5 1.00
104 105  0  5 1.00
104 106  0  5 1.00
104 111  0  5 1.00
104 112  0  5 1.00
104 113  0  5 1.00
105 106  0  5 1.00
105 107  0  5 1.00
105 111  0  5 1.00
105 112  0  5 1.00
106 107  0  5 1.00
106 108  0  5 1.00
106 109  0  5 1.00
106 110  0  5 1.00
106 111  0  5 1.00
107 108  0  5 1.00
107 109  0  5 1.00
108 109  0  5 1.00
108 110  0  5 1.00
109 110  0  5 1.00
109 111  0  5 1.00
109 143  0  5 1.00
110 111  0  5 1.00
110 112  0  5 1.00
110 126  0  5 1.00
110 127  0  5 1.00
110 128  0  5 1.00
111 112  0  5 1.00
111 113  0  5 1.00
111 126  0  5 1.00
111 127  0  5 1.00
112 113  0  5 1.00
112 114  0  5 1.00
112 124  0  5 1.00
112 125  0  5 1.00
112 126  0  5 1.00
112 127  0  5 1.00
113 114  0  5 1.00
113 115  0  5 1.00
113 124  0  5 1.00
113 125  0  5 1.00
113 126  0  5 1.00
114 115  0  5 1.00
114 116  0  5 1.00
114 117  0  5 1.00
114 124  0  5 1.00
114 125  0  5 1.00
115 116  0  5 1.00
115 117  0  5 1.00
116 117  0  5 1.00
116 118  0  5 1.00
117 118  0  5 1.00
117 119  0  5 1.00
118 119  0  5 1.00
118 120  0  5 1.00
118 123  0  5 1.00
119 120  0  5 1.00
119 121  0  5 1.00
120 121  0  5 1.00
120 122  0  5 1.00
120 123  0  5 1.00
120 124  0  5 1.00
121 122  0  5 1.00
121 123  0  5 1.00
121 124  0  5 1.00
121 125  0  5 1.00
122 123  0  5 1.00
122 124  0  5 1.00
122 125  0  5 1.00
123 124  0  5 1.00
123 125  0  5 1.00
124 125  0  5 1.00
124 126  0  5 1.00
125 126  0  5 1.00
125 127  0  5 1.00
126 127  0  5 1.00
126 128  0  5 1.00
127 128  0  5 1.00
127 129  0  5 1.00
127 130  0  5 1.00
127 131  0  5 1.00
128 129  0  5 1.00
128 130  0  5 1.00
128 131  0  5 1.00
129 130  0  5 1.00
129 131  0  5 1.00
130 131  0  5 1.00
130 132  0  5 1.00
131 132  0  5 1.00
131 133  0  5 1.00
131 136  0  5 1.00
132 133  0  5 1.00
132 134  0  5 1.00
132 135  0  5 1.00
132 136  0  5 1.00
133 134  0  5 1.00
133 135  0  5 1.00
133 136  0  5 1.00
133 137  0  5 1.00
134 135  0  5 1.00
134 136  0  5 1.00
135 136  0  5 1.00
135 137  0  5 1.00
136 137  0  5 1.00
136 138  0  5 1.00
137 138  0  5 1.00
137 139  0  5 1.00
137 140  0  5 1.00
137 141  0  5 1.00
138 139  0  5 1.00
138 140  0  5 1.00
138 141  0  5 1.00
139 140  0  5 1.00
139 141  0  5 1.00
140 141  0  5 1.00
140 142  0  5 1.00
141 142  0  5 1.00
141 143  0  5 1.00
142 143  0  5 1.00
142 144  0  5 1.00
143 144  0  5 1.00
143 145  0  5 1.00
144 145  0  5 1.00
144 146  0  5 1.00
145 146  0  5 1.00
145 147  0  5 1.00
145 148  0  5 1.00
145 149  0  5 1.00
146 147  0  5 1.00
146 148  0  5 1.00
146 149  0  5 1.00
146 150  0  5 1.00
146 381  0  5 1.00
147 148  0  5 1.00
147 149  0  5 1.00
147 150  0  5 1.00
147 151  0  5 1.00
148 149  0  5 1.00
148 150  0  5 1.00
148 151  0  5 1.00
148 152  0  5 1.00
149 150  0  5 1.00
149 151  0  5 1.00
149 152  0  5 1.00
149 153  0  5 1.00
149 380  0  5 1.00
149 381  0  5 1.00
149 384  0  5 1.00
149 385  0  5 1.00
150 151  0  5 1.00
150 152  0  5 1.00
150 153  0  5 1.00
150 154  0  5 1.00
150 155  0  5 1.00
150 380  0  5 1.00
150 381  0  5 1.00
151 152  0  5 1.00
151 153  0  5 1.00
151 154  0  5 1.00
151 155  0  5 1.00
151 156  0  5 1.00
152 153  0  5 1.00
152 154  0  5 1.00
152 155  0  5 1.00
152 156  0  5 1.00
152 157  0  5 1.00
152 384  0  5 1.00
153 154  0  5 1.00
153 155  0  5 1.00
153 156  0  5 1.00
153 157  0  5 1.00
153 158  0  5 1.00
153 380  0  5 1.00
153 383  0  5 1.00
153 384  0  5 1.00
154 155  0  5 1.00
154 156  0  5 1.00
154 157  0  5 1.00
154 158  0  5 1.00
154 159  0  5 1.00
155 156  0  5 1.00
155 157  0  5 1.00
155 158  0  5 1.00
155 159  0  5 1.00
156 157  0  5 1.00
156 158  0  5 1.00
156 159  0  5 1.00
156 160  0  5 1.00
157 158  0  5 1.00
157 159  0  5 1.00
157 160  0  5 1.00
157 161  0  5 1.00
157 162  0  5 1.00
157 163  0  5 1.00
158 159  0  5 1.00
158 160  0  5 1.00
158 161  0  5 1.00
158 162  0  5 1.00
158 163  0  5 1.00
159 160  0  5 1.00
159 161  0  5 1.00
160 161  0  5 1.00
160 162  0  5 1.00
161 162  0  5 1.00
161 163  0  5 1.00
162 163  0  5 1.00
162 164  0  5 1.00
162 165  0  5 1.00
162 166  0  5 1.00
163 164  0  5 1.00
163 165  0  5 1.00
163 166  0  5 1.00
163 167  0  5 1.00
163 179  0  5 1.00
164 165  0  5 1.00
164 166  0  5 1.00
164 167  0  5 1.00
164 179  0  5 1.00
165 166  0  5 1.00
165 167  0  5 1.00
166 167  0  5 1.00
166 168  0  5 1.00
166 373  0  5 1.00
166 374  0  5 1.00
166 375  0  5 1.00
166 376  0  5 1.00
167 168  0  5 1.00
167 169  0  5 1.00
167 373  0  5 1.00
167 374  0  5 1.00
167 375  0  5 1.00
168 169  0  5 1.00
168 170  0  5 1.00
168 371  0  5 1.00
168 372  0  5 1.00
168 373  0  5 1.00
169 170  0  5 1.00
169 171  0  5 1.00
169 175  0  5 1.00
169 371  0  5 1.00
169 372  0  5 1.00
170 171  0  5 1.00
170 172  0  5 1.00
170 371  0  5 1.00
170 372  0  5 1.00
171 172  0  5 1.00
171 173  0  5 1.00
171 369  0  5 1.00
171 370  0  5 1.00
171 371  0  5 1.00
172 173  0  5 1.00
172 174  0  5 1.00
172 175  0  5 1.00
172 369  0  5 1.00
172 370  0  5 1.00
172 371  0  5 1.00
173 174  0  5 1.00
173 175  0  5 1.00
173 368  0  5 1.00
174 175  0  5 1.00
174 176  0  5 1.00
174 177  0  5 1.00
175 176  0  5 1.00
175 177  0  5 1.00
176 177  0  5 1.00
176 178  0  5 1.00
177 178  0  5 1.00
177 179  0  5 1.00
178 179  0  5 1.00
178 180  0  5 1.00
179 180  0  5 1.00
179 181  0  5 1.00
180 181  0  5 1.00
180 182  0  5 1.00
181 182  0  5 1.00
181 183  0  5 1.00
182 183  0  5 1.00
182 184  0  5 1.00
183 184  0  5 1.00
183 185  0  5 1.00
183 202  0  5 1.00
184 185  0  5 1.00
184 186  0  5 1.00
184 200  0  5 1.00
184 201  0  5 1.00
184 202  0  5 1.00
185 186  0  5 1.00
185 187  0  5 1.00
185 200  0  5 1.00
185 201  0  5 1.00
185 202  0  5 1.00
185 329  0  5 1.00
185 330  0  5 1.00
185 331  0  5 1.00
186 187  0  5 1.00
186 188  0  5 1.00
186 198  0  5 1.00
186 199  0  5 1.00
186 200  0  5 1.00
186 329  0  5 1.00
186 330  0  5 1.00
186 331  0  5 1.00
187 188  0  5 1.00
187 189  0  5 1.00
187 198  0  5 1.00
187 199  0  5 1.00
187 200  0  5 1.00
187 331  0  5 1.00
187 332  0  5 1.00
187 333  0  5 1.00
188 189  0  5 1.00
188 190  0  5 1.00
188 196  0  5 1.00
188 197  0  5 1.00
188 198  0  5 1.00
188 199  0  5 1.00
188 333  0  5 1.00
189 190  0  5 1.00
189 191  0  5 1.00
189 196  0  5 1.00
189 197  0  5 1.00
189 333  0  5 1.00
189 334  0  5 1.00
189 335  0  5 1.00
190 191  0  5 1.00
190 192  0  5 1.00
190 194  0  5 1.00
190 195  0  5 1.00
190 196  0  5 1.00
190 335  0  5 1.00
191 192  0  5 1.00
191 193  0  5 1.00
191 194  0  5 1.00
191 335  0  5 1.00
191 338  0  5 1.00
192 193  0  5 1.00
192 194  0  5 1.00
192 262  0  5 1.00
192 263  0  5 1.00
193 194  0  5 1.00
193 195  0  5 1.00
193 262  0  5 1.00
193 263  0  5 1.00
194 195  0  5 1.00
194 196  0  5 1.00
194 261  0  5 1.00
194 262  0  5 1.00
195 196  0  5 1.00
195 197  0  5 1.00
195 220  0  5 1.00
195 258  0  5 1.00
195 261  0  5 1.00
196 197  0  5 1.00
196 198  0  5 1.00
197 198  0  5 1.00
197 199  0  5 1.00
197 216  0  5 1.00
197 217  0  5 1.00
197 218  0  5 1.00
198 199  0  5 1.00
198 200  0  5 1.00
198 215  0  5 1.00
198 216  0  5 1.00
198 217  0  5 1.00
199 200  0  5 1.00
199 201  0  5 1.00
199 213  0  5 1.00
199 214  0  5 1.00
199 215  0  5 1.00
200 201  0  5 1.00
200 202  0  5 1.00
200 213  0  5 1.00
200 214  0  5 1.00
201 202  0  5 1.00
201 203  0  5 1.00
201 211  0  5 1.00
201 212  0  5 1.00
201 213  0  5 1.00
201 214  0  5 1.00
202 203  0  5 1.00
202 204  0  5 1.00
202 211  0  5 1.00
203 204  0  5 1.00
210 211  0  5 1.00
210 212  0  5 1.00
211 212  0  5 1.00
211 213  0  5 1.00
212 213  0  5 1.00
212 214  0  5 1.00
213 214  0  5 1.00
213 215  0  5 1.00
214 215  0  5 1.00
214 216  0  5 1.00
215 216  0  5 1.00
215 217  0  5 1.00
216 217  0  5 1.00
216 218  0  5 1.00
217 218  0  5 1.00
217 219  0  5 1.00
218 219  0  5 1.00
218 220  0  5 1.00
218 221  0  5 1.00
218 222  0  5 1.00
219 220  0  5 1.00
219 221  0  5 1.00
219 222  0  5 1.00
220 221  0  5 1.00
220 222  0  5 1.00
220 256  0  5 1.00
220 257  0  5 1.00
220 258  0  5 1.00
221 222  0  5 1.00
221 223  0  5 1.00
221 256  0  5 1.00
221 257  0  5 1.00
222 223  0  5 1.00
222 224  0  5 1.00
222 255  0  5 1.00
222 256  0  5 1.00
222 257  0  5 1.00
223 224  0  5 1.00
223 225  0  5 1.00
223 254  0  5 1.00
223 255  0  5 1.00
223 256  0  5 1.00
223 257  0  5 1.00
224 225  0  5 1.00
224 226  0  5 1.00
224 255  0  5 1.00
224 256  0  5 1.00
224 257  0  5 1.00
225 226  0  5 1.00
225 227  0  5 1.00
226 227  0  5 1.00
226 228  0  5 1.00
227 228  0  5 1.00
227 229  0  5 1.00
228 229  0  5 1.00
228 230  0  5 1.00
228 231  0  5 1.00
228 234  0  5 1.00
229 230  0  5 1.00
229 231  0  5 1.00
230 231  0  5 1.00
230 232  0  5 1.00
231 232  0  5 1.00
231 233  0  5 1.00
231 234  0  5 1.00
231 235  0  5 1.00
232 233  0  5 1.00
232 234  0  5 1.00
232 235  0  5 1.00
233 234  0  5 1.00
233 235  0  5 1.00
233 236  0  5 1.00
233 237  0  5 1.00
233 238  0  5 1.00
234 235  0  5 1.00
234 236  0  5 1.00
234 237  0  5 1.00
234 238  0  5 1.00
235 236  0  5 1.00
235 237  0  5 1.00
235 238  0  5 1.00
235 239  0  5 1.00
236 237  0  5 1.00
236 238  0  5 1.00
236 239  0  5 1.00
236 240  0  5 1.00
237 238  0  5 1.00
237 239  0  5 1.00
237 240  0  5 1.00
237 241  0  5 1.00
237 242  0  5 1.00
238 239  0  5 1.00
238 240  0  5 1.00
238 241  0  5 1.00
238 242  0  5 1.00
238 243  0  5 1.00
239 240  0  5 1.00
239 241  0  5 1.00
239 242  0  5 1.00
239 243  0  5 1.00
239 244  0  5 1.00
240 241  0  5 1.00
240 242  0  5 1.00
240 243  0  5 1.00
240 244  0  5 1.00
240 245  0  5 1.00
241 242  0  5 1.00
241 243  0  5 1.00
241 244  0  5 1.00
241 245  0  5 1.00
241 246  0  5 1.00
242 243  0  5 1.00
242 244  0  5 1.00
242 245  0  5 1.00
242 246  0  5 1.00
243 244  0  5 1.00
243 245  0  5 1.00
243 246  0  5 1.00
243 247  0  5 1.00
244 245  0  5 1.00
244 246  0  5 1.00
244 247  0  5 1.00
244 248  0  5 1.00
244 249  0  5 1.00
245 246  0  5 1.00
245 247  0  5 1.00
245 248  0  5 1.00
245 249  0  5 1.00
245 250  0  5 1.00
245 251  0  5 1.00
245 252  0  5 1.00
245 253  0  5 1.00
246 247  0  5 1.00
246 248  0  5 1.00
246 249  0  5 1.00
246 250  0  5 1.00
246 251  0  5 1.00
247 248  0  5 1.00
247 249  0  5 1.00
247 250  0  5 1.00
248 249  0  5 1.00
248 250  0  5 1.00
249 250  0  5 1.00
249 251  0  5 1.00
249 252  0  5 1.00
249 253  0  5 1.00
250 251  0  5 1.00
250 252  0  5 1.00
251 252  0  5 1.00
251 253  0  5 1.00
252 253  0  5 1.00
252 254  0  5 1.00
253 254  0  5 1.00
253 255  0  5 1.00
254 255  0  5 1.00
254 256  0  5 1.00
255 256  0  5 1.00
255 257  0  5 1.00
256 257  0  5 1.00
256 258  0  5 1.00
256 259  0  5 1.00
256 260  0  5 1.00
257 258  0  5 1.00
257 259  0  5 1.00
257 260  0  5 1.00
257 261  0  5 1.00
258 259  0  5 1.00
258 260  0  5 1.00
258 261  0  5 1.00
258 262  0  5 1.00
258 265  0  5 1.00
259 260  0  5 1.00
259 261  0  5 1.00
259 265  0  5 1.00
260 261  0  5 1.00
260 262  0  5 1.00
260 265  0  5 1.00
260 266  0  5 1.00
260 312  0  5 1.00
261 262  0  5 1.00
261 263  0  5 1.00
261 265  0  5 1.00
261 312  0  5 1.00
262 263  0  5 1.00
262 264  0  5 1.00
262 265  0  5 1.00
262 266  0  5 1.00
262 267  0  5 1.00
263 264  0  5 1.00
263 265  0  5 1.00
263 266  0  5 1.00
263 267  0  5 1.00
263 289  0  5 1.00
264 265  0  5 1.00
264 266  0  5 1.00
264 267  0  5 1.00
264 268  0  5 1.00
264 269  0  5 1.00
265 266  0  5 1.00
265 267  0  5 1.00
265 268  0  5 1.00
265 269  0  5 1.00
265 270  0  5 1.00
266 267  0  5 1.00
266 268  0  5 1.00
266 269  0  5 1.00
266 270  0  5 1.00
267 268  0  5 1.00
267 269  0  5 1.00
267 270  0  5 1.00
267 271  0  5 1.00
268 269  0  5 1.00
268 270  0  5 1.00
268 271  0  5 1.00
268 272  0  5 1.00
269 270  0  5 1.00
269 271  0  5 1.00
269 272  0  5 1.00
269 273  0  5 1.00
269 308  0  5 1.00
270 271  0  5 1.00
270 272  0  5 1.00
270 273  0  5 1.00
270 274  0  5 1.00
270 308  0  5 1.00
271 272  0  5 1.00
271 273  0  5 1.00
271 274  0  5 1.00
271 275  0  5 1.00
272 273  0  5 1.00
272 274  0  5 1.00
272 275  0  5 1.00
272 276  0  5 1.00
273 274  0  5 1.00
273 275  0  5 1.00
273 276  0  5 1.00
273 277  0  5 1.00
274 275  0  5 1.00
274 276  0  5 1.00
274 277  0  5 1.00
274 278  0  5 1.00
274 279  0  5 1.00
275 276  0  5 1.00
275 277  0  5 1.00
275 278  0  5 1.00
276 277  0  5 1.00
276 278  0  5 1.00
277 278  0  5 1.00
277 279  0  5 1.00
278 279  0  5 1.00
278 280  0  5 1.00
279 280  0  5 1.00
279 281  0  5 1.00
280 281  0  5 1.00
280 282  0  5 1.00
281 282  0  5 1.00
281 283  0  5 1.00
281 284  0  5 1.00
281 285  0  5 1.00
282 283  0  5 1.00
282 284  0  5 1.00
282 285  0  5 1.00
282 286  0  5 1.00
283 284  0  5 1.00
283 285  0  5 1.00
283 286  0  5 1.00
283 287  0  5 1.00
284 285  0  5 1.00
284 286  0  5 1.00
284 287  0  5 1.00
285 286  0  5 1.00
285 287  0  5 1.00
286 287  0  5 1.00
286 288  0  5 1.00
287 288  0  5 1.00
287 289  0  5 1.00
288 289  0  5 1.00
288 290  0  5 1.00
288 291  0  5 1.00
288 292  0  5 1.00
289 290  0  5 1.00
289 291  0  5 1.00
289 292  0  5 1.00
289 293  0  5 1.00
290 291  0  5 1.00
290 292  0  5 1.00
290 293  0  5 1.00
290 294  0  5 1.00
290 295  0  5 1.00
291 292  0  5 1.00
291 293  0  5 1.00
291 294  0  5 1.00
291 295  0  5 1.00
291 296  0  5 1.00
292 293  0  5 1.00
292 294  0  5 1.00
292 295  0  5 1.00
292 296  0  5 1.00
292 305  0  5 1.00
293 294  0  5 1.00
293 295  0  5 1.00
293 296  0  5 1.00
293 297  0  5 1.00
294 295  0  5 1.00
294 296  0  5 1.00
294 297  0  5 1.00
294 298  0  5 1.00
295 296  0  5 1.00
295 297  0  5 1.00
295 298  0  5 1.00
295 302  0  5 1.00
296 297  0  5 1.00
296 298  0  5 1.00
296 299  0  5 1.00
296 302  0  5 1.00
296 305  0  5 1.00
296 306  0  5 1.00
297 298  0  5 1.00
297 299  0  5 1.00
298 299  0  5 1.00
298 300  0  5 1.00
298 301  0  5 1.00
298 302  0  5 1.00
298 303  0  5 1.00
299 300  0  5 1.00
299 301  0  5 1.00
299 302  0  5 1.00
299 303  0  5 1.00
300 301  0  5 1.00
300 302  0  5 1.00
300 303  0  5 1.00
301 302  0  5 1.00
301 303  0  5 1.00
302 303  0  5 1.00
302 304  0  5 1.00
302 305  0  5 1.00
302 306  0  5 1.00
303 304  0  5 1.00
303 305  0  5 1.00
303 306  0  5 1.00
303 307  0  5 1.00
304 305  0  5 1.00
304 306  0  5 1.00
304 307  0  5 1.00
304 308  0  5 1.00
304 309  0  5 1.00
305 306  0  5 1.00
305 307  0  5 1.00
305 308  0  5 1.00
305 309  0  5 1.00
305 310  0  5 1.00
306 307  0  5 1.00
306 308  0  5 1.00
306 309  0  5 1.00
306 310  0  5 1.00
306 311  0  5 1.00
307 308  0  5 1.00
307 309  0  5 1.00
307 310  0  5 1.00
307 311  0  5 1.00
308 309  0  5 1.00
308 310  0  5 1.00
308 311  0  5 1.00
308 312  0  5 1.00
309 310  0  5 1.00
309 311  0  5 1.00
309 312  0  5 1.00
309 313  0  5 1.00
309 314  0  5 1.00
310 311  0  5 1.00
310 312  0  5 1.00
310 313  0  5 1.00
310 314  0  5 1.00
311 312  0  5 1.00
311 313  0  5 1.00
311 314  0  5 1.00
311 315  0  5 1.00
312 313  0  5 1.00
312 314  0  5 1.00
312 315  0  5 1.00
312 316  0  5 1.00
313 314  0  5 1.00
313 315  0  5 1.00
313 316  0  5 1.00
313 317  0  5 1.00
314 315  0  5 1.00
314 316  0  5 1.00
314 317  0  5 1.00
314 318  0  5 1.00
315 316  0  5 1.00
315 317  0  5 1.00
315 318  0  5 1.00
315 319  0  5 1.00
315 320  0  5 1.00
316 317  0  5 1.00
316 318  0  5 1.00
316 319  0  5 1.00
316 320  0  5 1.00
316 321  0  5 1.00
317 318  0  5 1.00
317 319  0  5 1.00
317 320  0  5 1.00
317 321  0  5 1.00
317 357  0  5 1.00
318 319  0  5 1.00
318 320  0  5 1.00
318 321  0  5 1.00
318 322  0  5 1.00
319 320  0  5 1.00
319 321  0  5 1.00
319 322  0  5 1.00
319 323  0  5 1.00
319 324  0  5 1.00
320 321  0  5 1.00
320 322  0  5 1.00
320 323  0  5 1.00
320 324  0  5 1.00
321 322  0  5 1.00
321 323  0  5 1.00
321 324  0  5 1.00
321 325  0  5 1.00
321 357  0  5 1.00
322 323  0  5 1.00
322 324  0  5 1.00
322 325  0  5 1.00
322 326  0  5 1.00
322 327  0  5 1.00
323 324  0  5 1.00
323 325  0  5 1.00
323 326  0  5 1.00
323 327  0  5 1.00
323 328  0  5 1.00
324 325  0  5 1.00
324 326  0  5 1.00
324 327  0  5 1.00
324 328  0  5 1.00
324 329  0  5 1.00
325 326  0  5 1.00
325 327  0  5 1.00
325 328  0  5 1.00
326 327  0  5 1.00
326 328  0  5 1.00
327 328  0  5 1.00
327 329  0  5 1.00
328 329  0  5 1.00
328 330  0  5 1.00
329 330  0  5 1.00
329 331  0  5 1.00
330 331  0  5 1.00
330 332  0  5 1.00
330 368  0  5 1.00
330 369  0  5 1.00
330 370  0  5 1.00
331 332  0  5 1.00
331 333  0  5 1.00
331 369  0  5 1.00
331 370  0  5 1.00
332 333  0  5 1.00
332 334  0  5 1.00
332 370  0  5 1.00
332 371  0  5 1.00
332 372  0  5 1.00
333 334  0  5 1.00
333 335  0  5 1.00
333 372  0  5 1.00
334 335  0  5 1.00
334 336  0  5 1.00
334 372  0  5 1.00
334 373  0  5 1.00
334 374  0  5 1.00
335 336  0  5 1.00
335 337  0  5 1.00
335 339  0  5 1.00
335 374  0  5 1.00
336 337  0  5 1.00
336 338  0  5 1.00
336 339  0  5 1.00
336 340  0  5 1.00
337 338  0  5 1.00
337 339  0  5 1.00
337 340  0  5 1.00
337 341  0  5 1.00
337 377  0  5 1.00
338 339  0  5 1.00
338 340  0  5 1.00
338 341  0  5 1.00
338 342  0  5 1.00
339 340  0  5 1.00
339 341  0  5 1.00
339 342  0  5 1.00
339 343  0  5 1.00
339 374  0  5 1.00
340 341  0  5 1.00
340 342  0  5 1.00
340 343  0  5 1.00
340 344  0  5 1.00
340 374  0  5 1.00
340 375  0  5 1.00
341 342  0  5 1.00
341 343  0  5 1.00
341 344  0  5 1.00
342 343  0  5 1.00
342 344  0  5 1.00
342 345  0  5 1.00
342 346  0  5 1.00
343 344  0  5 1.00
343 345  0  5 1.00
343 346  0  5 1.00
343 347  0  5 1.00
344 345  0  5 1.00
344 346  0  5 1.00
344 347  0  5 1.00
344 348  0  5 1.00
345 346  0  5 1.00
345 347  0  5 1.00
345 348  0  5 1.00
345 349  0  5 1.00
346 347  0  5 1.00
346 348  0  5 1.00
346 349  0  5 1.00
346 350  0  5 1.00
347 348  0  5 1.00
347 349  0  5 1.00
347 350  0  5 1.00
348 349  0  5 1.00
348 350  0  5 1.00
349 350  0  5 1.00
349 351  0  5 1.00
349 352  0  5 1.00
349 353  0  5 1.00
350 351  0  5 1.00
350 352  0  5 1.00
350 353  0  5 1.00
350 354  0  5 1.00
350 355  0  5 1.00
351 352  0  5 1.00
351 353  0  5 1.00
351 354  0  5 1.00
351 355  0  5 1.00
351 356  0  5 1.00
352 353  0  5 1.00
352 354  0  5 1.00
352 355  0  5 1.00
352 356  0  5 1.00
353 354  0  5 1.00
353 355  0  5 1.00
353 356  0  5 1.00
353 357  0  5 1.00
354 355  0  5 1.00
354 356  0  5 1.00
354 357  0  5 1.00
354 358  0  5 1.00
354 359  0  5 1.00
355 356  0  5 1.00
355 357  0  5 1.00
355 358  0  5 1.00
355 359  0  5 1.00
356 357  0  5 1.00
356 358  0  5 1.00
356 359  0  5 1.00
357 358  0  5 1.00
357 359  0  5 1.00
358 359  0  5 1.00
358 360  0  5 1.00
358 363  0  5 1.00
359 360  0  5 1.00
359 361  0  5 1.00
360 361  0  5 1.00
360 362  0  5 1.00
360 363  0  5 1.00
361 362  0  5 1.00
361 363  0  5 1.00
362 363  0  5 1.00
362 364  0  5 1.00
362 365  0  5 1.00
362 366  0  5 1.00
363 364  0  5 1.00
363 365  0  5 1.00
363 366  0  5 1.00
363 367  0  5 1.00
364 365  0  5 1.00
364 366  0  5 1.00
364 367  0  5 1.00
365 366  0  5 1.00
365 367  0  5 1.00
365 368  0  5 1.00
366 367  0  5 1.00
366 368  0  5 1.00
366 369  0  5 1.00
367 368  0  5 1.00
367 369  0  5 1.00
368 369  0  5 1.00
368 370  0  5 1.00
369 370  0  5 1.00
369 371  0  5 1.00
370 371  0  5 1.00
370 372  0  5 1.00
371 372  0  5 1.00
371 373  0  5 1.00
372 373  0  5 1.00
372 374  0  5 1.00
373 374  0  5 1.00
373 375  0  5 1.00
374 375  0  5 1.00
374 376  0  5 1.00
375 376  0  5 1.00
375 377  0  5 1.00
376 377  0  5 1.00
376 378  0  5 1.00
377 378  0  5 1.00
377 379  0  5 1.00
378 379  0  5 1.00
378 380  0  5 1.00
379 380  0  5 1.00
379 381  0  5 1.00
379 382  0  5 1.00
379 383  0  5 1.00
380 381  0  5 1.00
380 382  0  5 1.00
380 383  0  5 1.00
380 384  0  5 1.00
380 385  0  5 1.00
381 382  0  5 1.00
381 383  0  5 1.00
381 384  0  5 1.00
381 385  0  5 1.00
381 386  0  5 1.00
382 383  0  5 1.00
382 384  0  5 1.00
382 385  0  5 1.00
382 386  0  5 1.00
382 387  0  5 1.00
383 384  0  5 1.00
383 385  0  5 1.00
383 386  0  5 1.00
383 387  0  5 1.00
384 385  0  5 1.00
384 386  0  5 1.00
384 387  0  5 1.00
384 388  0  5 1.00
385 386  0  5 1.00
385 387  0  5 1.00
385 388  0  5 1.00
385 389  0  5 1.00
386 387  0  5 1.00
386 388  0  5 1.00
386 389  0  5 1.00
386 390  0  5 1.00
387 388  0  5 1.00
387 389  0  5 1.00
387 390  0  5 1.00
387 391  0  5 1.00
388 389  0  5 1.00
388 390  0  5 1.00
388 391  0  5 1.00
389 390  0  5 1.00
389 391  0  5 1.00
390 391  0  5 1.00
END
HELX_P HELX_P1  AA1 SER A 15  ? ARG A 26  ? SER A 4   ARG A 15  1 ? 12 
HELX_P HELX_P2  AA2 VAL A 27  ? SER A 31  ? VAL A 16  SER A 20  5 ? 5  
HELX_P HELX_P3  AA3 ASP A 71  ? GLY A 91  ? ASP A 60  GLY A 80  1 ? 21 
HELX_P HELX_P4  AA4 ASP A 120 ? ARG A 124 ? ASP A 109 ARG A 113 1 ? 5  
HELX_P HELX_P5  AA5 SER A 129 ? LEU A 131 ? SER A 118 LEU A 120 5 ? 3  
HELX_P HELX_P6  AA6 ASP A 146 ? SER A 160 ? ASP A 135 SER A 149 1 ? 15 
HELX_P HELX_P7  AA7 ALA A 162 ? GLN A 165 ? ALA A 151 GLN A 154 5 ? 4  
HELX_P HELX_P8  AA8 GLU A 218 ? VAL A 222 ? GLU A 207 VAL A 211 5 ? 5  
HELX_P HELX_P9  AA9 ALA A 233 ? ASN A 250 ? ALA A 222 ASN A 239 1 ? 18 
HELX_P HELX_P10 AB1 GLU A 256 ? ILE A 260 ? GLU A 245 ILE A 249 5 ? 5  
HELX_P HELX_P11 AB2 SER A 262 ? ALA A 277 ? SER A 251 ALA A 266 1 ? 16 
HELX_P HELX_P12 AB3 SER A 283 ? LEU A 287 ? SER A 272 LEU A 276 5 ? 5  
HELX_P HELX_P13 AB4 ASP A 288 ? ALA A 296 ? ASP A 277 ALA A 285 1 ? 9  
HELX_P HELX_P14 AB5 CYS A 302 ? GLN A 328 ? CYS A 291 GLN A 317 1 ? 27 
HELX_P HELX_P15 AB6 GLY A 336 ? ASN A 341 ? GLY A 325 ASN A 330 1 ? 6  
HELX_P HELX_P16 AB7 ASN A 342 ? ASN A 349 ? ASN A 331 ASN A 338 1 ? 8  
HELX_P HELX_P17 AB8 ASN A 349 ? PHE A 358 ? ASN A 338 PHE A 347 1 ? 10 
HELX_P HELX_P18 AB9 LYS A 362 ? GLU A 367 ? LYS A 351 GLU A 356 1 ? 6  
HELX_P HELX_P19 AC1 ASN A 379 ? ARG A 390 ? ASN A 368 ARG A 379 1 ? 12 