7chu 519
  3   4  0  5 1.00
  3   5  0  5 1.00
  3  25  0  5 1.00
  3  26  0  5 1.00
  4   5  0  5 1.00
  4   6  0  5 1.00
  4  26  0  5 1.00
  5   6  0  5 1.00
  5   7  0  5 1.00
  5  26  0  5 1.00
  5  27  0  5 1.00
  5  28  0  5 1.00
  6   7  0  5 1.00
  6   8  0  5 1.00
  6  28  0  5 1.00
  7   8  0  5 1.00
  7   9  0  5 1.00
  7  28  0  5 1.00
  7  29  0  5 1.00
  8   9  0  5 1.00
  8  10  0  5 1.00
  9  10  0  5 1.00
  9  11  0  5 1.00
  9  30  0  5 1.00
 10  11  0  5 1.00
 10  12  0  5 1.00
 10  30  0  5 1.00
 10  31  0  5 1.00
 10  32  0  5 1.00
 10  33  0  5 1.00
 11  12  0  5 1.00
 11  13  0  5 1.00
 11  31  0  5 1.00
 11  32  0  5 1.00
 11  33  0  5 1.00
 11  34  0  5 1.00
 12  13  0  5 1.00
 12  14  0  5 1.00
 12  15  0  5 1.00
 12  16  0  5 1.00
 12  33  0  5 1.00
 12  34  0  5 1.00
 13  14  0  5 1.00
 13  15  0  5 1.00
 13  16  0  5 1.00
 13  17  0  5 1.00
 14  15  0  5 1.00
 14  16  0  5 1.00
 14  17  0  5 1.00
 14  18  0  5 1.00
 15  16  0  5 1.00
 15  17  0  5 1.00
 15  18  0  5 1.00
 15  19  0  5 1.00
 15  20  0  5 1.00
 16  17  0  5 1.00
 16  18  0  5 1.00
 16  19  0  5 1.00
 16  20  0  5 1.00
 16  21  0  5 1.00
 17  18  0  5 1.00
 17  19  0  5 1.00
 17  20  0  5 1.00
 17  21  0  5 1.00
 18  19  0  5 1.00
 18  20  0  5 1.00
 18  21  0  5 1.00
 19  20  0  5 1.00
 19  21  0  5 1.00
 20  21  0  5 1.00
 20  22  0  5 1.00
 20  23  0  5 1.00
 21  22  0  5 1.00
 21  23  0  5 1.00
 22  23  0  5 1.00
 22  24  0  5 1.00
 23  24  0  5 1.00
 23  25  0  5 1.00
 24  25  0  5 1.00
 24  26  0  5 1.00
 24  27  0  5 1.00
 24  44  0  5 1.00
 25  26  0  5 1.00
 25  27  0  5 1.00
 25  44  0  5 1.00
 26  27  0  5 1.00
 26  28  0  5 1.00
 26  44  0  5 1.00
 27  28  0  5 1.00
 27  29  0  5 1.00
 27  42  0  5 1.00
 27  43  0  5 1.00
 27  44  0  5 1.00
 28  29  0  5 1.00
 28  30  0  5 1.00
 28  42  0  5 1.00
 28  43  0  5 1.00
 29  30  0  5 1.00
 29  31  0  5 1.00
 29  40  0  5 1.00
 29  41  0  5 1.00
 29  42  0  5 1.00
 30  31  0  5 1.00
 30  32  0  5 1.00
 30  40  0  5 1.00
 30  41  0  5 1.00
 30  42  0  5 1.00
 31  32  0  5 1.00
 31  33  0  5 1.00
 31  37  0  5 1.00
 31  38  0  5 1.00
 31  39  0  5 1.00
 31  40  0  5 1.00
 32  33  0  5 1.00
 32  34  0  5 1.00
 32  38  0  5 1.00
 32  39  0  5 1.00
 33  34  0  5 1.00
 33  35  0  5 1.00
 33  38  0  5 1.00
 34  35  0  5 1.00
 34  36  0  5 1.00
 34  37  0  5 1.00
 34  38  0  5 1.00
 35  36  0  5 1.00
 35  37  0  5 1.00
 35  38  0  5 1.00
 36  37  0  5 1.00
 36  38  0  5 1.00
 37  38  0  5 1.00
 37  39  0  5 1.00
 37  40  0  5 1.00
 38  39  0  5 1.00
 38  40  0  5 1.00
 38  55  0  5 1.00
 39  40  0  5 1.00
 39  41  0  5 1.00
 39  53  0  5 1.00
 39  54  0  5 1.00
 39  55  0  5 1.00
 40  41  0  5 1.00
 40  42  0  5 1.00
 40  53  0  5 1.00
 40  54  0  5 1.00
 40  55  0  5 1.00
 41  42  0  5 1.00
 41  43  0  5 1.00
 41  50  0  5 1.00
 41  51  0  5 1.00
 41  52  0  5 1.00
 41  53  0  5 1.00
 41  54  0  5 1.00
 42  43  0  5 1.00
 42  44  0  5 1.00
 42  50  0  5 1.00
 42  51  0  5 1.00
 42  52  0  5 1.00
 43  44  0  5 1.00
 43  45  0  5 1.00
 43  48  0  5 1.00
 43  49  0  5 1.00
 43  50  0  5 1.00
 43  51  0  5 1.00
 43  52  0  5 1.00
 44  45  0  5 1.00
 44  46  0  5 1.00
 44  48  0  5 1.00
 44  49  0  5 1.00
 44  50  0  5 1.00
 45  46  0  5 1.00
 45  47  0  5 1.00
 45  48  0  5 1.00
 45  50  0  5 1.00
 46  47  0  5 1.00
 46  48  0  5 1.00
 47  48  0  5 1.00
 47  49  0  5 1.00
 48  49  0  5 1.00
 48  50  0  5 1.00
 49  50  0  5 1.00
 49  51  0  5 1.00
 50  51  0  5 1.00
 50  52  0  5 1.00
 51  52  0  5 1.00
 51  53  0  5 1.00
 52  53  0  5 1.00
 52  54  0  5 1.00
 53  54  0  5 1.00
 53  55  0  5 1.00
 54  55  0  5 1.00
 54  56  0  5 1.00
 55  56  0  5 1.00
 55  57  0  5 1.00
 56  57  0  5 1.00
 56  58  0  5 1.00
 56  59  0  5 1.00
 56  60  0  5 1.00
 57  58  0  5 1.00
 57  59  0  5 1.00
 57  60  0  5 1.00
 57  61  0  5 1.00
 58  59  0  5 1.00
 58  60  0  5 1.00
 58  61  0  5 1.00
 58  62  0  5 1.00
 59  60  0  5 1.00
 59  61  0  5 1.00
 59  62  0  5 1.00
 59  63  0  5 1.00
 60  61  0  5 1.00
 60  62  0  5 1.00
 60  63  0  5 1.00
 60  64  0  5 1.00
 61  62  0  5 1.00
 61  63  0  5 1.00
 61  64  0  5 1.00
 61  65  0  5 1.00
 62  63  0  5 1.00
 62  64  0  5 1.00
 62  65  0  5 1.00
 62  66  0  5 1.00
 63  64  0  5 1.00
 63  65  0  5 1.00
 63  66  0  5 1.00
 63  67  0  5 1.00
 64  65  0  5 1.00
 64  66  0  5 1.00
 64  67  0  5 1.00
 64  68  0  5 1.00
 65  66  0  5 1.00
 65  67  0  5 1.00
 65  68  0  5 1.00
 65  69  0  5 1.00
 66  67  0  5 1.00
 66  68  0  5 1.00
 66  69  0  5 1.00
 66  70  0  5 1.00
 67  68  0  5 1.00
 67  69  0  5 1.00
 67  70  0  5 1.00
 67  71  0  5 1.00
 68  69  0  5 1.00
 68  70  0  5 1.00
 68  71  0  5 1.00
 68  72  0  5 1.00
 69  70  0  5 1.00
 69  71  0  5 1.00
 69  72  0  5 1.00
 69  73  0  5 1.00
 70  71  0  5 1.00
 70  72  0  5 1.00
 70  73  0  5 1.00
 71  72  0  5 1.00
 71  73  0  5 1.00
 71  74  0  5 1.00
 72  73  0  5 1.00
 72  74  0  5 1.00
 73  74  0  5 1.00
 73  75  0  5 1.00
 73 114  0  5 1.00
 74  75  0  5 1.00
 74  76  0  5 1.00
 74 114  0  5 1.00
 75  76  0  5 1.00
 75  77  0  5 1.00
 75 114  0  5 1.00
 75 115  0  5 1.00
 75 116  0  5 1.00
 76  77  0  5 1.00
 76  78  0  5 1.00
 76  79  0  5 1.00
 76  80  0  5 1.00
 76 116  0  5 1.00
 77  78  0  5 1.00
 77  79  0  5 1.00
 77  80  0  5 1.00
 77  81  0  5 1.00
 77  82  0  5 1.00
 77  93  0  5 1.00
 77 116  0  5 1.00
 78  79  0  5 1.00
 78  80  0  5 1.00
 78  81  0  5 1.00
 78  82  0  5 1.00
 79  80  0  5 1.00
 79  81  0  5 1.00
 80  81  0  5 1.00
 80  82  0  5 1.00
 80  93  0  5 1.00
 81  82  0  5 1.00
 81  83  0  5 1.00
 82  83  0  5 1.00
 82  84  0  5 1.00
 83  84  0  5 1.00
 83  85  0  5 1.00
 84  85  0  5 1.00
 84  86  0  5 1.00
 84 119  0  5 1.00
 84 120  0  5 1.00
 84 121  0  5 1.00
 84 122  0  5 1.00
 85  86  0  5 1.00
 85  87  0  5 1.00
 85 121  0  5 1.00
 86  87  0  5 1.00
 86  88  0  5 1.00
 86 121  0  5 1.00
 86 122  0  5 1.00
 86 123  0  5 1.00
 87  88  0  5 1.00
 87  89  0  5 1.00
 88  89  0  5 1.00
 88  90  0  5 1.00
 88 123  0  5 1.00
 89  90  0  5 1.00
 89  91  0  5 1.00
 89 123  0  5 1.00
 90  91  0  5 1.00
 90  92  0  5 1.00
 90  93  0  5 1.00
 90  94  0  5 1.00
 90 123  0  5 1.00
 91  92  0  5 1.00
 91  93  0  5 1.00
 91  94  0  5 1.00
 91  95  0  5 1.00
 91 123  0  5 1.00
 91 124  0  5 1.00
 92  93  0  5 1.00
 92  94  0  5 1.00
 92  95  0  5 1.00
 92  96  0  5 1.00
 92  97  0  5 1.00
 93  94  0  5 1.00
 93  95  0  5 1.00
 93  96  0  5 1.00
 93  97  0  5 1.00
 94  95  0  5 1.00
 94  96  0  5 1.00
 94  97  0  5 1.00
 94  98  0  5 1.00
 94  99  0  5 1.00
 95  96  0  5 1.00
 95  97  0  5 1.00
 95  98  0  5 1.00
 95  99  0  5 1.00
 95 100  0  5 1.00
 96  97  0  5 1.00
 96  98  0  5 1.00
 96  99  0  5 1.00
 96 100  0  5 1.00
 97  98  0  5 1.00
 97  99  0  5 1.00
 97 100  0  5 1.00
 97 101  0  5 1.00
 98  99  0  5 1.00
 98 100  0  5 1.00
 98 101  0  5 1.00
 99 100  0  5 1.00
 99 101  0  5 1.00
100 101  0  5 1.00
100 102  0  5 1.00
101 102  0  5 1.00
101 103  0  5 1.00
102 103  0  5 1.00
102 104  0  5 1.00
102 111  0  5 1.00
102 112  0  5 1.00
103 104  0  5 1.00
103 105  0  5 1.00
103 112  0  5 1.00
103 133  0  5 1.00
104 105  0  5 1.00
104 106  0  5 1.00
104 132  0  5 1.00
104 133  0  5 1.00
105 106  0  5 1.00
105 107  0  5 1.00
105 108  0  5 1.00
105 133  0  5 1.00
105 168  0  5 1.00
106 107  0  5 1.00
106 108  0  5 1.00
106 133  0  5 1.00
106 168  0  5 1.00
106 170  0  5 1.00
107 108  0  5 1.00
107 109  0  5 1.00
108 109  0  5 1.00
108 110  0  5 1.00
108 111  0  5 1.00
109 110  0  5 1.00
109 111  0  5 1.00
110 111  0  5 1.00
110 112  0  5 1.00
111 112  0  5 1.00
111 113  0  5 1.00
111 133  0  5 1.00
111 134  0  5 1.00
112 113  0  5 1.00
112 114  0  5 1.00
112 133  0  5 1.00
112 134  0  5 1.00
113 114  0  5 1.00
113 115  0  5 1.00
113 134  0  5 1.00
113 135  0  5 1.00
113 136  0  5 1.00
114 115  0  5 1.00
114 116  0  5 1.00
114 136  0  5 1.00
115 116  0  5 1.00
115 117  0  5 1.00
115 136  0  5 1.00
115 137  0  5 1.00
115 138  0  5 1.00
116 117  0  5 1.00
116 118  0  5 1.00
116 138  0  5 1.00
117 118  0  5 1.00
117 119  0  5 1.00
117 138  0  5 1.00
117 139  0  5 1.00
117 140  0  5 1.00
118 119  0  5 1.00
118 120  0  5 1.00
118 140  0  5 1.00
118 144  0  5 1.00
118 145  0  5 1.00
119 120  0  5 1.00
119 121  0  5 1.00
119 140  0  5 1.00
119 144  0  5 1.00
119 145  0  5 1.00
120 121  0  5 1.00
120 122  0  5 1.00
120 144  0  5 1.00
120 145  0  5 1.00
120 146  0  5 1.00
121 122  0  5 1.00
121 123  0  5 1.00
121 146  0  5 1.00
122 123  0  5 1.00
122 124  0  5 1.00
122 146  0  5 1.00
122 147  0  5 1.00
122 148  0  5 1.00
123 124  0  5 1.00
123 125  0  5 1.00
123 148  0  5 1.00
124 125  0  5 1.00
124 126  0  5 1.00
124 148  0  5 1.00
124 149  0  5 1.00
124 150  0  5 1.00
124 151  0  5 1.00
125 126  0  5 1.00
125 127  0  5 1.00
125 150  0  5 1.00
125 151  0  5 1.00
126 127  0  5 1.00
126 128  0  5 1.00
126 156  0  5 1.00
126 157  0  5 1.00
127 128  0  5 1.00
127 129  0  5 1.00
127 156  0  5 1.00
127 157  0  5 1.00
128 129  0  5 1.00
128 130  0  5 1.00
128 156  0  5 1.00
128 157  0  5 1.00
128 158  0  5 1.00
128 159  0  5 1.00
129 130  0  5 1.00
129 131  0  5 1.00
129 159  0  5 1.00
130 131  0  5 1.00
130 132  0  5 1.00
130 159  0  5 1.00
130 160  0  5 1.00
130 161  0  5 1.00
131 132  0  5 1.00
131 133  0  5 1.00
131 161  0  5 1.00
131 162  0  5 1.00
131 163  0  5 1.00
132 133  0  5 1.00
132 134  0  5 1.00
132 135  0  5 1.00
133 134  0  5 1.00
133 135  0  5 1.00
133 170  0  5 1.00
133 171  0  5 1.00
134 135  0  5 1.00
134 136  0  5 1.00
134 170  0  5 1.00
134 171  0  5 1.00
134 172  0  5 1.00
135 136  0  5 1.00
135 137  0  5 1.00
135 170  0  5 1.00
135 171  0  5 1.00
135 172  0  5 1.00
135 173  0  5 1.00
136 137  0  5 1.00
136 138  0  5 1.00
136 173  0  5 1.00
137 138  0  5 1.00
137 139  0  5 1.00
137 173  0  5 1.00
137 174  0  5 1.00
137 175  0  5 1.00
138 139  0  5 1.00
138 140  0  5 1.00
138 175  0  5 1.00
138 176  0  5 1.00
139 140  0  5 1.00
139 141  0  5 1.00
139 175  0  5 1.00
139 176  0  5 1.00
139 177  0  5 1.00
140 141  0  5 1.00
140 142  0  5 1.00
140 145  0  5 1.00
140 176  0  5 1.00
141 142  0  5 1.00
141 143  0  5 1.00
141 144  0  5 1.00
141 145  0  5 1.00
141 176  0  5 1.00
141 177  0  5 1.00
141 178  0  5 1.00
142 143  0  5 1.00
142 144  0  5 1.00
142 145  0  5 1.00
142 176  0  5 1.00
142 177  0  5 1.00
142 178  0  5 1.00
142 201  0  5 1.00
142 203  0  5 1.00
143 144  0  5 1.00
143 145  0  5 1.00
143 146  0  5 1.00
143 178  0  5 1.00
144 145  0  5 1.00
144 146  0  5 1.00
145 146  0  5 1.00
145 147  0  5 1.00
145 176  0  5 1.00
145 177  0  5 1.00
145 178  0  5 1.00
146 147  0  5 1.00
146 148  0  5 1.00
146 178  0  5 1.00
147 148  0  5 1.00
147 149  0  5 1.00
147 178  0  5 1.00
147 179  0  5 1.00
147 180  0  5 1.00
148 149  0  5 1.00
148 150  0  5 1.00
148 180  0  5 1.00
149 150  0  5 1.00
149 151  0  5 1.00
149 180  0  5 1.00
149 181  0  5 1.00
149 182  0  5 1.00
150 151  0  5 1.00
150 152  0  5 1.00
151 152  0  5 1.00
151 153  0  5 1.00
151 184  0  5 1.00
151 185  0  5 1.00
151 186  0  5 1.00
152 153  0  5 1.00
152 154  0  5 1.00
152 185  0  5 1.00
152 186  0  5 1.00
153 154  0  5 1.00
153 155  0  5 1.00
153 185  0  5 1.00
154 155  0  5 1.00
154 156  0  5 1.00
154 185  0  5 1.00
154 186  0  5 1.00
154 187  0  5 1.00
155 156  0  5 1.00
155 157  0  5 1.00
155 185  0  5 1.00
155 186  0  5 1.00
155 187  0  5 1.00
156 157  0  5 1.00
156 158  0  5 1.00
156 187  0  5 1.00
156 188  0  5 1.00
157 158  0  5 1.00
157 159  0  5 1.00
157 187  0  5 1.00
157 188  0  5 1.00
157 189  0  5 1.00
158 159  0  5 1.00
158 160  0  5 1.00
158 188  0  5 1.00
158 189  0  5 1.00
158 190  0  5 1.00
159 160  0  5 1.00
159 161  0  5 1.00
159 190  0  5 1.00
160 161  0  5 1.00
160 162  0  5 1.00
160 190  0  5 1.00
160 191  0  5 1.00
160 192  0  5 1.00
161 162  0  5 1.00
161 163  0  5 1.00
161 192  0  5 1.00
162 163  0  5 1.00
162 164  0  5 1.00
162 165  0  5 1.00
162 169  0  5 1.00
162 192  0  5 1.00
163 164  0  5 1.00
163 165  0  5 1.00
164 165  0  5 1.00
164 166  0  5 1.00
164 167  0  5 1.00
164 168  0  5 1.00
165 166  0  5 1.00
165 167  0  5 1.00
166 167  0  5 1.00
166 168  0  5 1.00
167 168  0  5 1.00
167 169  0  5 1.00
167 193  0  5 1.00
168 169  0  5 1.00
168 170  0  5 1.00
168 193  0  5 1.00
169 170  0  5 1.00
169 171  0  5 1.00
169 193  0  5 1.00
169 194  0  5 1.00
169 195  0  5 1.00
170 171  0  5 1.00
170 172  0  5 1.00
170 195  0  5 1.00
170 196  0  5 1.00
171 172  0  5 1.00
171 173  0  5 1.00
171 195  0  5 1.00
171 196  0  5 1.00
171 197  0  5 1.00
172 173  0  5 1.00
172 174  0  5 1.00
172 195  0  5 1.00
172 196  0  5 1.00
172 197  0  5 1.00
172 198  0  5 1.00
173 174  0  5 1.00
173 175  0  5 1.00
173 198  0  5 1.00
173 199  0  5 1.00
174 175  0  5 1.00
174 176  0  5 1.00
174 198  0  5 1.00
174 199  0  5 1.00
174 200  0  5 1.00
175 176  0  5 1.00
175 177  0  5 1.00
175 200  0  5 1.00
175 201  0  5 1.00
176 177  0  5 1.00
176 178  0  5 1.00
176 200  0  5 1.00
176 201  0  5 1.00
176 202  0  5 1.00
177 178  0  5 1.00
177 179  0  5 1.00
177 201  0  5 1.00
177 202  0  5 1.00
177 203  0  5 1.00
178 179  0  5 1.00
178 180  0  5 1.00
178 203  0  5 1.00
179 180  0  5 1.00
179 181  0  5 1.00
179 203  0  5 1.00
179 204  0  5 1.00
179 205  0  5 1.00
180 181  0  5 1.00
180 182  0  5 1.00
180 205  0  5 1.00
180 206  0  5 1.00
181 182  0  5 1.00
181 183  0  5 1.00
181 184  0  5 1.00
181 205  0  5 1.00
181 206  0  5 1.00
181 207  0  5 1.00
182 183  0  5 1.00
182 184  0  5 1.00
182 205  0  5 1.00
182 206  0  5 1.00
183 184  0  5 1.00
183 185  0  5 1.00
183 206  0  5 1.00
183 207  0  5 1.00
183 208  0  5 1.00
184 185  0  5 1.00
184 186  0  5 1.00
184 206  0  5 1.00
184 207  0  5 1.00
184 208  0  5 1.00
184 209  0  5 1.00
185 186  0  5 1.00
185 187  0  5 1.00
185 208  0  5 1.00
185 209  0  5 1.00
186 187  0  5 1.00
186 188  0  5 1.00
186 207  0  5 1.00
186 208  0  5 1.00
186 209  0  5 1.00
186 210  0  5 1.00
187 188  0  5 1.00
187 189  0  5 1.00
187 209  0  5 1.00
187 210  0  5 1.00
187 211  0  5 1.00
188 189  0  5 1.00
188 190  0  5 1.00
188 210  0  5 1.00
188 211  0  5 1.00
189 190  0  5 1.00
189 191  0  5 1.00
189 211  0  5 1.00
189 212  0  5 1.00
189 213  0  5 1.00
190 191  0  5 1.00
190 192  0  5 1.00
190 213  0  5 1.00
191 192  0  5 1.00
191 193  0  5 1.00
191 213  0  5 1.00
191 214  0  5 1.00
191 215  0  5 1.00
192 193  0  5 1.00
192 194  0  5 1.00
192 215  0  5 1.00
192 216  0  5 1.00
193 194  0  5 1.00
193 195  0  5 1.00
193 215  0  5 1.00
193 216  0  5 1.00
193 217  0  5 1.00
194 195  0  5 1.00
194 196  0  5 1.00
194 216  0  5 1.00
194 217  0  5 1.00
194 218  0  5 1.00
195 196  0  5 1.00
195 197  0  5 1.00
195 218  0  5 1.00
195 219  0  5 1.00
196 197  0  5 1.00
196 198  0  5 1.00
196 218  0  5 1.00
196 219  0  5 1.00
196 220  0  5 1.00
197 198  0  5 1.00
197 199  0  5 1.00
197 218  0  5 1.00
197 219  0  5 1.00
197 220  0  5 1.00
197 221  0  5 1.00
198 199  0  5 1.00
198 200  0  5 1.00
198 221  0  5 1.00
199 200  0  5 1.00
199 201  0  5 1.00
199 221  0  5 1.00
199 222  0  5 1.00
199 223  0  5 1.00
200 201  0  5 1.00
200 202  0  5 1.00
200 223  0  5 1.00
201 202  0  5 1.00
201 203  0  5 1.00
201 223  0  5 1.00
201 224  0  5 1.00
201 225  0  5 1.00
202 203  0  5 1.00
202 204  0  5 1.00
202 223  0  5 1.00
202 224  0  5 1.00
202 225  0  5 1.00
202 226  0  5 1.00
203 204  0  5 1.00
203 205  0  5 1.00
203 226  0  5 1.00
204 205  0  5 1.00
204 206  0  5 1.00
204 226  0  5 1.00
204 227  0  5 1.00
204 228  0  5 1.00
205 206  0  5 1.00
205 207  0  5 1.00
205 228  0  5 1.00
205 229  0  5 1.00
206 207  0  5 1.00
206 208  0  5 1.00
206 228  0  5 1.00
206 229  0  5 1.00
206 230  0  5 1.00
207 208  0  5 1.00
207 209  0  5 1.00
207 210  0  5 1.00
207 229  0  5 1.00
207 230  0  5 1.00
207 231  0  5 1.00
208 209  0  5 1.00
208 210  0  5 1.00
208 231  0  5 1.00
208 232  0  5 1.00
209 210  0  5 1.00
209 211  0  5 1.00
209 230  0  5 1.00
209 231  0  5 1.00
209 237  0  5 1.00
209 238  0  5 1.00
210 211  0  5 1.00
210 212  0  5 1.00
210 231  0  5 1.00
210 237  0  5 1.00
210 238  0  5 1.00
210 239  0  5 1.00
211 212  0  5 1.00
211 213  0  5 1.00
211 231  0  5 1.00
211 238  0  5 1.00
211 239  0  5 1.00
211 240  0  5 1.00
212 213  0  5 1.00
212 214  0  5 1.00
212 238  0  5 1.00
212 239  0  5 1.00
212 240  0  5 1.00
212 241  0  5 1.00
213 214  0  5 1.00
213 215  0  5 1.00
213 241  0  5 1.00
214 215  0  5 1.00
214 216  0  5 1.00
214 241  0  5 1.00
214 242  0  5 1.00
214 243  0  5 1.00
215 216  0  5 1.00
215 217  0  5 1.00
215 243  0  5 1.00
215 244  0  5 1.00
216 217  0  5 1.00
216 218  0  5 1.00
216 243  0  5 1.00
216 244  0  5 1.00
216 245  0  5 1.00
216 249  0  5 1.00
216 250  0  5 1.00
217 218  0  5 1.00
217 219  0  5 1.00
217 249  0  5 1.00
217 250  0  5 1.00
217 251  0  5 1.00
218 219  0  5 1.00
218 220  0  5 1.00
218 251  0  5 1.00
218 252  0  5 1.00
219 220  0  5 1.00
219 221  0  5 1.00
219 251  0  5 1.00
219 252  0  5 1.00
219 253  0  5 1.00
220 221  0  5 1.00
220 222  0  5 1.00
220 251  0  5 1.00
220 252  0  5 1.00
220 253  0  5 1.00
220 254  0  5 1.00
221 222  0  5 1.00
221 223  0  5 1.00
221 254  0  5 1.00
222 223  0  5 1.00
222 224  0  5 1.00
222 254  0  5 1.00
222 255  0  5 1.00
222 256  0  5 1.00
223 224  0  5 1.00
223 225  0  5 1.00
223 254  0  5 1.00
223 256  0  5 1.00
223 257  0  5 1.00
224 225  0  5 1.00
224 226  0  5 1.00
224 256  0  5 1.00
224 257  0  5 1.00
224 258  0  5 1.00
225 226  0  5 1.00
225 227  0  5 1.00
225 256  0  5 1.00
225 257  0  5 1.00
225 258  0  5 1.00
225 259  0  5 1.00
226 227  0  5 1.00
226 228  0  5 1.00
226 259  0  5 1.00
227 228  0  5 1.00
227 229  0  5 1.00
227 259  0  5 1.00
227 260  0  5 1.00
227 261  0  5 1.00
228 229  0  5 1.00
228 230  0  5 1.00
228 261  0  5 1.00
228 262  0  5 1.00
228 263  0  5 1.00
229 230  0  5 1.00
229 231  0  5 1.00
229 261  0  5 1.00
229 262  0  5 1.00
229 263  0  5 1.00
229 264  0  5 1.00
230 231  0  5 1.00
230 232  0  5 1.00
230 237  0  5 1.00
230 238  0  5 1.00
230 239  0  5 1.00
230 262  0  5 1.00
230 263  0  5 1.00
230 264  0  5 1.00
230 265  0  5 1.00
231 232  0  5 1.00
231 233  0  5 1.00
231 237  0  5 1.00
231 238  0  5 1.00
231 239  0  5 1.00
231 264  0  5 1.00
231 265  0  5 1.00
232 233  0  5 1.00
232 234  0  5 1.00
232 235  0  5 1.00
232 236  0  5 1.00
232 237  0  5 1.00
232 238  0  5 1.00
232 264  0  5 1.00
232 265  0  5 1.00
233 234  0  5 1.00
233 235  0  5 1.00
233 236  0  5 1.00
233 237  0  5 1.00
233 264  0  5 1.00
233 265  0  5 1.00
234 235  0  5 1.00
234 236  0  5 1.00
235 236  0  5 1.00
235 237  0  5 1.00
236 237  0  5 1.00
236 238  0  5 1.00
237 238  0  5 1.00
237 239  0  5 1.00
237 264  0  5 1.00
237 265  0  5 1.00
237 266  0  5 1.00
238 239  0  5 1.00
238 240  0  5 1.00
238 241  0  5 1.00
238 265  0  5 1.00
238 266  0  5 1.00
238 267  0  5 1.00
239 240  0  5 1.00
239 241  0  5 1.00
239 265  0  5 1.00
239 266  0  5 1.00
239 267  0  5 1.00
240 241  0  5 1.00
240 242  0  5 1.00
240 266  0  5 1.00
240 267  0  5 1.00
240 268  0  5 1.00
240 269  0  5 1.00
241 242  0  5 1.00
241 243  0  5 1.00
241 269  0  5 1.00
242 243  0  5 1.00
242 244  0  5 1.00
242 269  0  5 1.00
242 270  0  5 1.00
242 271  0  5 1.00
243 244  0  5 1.00
243 245  0  5 1.00
243 249  0  5 1.00
243 250  0  5 1.00
243 271  0  5 1.00
244 245  0  5 1.00
244 246  0  5 1.00
244 247  0  5 1.00
244 248  0  5 1.00
244 249  0  5 1.00
244 250  0  5 1.00
244 271  0  5 1.00
244 272  0  5 1.00
244 277  0  5 1.00
245 246  0  5 1.00
245 247  0  5 1.00
245 248  0  5 1.00
245 274  0  5 1.00
245 275  0  5 1.00
246 247  0  5 1.00
246 248  0  5 1.00
246 274  0  5 1.00
246 275  0  5 1.00
247 248  0  5 1.00
247 249  0  5 1.00
248 249  0  5 1.00
248 250  0  5 1.00
248 277  0  5 1.00
249 250  0  5 1.00
249 251  0  5 1.00
249 277  0  5 1.00
249 278  0  5 1.00
250 251  0  5 1.00
250 252  0  5 1.00
250 278  0  5 1.00
250 279  0  5 1.00
250 280  0  5 1.00
251 252  0  5 1.00
251 253  0  5 1.00
251 280  0  5 1.00
251 281  0  5 1.00
252 253  0  5 1.00
252 254  0  5 1.00
252 280  0  5 1.00
252 281  0  5 1.00
252 282  0  5 1.00
253 254  0  5 1.00
253 255  0  5 1.00
253 281  0  5 1.00
253 282  0  5 1.00
253 283  0  5 1.00
254 255  0  5 1.00
254 256  0  5 1.00
254 283  0  5 1.00
255 256  0  5 1.00
255 257  0  5 1.00
255 258  0  5 1.00
255 283  0  5 1.00
255 284  0  5 1.00
255 285  0  5 1.00
256 257  0  5 1.00
256 258  0  5 1.00
256 285  0  5 1.00
257 258  0  5 1.00
257 259  0  5 1.00
257 285  0  5 1.00
257 286  0  5 1.00
257 287  0  5 1.00
258 259  0  5 1.00
258 260  0  5 1.00
258 285  0  5 1.00
258 286  0  5 1.00
258 287  0  5 1.00
258 288  0  5 1.00
259 260  0  5 1.00
259 261  0  5 1.00
259 288  0  5 1.00
260 261  0  5 1.00
260 262  0  5 1.00
260 288  0  5 1.00
260 289  0  5 1.00
260 290  0  5 1.00
261 262  0  5 1.00
261 263  0  5 1.00
261 290  0  5 1.00
261 291  0  5 1.00
262 263  0  5 1.00
262 264  0  5 1.00
262 290  0  5 1.00
262 291  0  5 1.00
262 292  0  5 1.00
263 264  0  5 1.00
263 265  0  5 1.00
263 290  0  5 1.00
264 265  0  5 1.00
264 266  0  5 1.00
265 266  0  5 1.00
265 267  0  5 1.00
266 267  0  5 1.00
266 268  0  5 1.00
266 305  0  5 1.00
266 306  0  5 1.00
267 268  0  5 1.00
267 269  0  5 1.00
267 305  0  5 1.00
267 306  0  5 1.00
268 269  0  5 1.00
268 270  0  5 1.00
268 306  0  5 1.00
268 307  0  5 1.00
268 308  0  5 1.00
269 270  0  5 1.00
269 271  0  5 1.00
269 308  0  5 1.00
270 271  0  5 1.00
270 272  0  5 1.00
270 308  0  5 1.00
270 309  0  5 1.00
270 310  0  5 1.00
271 272  0  5 1.00
271 273  0  5 1.00
271 310  0  5 1.00
272 273  0  5 1.00
272 274  0  5 1.00
272 275  0  5 1.00
272 277  0  5 1.00
272 278  0  5 1.00
272 279  0  5 1.00
272 310  0  5 1.00
273 274  0  5 1.00
273 275  0  5 1.00
274 275  0  5 1.00
274 276  0  5 1.00
275 276  0  5 1.00
275 277  0  5 1.00
275 278  0  5 1.00
276 277  0  5 1.00
276 278  0  5 1.00
277 278  0  5 1.00
277 279  0  5 1.00
278 279  0  5 1.00
278 280  0  5 1.00
279 280  0  5 1.00
279 281  0  5 1.00
279 310  0  5 1.00
279 311  0  5 1.00
279 312  0  5 1.00
280 281  0  5 1.00
280 282  0  5 1.00
280 312  0  5 1.00
280 313  0  5 1.00
281 282  0  5 1.00
281 283  0  5 1.00
281 312  0  5 1.00
281 313  0  5 1.00
281 314  0  5 1.00
282 283  0  5 1.00
282 284  0  5 1.00
282 312  0  5 1.00
282 313  0  5 1.00
282 314  0  5 1.00
282 315  0  5 1.00
283 284  0  5 1.00
283 285  0  5 1.00
283 315  0  5 1.00
284 285  0  5 1.00
284 286  0  5 1.00
284 287  0  5 1.00
284 315  0  5 1.00
284 316  0  5 1.00
284 317  0  5 1.00
285 286  0  5 1.00
285 287  0  5 1.00
285 317  0  5 1.00
285 318  0  5 1.00
286 287  0  5 1.00
286 288  0  5 1.00
286 317  0  5 1.00
286 318  0  5 1.00
286 319  0  5 1.00
287 288  0  5 1.00
287 289  0  5 1.00
287 317  0  5 1.00
287 318  0  5 1.00
287 319  0  5 1.00
287 320  0  5 1.00
288 289  0  5 1.00
288 290  0  5 1.00
288 320  0  5 1.00
289 290  0  5 1.00
289 291  0  5 1.00
289 320  0  5 1.00
289 321  0  5 1.00
289 322  0  5 1.00
290 291  0  5 1.00
290 292  0  5 1.00
290 322  0  5 1.00
290 323  0  5 1.00
291 292  0  5 1.00
291 293  0  5 1.00
291 322  0  5 1.00
291 323  0  5 1.00
292 293  0  5 1.00
292 294  0  5 1.00
292 323  0  5 1.00
293 294  0  5 1.00
293 295  0  5 1.00
293 296  0  5 1.00
294 295  0  5 1.00
294 296  0  5 1.00
295 296  0  5 1.00
295 297  0  5 1.00
296 297  0  5 1.00
296 298  0  5 1.00
296 299  0  5 1.00
296 300  0  5 1.00
297 298  0  5 1.00
297 299  0  5 1.00
298 299  0  5 1.00
298 300  0  5 1.00
298 301  0  5 1.00
299 300  0  5 1.00
299 301  0  5 1.00
300 301  0  5 1.00
300 302  0  5 1.00
301 302  0  5 1.00
301 303  0  5 1.00
302 303  0  5 1.00
302 304  0  5 1.00
302 325  0  5 1.00
303 304  0  5 1.00
303 305  0  5 1.00
303 325  0  5 1.00
304 305  0  5 1.00
304 306  0  5 1.00
304 325  0  5 1.00
304 326  0  5 1.00
304 327  0  5 1.00
305 306  0  5 1.00
305 307  0  5 1.00
305 308  0  5 1.00
305 327  0  5 1.00
305 328  0  5 1.00
306 307  0  5 1.00
306 308  0  5 1.00
306 327  0  5 1.00
306 328  0  5 1.00
307 308  0  5 1.00
307 309  0  5 1.00
307 328  0  5 1.00
307 329  0  5 1.00
307 330  0  5 1.00
308 309  0  5 1.00
308 310  0  5 1.00
308 330  0  5 1.00
309 310  0  5 1.00
309 311  0  5 1.00
309 330  0  5 1.00
309 331  0  5 1.00
309 332  0  5 1.00
309 333  0  5 1.00
310 311  0  5 1.00
310 312  0  5 1.00
310 330  0  5 1.00
310 332  0  5 1.00
311 312  0  5 1.00
311 313  0  5 1.00
311 332  0  5 1.00
311 333  0  5 1.00
311 334  0  5 1.00
312 313  0  5 1.00
312 314  0  5 1.00
312 334  0  5 1.00
313 314  0  5 1.00
313 315  0  5 1.00
313 334  0  5 1.00
313 335  0  5 1.00
313 336  0  5 1.00
314 315  0  5 1.00
314 316  0  5 1.00
314 335  0  5 1.00
314 336  0  5 1.00
314 337  0  5 1.00
315 316  0  5 1.00
315 317  0  5 1.00
315 337  0  5 1.00
316 317  0  5 1.00
316 318  0  5 1.00
316 337  0  5 1.00
316 338  0  5 1.00
316 339  0  5 1.00
317 318  0  5 1.00
317 319  0  5 1.00
317 337  0  5 1.00
317 339  0  5 1.00
318 319  0  5 1.00
318 320  0  5 1.00
318 339  0  5 1.00
318 340  0  5 1.00
318 341  0  5 1.00
319 320  0  5 1.00
319 321  0  5 1.00
319 339  0  5 1.00
319 340  0  5 1.00
319 341  0  5 1.00
319 342  0  5 1.00
320 321  0  5 1.00
320 322  0  5 1.00
320 342  0  5 1.00
321 322  0  5 1.00
321 323  0  5 1.00
321 342  0  5 1.00
321 343  0  5 1.00
321 344  0  5 1.00
322 323  0  5 1.00
322 324  0  5 1.00
322 344  0  5 1.00
322 345  0  5 1.00
323 324  0  5 1.00
323 325  0  5 1.00
323 344  0  5 1.00
323 345  0  5 1.00
324 325  0  5 1.00
324 326  0  5 1.00
324 345  0  5 1.00
324 346  0  5 1.00
324 347  0  5 1.00
325 326  0  5 1.00
325 327  0  5 1.00
325 347  0  5 1.00
326 327  0  5 1.00
326 328  0  5 1.00
326 346  0  5 1.00
326 347  0  5 1.00
326 348  0  5 1.00
326 349  0  5 1.00
327 328  0  5 1.00
327 329  0  5 1.00
327 330  0  5 1.00
327 348  0  5 1.00
327 349  0  5 1.00
327 350  0  5 1.00
328 329  0  5 1.00
328 330  0  5 1.00
328 349  0  5 1.00
328 350  0  5 1.00
329 330  0  5 1.00
329 331  0  5 1.00
329 349  0  5 1.00
329 350  0  5 1.00
329 351  0  5 1.00
329 352  0  5 1.00
330 331  0  5 1.00
330 332  0  5 1.00
330 352  0  5 1.00
331 332  0  5 1.00
331 333  0  5 1.00
331 352  0  5 1.00
331 353  0  5 1.00
331 354  0  5 1.00
332 333  0  5 1.00
332 334  0  5 1.00
332 354  0  5 1.00
333 334  0  5 1.00
333 335  0  5 1.00
333 357  0  5 1.00
333 358  0  5 1.00
334 335  0  5 1.00
334 336  0  5 1.00
334 358  0  5 1.00
334 359  0  5 1.00
334 360  0  5 1.00
335 336  0  5 1.00
335 337  0  5 1.00
335 358  0  5 1.00
335 359  0  5 1.00
335 360  0  5 1.00
336 337  0  5 1.00
336 338  0  5 1.00
336 359  0  5 1.00
336 360  0  5 1.00
336 361  0  5 1.00
337 338  0  5 1.00
337 339  0  5 1.00
337 361  0  5 1.00
338 339  0  5 1.00
338 340  0  5 1.00
338 361  0  5 1.00
338 362  0  5 1.00
338 363  0  5 1.00
339 340  0  5 1.00
339 341  0  5 1.00
339 363  0  5 1.00
340 341  0  5 1.00
340 342  0  5 1.00
340 363  0  5 1.00
340 364  0  5 1.00
340 365  0  5 1.00
341 342  0  5 1.00
341 343  0  5 1.00
341 364  0  5 1.00
341 365  0  5 1.00
341 366  0  5 1.00
342 343  0  5 1.00
342 344  0  5 1.00
342 366  0  5 1.00
343 344  0  5 1.00
343 345  0  5 1.00
343 366  0  5 1.00
343 367  0  5 1.00
343 368  0  5 1.00
344 345  0  5 1.00
344 346  0  5 1.00
344 368  0  5 1.00
344 369  0  5 1.00
345 346  0  5 1.00
345 347  0  5 1.00
345 368  0  5 1.00
345 369  0  5 1.00
346 347  0  5 1.00
346 348  0  5 1.00
346 369  0  5 1.00
346 370  0  5 1.00
346 371  0  5 1.00
347 348  0  5 1.00
347 349  0  5 1.00
347 371  0  5 1.00
347 372  0  5 1.00
348 349  0  5 1.00
348 350  0  5 1.00
348 370  0  5 1.00
348 371  0  5 1.00
348 375  0  5 1.00
349 350  0  5 1.00
349 351  0  5 1.00
349 352  0  5 1.00
349 375  0  5 1.00
349 376  0  5 1.00
350 351  0  5 1.00
350 352  0  5 1.00
350 375  0  5 1.00
350 376  0  5 1.00
350 377  0  5 1.00
351 352  0  5 1.00
351 353  0  5 1.00
351 376  0  5 1.00
351 377  0  5 1.00
351 378  0  5 1.00
352 353  0  5 1.00
352 354  0  5 1.00
353 354  0  5 1.00
353 355  0  5 1.00
353 380  0  5 1.00
354 355  0  5 1.00
354 356  0  5 1.00
354 357  0  5 1.00
355 356  0  5 1.00
355 357  0  5 1.00
355 381  0  5 1.00
356 357  0  5 1.00
356 358  0  5 1.00
357 358  0  5 1.00
357 359  0  5 1.00
357 382  0  5 1.00
357 383  0  5 1.00
358 359  0  5 1.00
358 360  0  5 1.00
358 383  0  5 1.00
359 360  0  5 1.00
359 361  0  5 1.00
359 383  0  5 1.00
359 384  0  5 1.00
360 361  0  5 1.00
360 362  0  5 1.00
360 383  0  5 1.00
360 384  0  5 1.00
360 385  0  5 1.00
361 362  0  5 1.00
361 363  0  5 1.00
361 385  0  5 1.00
362 363  0  5 1.00
362 364  0  5 1.00
362 385  0  5 1.00
362 386  0  5 1.00
362 387  0  5 1.00
362 388  0  5 1.00
363 364  0  5 1.00
363 365  0  5 1.00
363 387  0  5 1.00
364 365  0  5 1.00
364 366  0  5 1.00
364 387  0  5 1.00
364 388  0  5 1.00
365 366  0  5 1.00
365 367  0  5 1.00
365 387  0  5 1.00
365 388  0  5 1.00
365 389  0  5 1.00
365 390  0  5 1.00
366 367  0  5 1.00
366 368  0  5 1.00
366 389  0  5 1.00
366 390  0  5 1.00
367 368  0  5 1.00
367 369  0  5 1.00
367 389  0  5 1.00
367 390  0  5 1.00
367 391  0  5 1.00
368 369  0  5 1.00
368 370  0  5 1.00
368 391  0  5 1.00
369 370  0  5 1.00
369 371  0  5 1.00
370 371  0  5 1.00
370 372  0  5 1.00
370 375  0  5 1.00
371 372  0  5 1.00
371 373  0  5 1.00
371 374  0  5 1.00
371 375  0  5 1.00
372 373  0  5 1.00
372 374  0  5 1.00
373 374  0  5 1.00
373 375  0  5 1.00
374 375  0  5 1.00
374 376  0  5 1.00
375 376  0  5 1.00
375 377  0  5 1.00
376 377  0  5 1.00
376 378  0  5 1.00
377 378  0  5 1.00
377 379  0  5 1.00
378 379  0  5 1.00
378 380  0  5 1.00
379 380  0  5 1.00
379 381  0  5 1.00
380 381  0  5 1.00
380 382  0  5 1.00
381 382  0  5 1.00
381 383  0  5 1.00
382 383  0  5 1.00
382 384  0  5 1.00
383 384  0  5 1.00
383 385  0  5 1.00
383 400  0  5 1.00
384 385  0  5 1.00
384 386  0  5 1.00
384 398  0  5 1.00
384 399  0  5 1.00
384 400  0  5 1.00
385 386  0  5 1.00
385 387  0  5 1.00
385 398  0  5 1.00
385 399  0  5 1.00
386 387  0  5 1.00
386 388  0  5 1.00
386 396  0  5 1.00
386 397  0  5 1.00
386 398  0  5 1.00
387 388  0  5 1.00
387 389  0  5 1.00
387 396  0  5 1.00
387 397  0  5 1.00
388 389  0  5 1.00
388 390  0  5 1.00
388 395  0  5 1.00
388 396  0  5 1.00
389 390  0  5 1.00
389 391  0  5 1.00
390 391  0  5 1.00
390 392  0  5 1.00
390 393  0  5 1.00
391 392  0  5 1.00
391 393  0  5 1.00
392 393  0  5 1.00
392 394  0  5 1.00
393 394  0  5 1.00
393 395  0  5 1.00
394 395  0  5 1.00
394 396  0  5 1.00
394 404  0  5 1.00
394 405  0  5 1.00
394 406  0  5 1.00
394 419  0  5 1.00
395 396  0  5 1.00
395 397  0  5 1.00
395 404  0  5 1.00
395 405  0  5 1.00
395 406  0  5 1.00
396 397  0  5 1.00
396 398  0  5 1.00
396 404  0  5 1.00
396 405  0  5 1.00
397 398  0  5 1.00
397 399  0  5 1.00
397 402  0  5 1.00
397 403  0  5 1.00
397 404  0  5 1.00
398 399  0  5 1.00
398 400  0  5 1.00
398 402  0  5 1.00
398 403  0  5 1.00
398 404  0  5 1.00
399 400  0  5 1.00
399 401  0  5 1.00
399 402  0  5 1.00
400 401  0  5 1.00
400 402  0  5 1.00
401 402  0  5 1.00
401 403  0  5 1.00
401 414  0  5 1.00
401 415  0  5 1.00
401 416  0  5 1.00
401 417  0  5 1.00
402 403  0  5 1.00
402 404  0  5 1.00
402 414  0  5 1.00
402 415  0  5 1.00
403 404  0  5 1.00
403 405  0  5 1.00
403 412  0  5 1.00
403 413  0  5 1.00
403 414  0  5 1.00
404 405  0  5 1.00
404 406  0  5 1.00
404 412  0  5 1.00
404 413  0  5 1.00
405 406  0  5 1.00
405 407  0  5 1.00
405 410  0  5 1.00
405 411  0  5 1.00
405 412  0  5 1.00
406 407  0  5 1.00
406 408  0  5 1.00
406 409  0  5 1.00
406 410  0  5 1.00
407 408  0  5 1.00
407 409  0  5 1.00
407 410  0  5 1.00
407 412  0  5 1.00
408 409  0  5 1.00
408 410  0  5 1.00
409 410  0  5 1.00
409 411  0  5 1.00
409 438  0  5 1.00
410 411  0  5 1.00
410 412  0  5 1.00
410 438  0  5 1.00
410 439  0  5 1.00
411 412  0  5 1.00
411 413  0  5 1.00
411 436  0  5 1.00
411 437  0  5 1.00
411 438  0  5 1.00
412 413  0  5 1.00
412 414  0  5 1.00
412 436  0  5 1.00
412 437  0  5 1.00
412 438  0  5 1.00
413 414  0  5 1.00
413 415  0  5 1.00
413 434  0  5 1.00
413 435  0  5 1.00
413 436  0  5 1.00
414 415  0  5 1.00
414 416  0  5 1.00
414 417  0  5 1.00
414 434  0  5 1.00
414 435  0  5 1.00
414 436  0  5 1.00
415 416  0  5 1.00
415 417  0  5 1.00
415 432  0  5 1.00
415 433  0  5 1.00
415 434  0  5 1.00
415 435  0  5 1.00
416 417  0  5 1.00
416 418  0  5 1.00
416 425  0  5 1.00
416 426  0  5 1.00
416 427  0  5 1.00
416 432  0  5 1.00
416 433  0  5 1.00
417 418  0  5 1.00
417 419  0  5 1.00
417 425  0  5 1.00
417 426  0  5 1.00
418 419  0  5 1.00
418 420  0  5 1.00
418 423  0  5 1.00
418 424  0  5 1.00
418 425  0  5 1.00
419 420  0  5 1.00
419 421  0  5 1.00
419 423  0  5 1.00
419 424  0  5 1.00
419 425  0  5 1.00
420 421  0  5 1.00
420 422  0  5 1.00
420 423  0  5 1.00
420 424  0  5 1.00
421 422  0  5 1.00
421 423  0  5 1.00
422 423  0  5 1.00
422 424  0  5 1.00
423 424  0  5 1.00
423 425  0  5 1.00
424 425  0  5 1.00
424 426  0  5 1.00
424 459  0  5 1.00
424 460  0  5 1.00
424 461  0  5 1.00
425 426  0  5 1.00
425 427  0  5 1.00
425 459  0  5 1.00
425 460  0  5 1.00
426 427  0  5 1.00
426 428  0  5 1.00
426 429  0  5 1.00
426 456  0  5 1.00
426 457  0  5 1.00
426 458  0  5 1.00
426 459  0  5 1.00
427 428  0  5 1.00
427 429  0  5 1.00
427 457  0  5 1.00
427 458  0  5 1.00
428 429  0  5 1.00
428 430  0  5 1.00
428 431  0  5 1.00
428 457  0  5 1.00
428 458  0  5 1.00
429 430  0  5 1.00
429 431  0  5 1.00
429 453  0  5 1.00
429 454  0  5 1.00
429 455  0  5 1.00
429 456  0  5 1.00
429 457  0  5 1.00
430 431  0  5 1.00
430 432  0  5 1.00
430 453  0  5 1.00
430 455  0  5 1.00
431 432  0  5 1.00
431 433  0  5 1.00
431 452  0  5 1.00
431 453  0  5 1.00
431 454  0  5 1.00
432 433  0  5 1.00
432 434  0  5 1.00
432 451  0  5 1.00
432 452  0  5 1.00
432 453  0  5 1.00
433 434  0  5 1.00
433 435  0  5 1.00
433 449  0  5 1.00
433 450  0  5 1.00
433 451  0  5 1.00
433 452  0  5 1.00
434 435  0  5 1.00
434 436  0  5 1.00
434 449  0  5 1.00
434 450  0  5 1.00
435 436  0  5 1.00
435 437  0  5 1.00
435 447  0  5 1.00
435 448  0  5 1.00
435 449  0  5 1.00
435 450  0  5 1.00
436 437  0  5 1.00
436 438  0  5 1.00
436 447  0  5 1.00
436 448  0  5 1.00
437 438  0  5 1.00
437 439  0  5 1.00
437 445  0  5 1.00
437 446  0  5 1.00
437 447  0  5 1.00
438 439  0  5 1.00
438 440  0  5 1.00
438 445  0  5 1.00
438 446  0  5 1.00
438 447  0  5 1.00
439 440  0  5 1.00
439 441  0  5 1.00
439 445  0  5 1.00
439 446  0  5 1.00
440 441  0  5 1.00
440 442  0  5 1.00
441 442  0  5 1.00
441 443  0  5 1.00
441 444  0  5 1.00
441 445  0  5 1.00
442 443  0  5 1.00
442 444  0  5 1.00
442 445  0  5 1.00
443 444  0  5 1.00
443 445  0  5 1.00
444 445  0  5 1.00
444 446  0  5 1.00
444 447  0  5 1.00
444 468  0  5 1.00
444 469  0  5 1.00
445 446  0  5 1.00
445 447  0  5 1.00
445 469  0  5 1.00
445 470  0  5 1.00
446 447  0  5 1.00
446 448  0  5 1.00
446 467  0  5 1.00
446 468  0  5 1.00
446 469  0  5 1.00
447 448  0  5 1.00
447 449  0  5 1.00
447 467  0  5 1.00
447 468  0  5 1.00
447 469  0  5 1.00
448 449  0  5 1.00
448 450  0  5 1.00
448 464  0  5 1.00
448 465  0  5 1.00
448 466  0  5 1.00
448 467  0  5 1.00
449 450  0  5 1.00
449 451  0  5 1.00
449 464  0  5 1.00
449 465  0  5 1.00
449 466  0  5 1.00
450 451  0  5 1.00
450 452  0  5 1.00
450 462  0  5 1.00
450 463  0  5 1.00
450 464  0  5 1.00
451 452  0  5 1.00
451 453  0  5 1.00
451 462  0  5 1.00
452 453  0  5 1.00
452 454  0  5 1.00
453 454  0  5 1.00
453 455  0  5 1.00
454 455  0  5 1.00
454 456  0  5 1.00
455 456  0  5 1.00
455 457  0  5 1.00
456 457  0  5 1.00
456 458  0  5 1.00
456 459  0  5 1.00
457 458  0  5 1.00
457 459  0  5 1.00
458 459  0  5 1.00
458 460  0  5 1.00
459 460  0  5 1.00
459 461  0  5 1.00
460 461  0  5 1.00
460 462  0  5 1.00
461 462  0  5 1.00
461 463  0  5 1.00
462 463  0  5 1.00
462 464  0  5 1.00
463 464  0  5 1.00
463 465  0  5 1.00
464 465  0  5 1.00
464 466  0  5 1.00
465 466  0  5 1.00
465 467  0  5 1.00
465 477  0  5 1.00
466 467  0  5 1.00
466 468  0  5 1.00
466 475  0  5 1.00
466 476  0  5 1.00
466 477  0  5 1.00
466 478  0  5 1.00
467 468  0  5 1.00
467 469  0  5 1.00
467 475  0  5 1.00
467 476  0  5 1.00
467 477  0  5 1.00
468 469  0  5 1.00
468 470  0  5 1.00
468 473  0  5 1.00
468 474  0  5 1.00
468 475  0  5 1.00
468 476  0  5 1.00
469 470  0  5 1.00
469 471  0  5 1.00
469 473  0  5 1.00
469 474  0  5 1.00
469 475  0  5 1.00
470 471  0  5 1.00
470 472  0  5 1.00
470 473  0  5 1.00
471 472  0  5 1.00
471 473  0  5 1.00
472 473  0  5 1.00
472 474  0  5 1.00
473 474  0  5 1.00
473 475  0  5 1.00
474 475  0  5 1.00
474 476  0  5 1.00
475 476  0  5 1.00
475 477  0  5 1.00
476 477  0  5 1.00
476 478  0  5 1.00
477 478  0  5 1.00
477 479  0  5 1.00
478 479  0  5 1.00
478 480  0  5 1.00
479 480  0  5 1.00
479 481  0  5 1.00
480 481  0  5 1.00
480 482  0  5 1.00
481 482  0  5 1.00
481 483  0  5 1.00
482 483  0  5 1.00
482 484  0  5 1.00
483 484  0  5 1.00
483 485  0  5 1.00
483 497  0  5 1.00
484 485  0  5 1.00
484 486  0  5 1.00
484 497  0  5 1.00
484 498  0  5 1.00
484 499  0  5 1.00
485 486  0  5 1.00
485 487  0  5 1.00
485 497  0  5 1.00
485 498  0  5 1.00
485 499  0  5 1.00
485 500  0  5 1.00
486 487  0  5 1.00
486 488  0  5 1.00
486 489  0  5 1.00
486 490  0  5 1.00
486 499  0  5 1.00
487 488  0  5 1.00
487 489  0  5 1.00
487 490  0  5 1.00
488 489  0  5 1.00
488 490  0  5 1.00
489 490  0  5 1.00
489 491  0  5 1.00
490 491  0  5 1.00
490 492  0  5 1.00
491 492  0  5 1.00
491 493  0  5 1.00
491 494  0  5 1.00
491 507  0  5 1.00
492 493  0  5 1.00
492 494  0  5 1.00
492 507  0  5 1.00
492 508  0  5 1.00
493 494  0  5 1.00
493 495  0  5 1.00
493 507  0  5 1.00
493 508  0  5 1.00
493 509  0  5 1.00
494 495  0  5 1.00
494 496  0  5 1.00
494 505  0  5 1.00
494 506  0  5 1.00
494 507  0  5 1.00
495 496  0  5 1.00
495 497  0  5 1.00
495 505  0  5 1.00
495 506  0  5 1.00
496 497  0  5 1.00
496 498  0  5 1.00
496 503  0  5 1.00
496 504  0  5 1.00
496 505  0  5 1.00
496 506  0  5 1.00
497 498  0  5 1.00
497 499  0  5 1.00
497 503  0  5 1.00
497 504  0  5 1.00
497 505  0  5 1.00
498 499  0  5 1.00
498 500  0  5 1.00
498 501  0  5 1.00
498 502  0  5 1.00
498 503  0  5 1.00
499 500  0  5 1.00
499 501  0  5 1.00
499 502  0  5 1.00
500 501  0  5 1.00
500 502  0  5 1.00
501 502  0  5 1.00
501 503  0  5 1.00
502 503  0  5 1.00
502 504  0  5 1.00
503 504  0  5 1.00
503 505  0  5 1.00
504 505  0  5 1.00
504 506  0  5 1.00
504 514  0  5 1.00
504 515  0  5 1.00
504 516  0  5 1.00
505 506  0  5 1.00
505 507  0  5 1.00
505 514  0  5 1.00
505 515  0  5 1.00
505 516  0  5 1.00
506 507  0  5 1.00
506 508  0  5 1.00
506 512  0  5 1.00
506 513  0  5 1.00
506 514  0  5 1.00
506 515  0  5 1.00
506 516  0  5 1.00
507 508  0  5 1.00
507 509  0  5 1.00
507 512  0  5 1.00
507 513  0  5 1.00
507 514  0  5 1.00
508 509  0  5 1.00
508 510  0  5 1.00
508 511  0  5 1.00
508 512  0  5 1.00
509 510  0  5 1.00
509 511  0  5 1.00
510 511  0  5 1.00
510 512  0  5 1.00
511 512  0  5 1.00
511 513  0  5 1.00
512 513  0  5 1.00
512 514  0  5 1.00
513 514  0  5 1.00
513 515  0  5 1.00
514 515  0  5 1.00
514 516  0  5 1.00
515 516  0  5 1.00
515 517  0  5 1.00
516 517  0  5 1.00
516 518  0  5 1.00
517 518  0  5 1.00
517 519  0  5 1.00
518 519  0  5 1.00
END
HELX_P HELX_P1  AA1 ALA A 14  ? TYR A 20  ? ALA A 14  TYR A 20  1 ? 7  
HELX_P HELX_P2  AA2 ASP A 34  ? SER A 38  ? ASP A 34  SER A 38  5 ? 5  
HELX_P HELX_P3  AA3 ASN A 56  ? LEU A 58  ? ASN A 56  LEU A 58  5 ? 3  
HELX_P HELX_P4  AA4 ALA A 59  ? LYS A 71  ? ALA A 59  LYS A 71  1 ? 13 
HELX_P HELX_P5  AA5 THR A 72  ? ALA A 74  ? THR A 72  ALA A 74  5 ? 3  
HELX_P HELX_P6  AA6 LYS A 78  ? GLY A 81  ? LYS A 78  GLY A 81  5 ? 4  
HELX_P HELX_P7  AA7 ASP A 90  ? SER A 100 ? ASP A 90  SER A 100 1 ? 11 
HELX_P HELX_P8  AA8 ASP A 232 ? ASN A 236 ? ASP A 232 ASN A 236 5 ? 5  
HELX_P HELX_P9  AA9 THR A 486 ? THR A 490 ? THR A 486 THR A 490 5 ? 5 