7cm9 748
 35  36  0  5 1.00
 35  37  0  5 1.00
 35  39  0  5 1.00
 35  40  0  5 1.00
 35 159  0  5 1.00
 36  37  0  5 1.00
 36  38  0  5 1.00
 36  39  0  5 1.00
 36  40  0  5 1.00
 36 159  0  5 1.00
 36 160  0  5 1.00
 37  38  0  5 1.00
 37  39  0  5 1.00
 37  40  0  5 1.00
 37  41  0  5 1.00
 37 160  0  5 1.00
 38  39  0  5 1.00
 38  40  0  5 1.00
 38  41  0  5 1.00
 38  42  0  5 1.00
 39  40  0  5 1.00
 39  41  0  5 1.00
 39  42  0  5 1.00
 39  43  0  5 1.00
 40  41  0  5 1.00
 40  42  0  5 1.00
 40  43  0  5 1.00
 40  44  0  5 1.00
 40 129  0  5 1.00
 41  42  0  5 1.00
 41  43  0  5 1.00
 41  44  0  5 1.00
 41  45  0  5 1.00
 42  43  0  5 1.00
 42  44  0  5 1.00
 42  45  0  5 1.00
 42  46  0  5 1.00
 43  44  0  5 1.00
 43  45  0  5 1.00
 43  46  0  5 1.00
 43  47  0  5 1.00
 44  45  0  5 1.00
 44  46  0  5 1.00
 45  46  0  5 1.00
 45  47  0  5 1.00
 46  47  0  5 1.00
 46  48  0  5 1.00
 47  48  0  5 1.00
 47  49  0  5 1.00
 47 176  0  5 1.00
 48  49  0  5 1.00
 48  50  0  5 1.00
 48  76  0  5 1.00
 49  50  0  5 1.00
 49  51  0  5 1.00
 49  76  0  5 1.00
 49  77  0  5 1.00
 50  51  0  5 1.00
 50  52  0  5 1.00
 50  77  0  5 1.00
 50 103  0  5 1.00
 50 104  0  5 1.00
 50 105  0  5 1.00
 50 106  0  5 1.00
 51  52  0  5 1.00
 51  53  0  5 1.00
 51  77  0  5 1.00
 51  78  0  5 1.00
 51  79  0  5 1.00
 51 106  0  5 1.00
 52  53  0  5 1.00
 52  54  0  5 1.00
 52  79  0  5 1.00
 52 106  0  5 1.00
 52 107  0  5 1.00
 52 108  0  5 1.00
 53  54  0  5 1.00
 53  55  0  5 1.00
 53  56  0  5 1.00
 53  79  0  5 1.00
 53  80  0  5 1.00
 53  81  0  5 1.00
 53 108  0  5 1.00
 54  55  0  5 1.00
 54  56  0  5 1.00
 54  81  0  5 1.00
 54 108  0  5 1.00
 54 109  0  5 1.00
 54 110  0  5 1.00
 54 111  0  5 1.00
 55  56  0  5 1.00
 55  57  0  5 1.00
 55  81  0  5 1.00
 55  82  0  5 1.00
 55 110  0  5 1.00
 55 111  0  5 1.00
 56  57  0  5 1.00
 56  58  0  5 1.00
 56  81  0  5 1.00
 56  82  0  5 1.00
 57  58  0  5 1.00
 57  59  0  5 1.00
 57  62  0  5 1.00
 57  63  0  5 1.00
 58  59  0  5 1.00
 58  60  0  5 1.00
 59  60  0  5 1.00
 59  61  0  5 1.00
 59  62  0  5 1.00
 59  63  0  5 1.00
 60  61  0  5 1.00
 60  62  0  5 1.00
 60  63  0  5 1.00
 60  64  0  5 1.00
 60  65  0  5 1.00
 61  62  0  5 1.00
 61  63  0  5 1.00
 61  64  0  5 1.00
 61  65  0  5 1.00
 62  63  0  5 1.00
 62  64  0  5 1.00
 62  65  0  5 1.00
 62  66  0  5 1.00
 62  67  0  5 1.00
 63  64  0  5 1.00
 63  65  0  5 1.00
 63  66  0  5 1.00
 63  67  0  5 1.00
 63  68  0  5 1.00
 64  65  0  5 1.00
 64  66  0  5 1.00
 64  67  0  5 1.00
 64  68  0  5 1.00
 64  69  0  5 1.00
 64 181  0  5 1.00
 65  66  0  5 1.00
 65  67  0  5 1.00
 65  68  0  5 1.00
 65  69  0  5 1.00
 65  70  0  5 1.00
 65 179  0  5 1.00
 65 181  0  5 1.00
 66  67  0  5 1.00
 66  68  0  5 1.00
 66  69  0  5 1.00
 66  70  0  5 1.00
 66  71  0  5 1.00
 67  68  0  5 1.00
 67  69  0  5 1.00
 67  70  0  5 1.00
 67  71  0  5 1.00
 67  72  0  5 1.00
 68  69  0  5 1.00
 68  70  0  5 1.00
 68  71  0  5 1.00
 68  72  0  5 1.00
 68  73  0  5 1.00
 69  70  0  5 1.00
 69  71  0  5 1.00
 69  72  0  5 1.00
 69  73  0  5 1.00
 69  74  0  5 1.00
 70  71  0  5 1.00
 70  72  0  5 1.00
 70  73  0  5 1.00
 70  74  0  5 1.00
 71  72  0  5 1.00
 71  73  0  5 1.00
 72  73  0  5 1.00
 72  74  0  5 1.00
 72 177  0  5 1.00
 73  74  0  5 1.00
 73  75  0  5 1.00
 73 177  0  5 1.00
 74  75  0  5 1.00
 74  76  0  5 1.00
 74 177  0  5 1.00
 75  76  0  5 1.00
 75  77  0  5 1.00
 76  77  0  5 1.00
 76  78  0  5 1.00
 77  78  0  5 1.00
 77  79  0  5 1.00
 78  79  0  5 1.00
 78  80  0  5 1.00
 79  80  0  5 1.00
 79  81  0  5 1.00
 80  81  0  5 1.00
 80  82  0  5 1.00
 80  92  0  5 1.00
 80  93  0  5 1.00
 80  94  0  5 1.00
 81  82  0  5 1.00
 81  83  0  5 1.00
 81  94  0  5 1.00
 82  83  0  5 1.00
 82  84  0  5 1.00
 82  85  0  5 1.00
 82  93  0  5 1.00
 82  94  0  5 1.00
 82  95  0  5 1.00
 83  84  0  5 1.00
 83  85  0  5 1.00
 83  94  0  5 1.00
 83  95  0  5 1.00
 84  85  0  5 1.00
 84  86  0  5 1.00
 85  86  0  5 1.00
 85  87  0  5 1.00
 85  93  0  5 1.00
 85  94  0  5 1.00
 86  87  0  5 1.00
 86  88  0  5 1.00
 86  91  0  5 1.00
 86  92  0  5 1.00
 86  93  0  5 1.00
 87  88  0  5 1.00
 87  89  0  5 1.00
 87  90  0  5 1.00
 87  91  0  5 1.00
 87  92  0  5 1.00
 87  93  0  5 1.00
 88  89  0  5 1.00
 88  90  0  5 1.00
 88  91  0  5 1.00
 88  92  0  5 1.00
 88  93  0  5 1.00
 89  90  0  5 1.00
 89  91  0  5 1.00
 90  91  0  5 1.00
 90  92  0  5 1.00
 91  92  0  5 1.00
 91  93  0  5 1.00
 92  93  0  5 1.00
 92  94  0  5 1.00
 93  94  0  5 1.00
 93  95  0  5 1.00
 94  95  0  5 1.00
 94  96  0  5 1.00
 95  96  0  5 1.00
 95  97  0  5 1.00
 96  97  0  5 1.00
 96  98  0  5 1.00
 96  99  0  5 1.00
 96 100  0  5 1.00
 97  98  0  5 1.00
 97  99  0  5 1.00
 97 100  0  5 1.00
 98  99  0  5 1.00
 98 100  0  5 1.00
 99 100  0  5 1.00
 99 101  0  5 1.00
100 101  0  5 1.00
100 102  0  5 1.00
101 102  0  5 1.00
101 103  0  5 1.00
102 103  0  5 1.00
102 104  0  5 1.00
103 104  0  5 1.00
103 105  0  5 1.00
104 105  0  5 1.00
104 106  0  5 1.00
104 126  0  5 1.00
104 127  0  5 1.00
104 128  0  5 1.00
104 129  0  5 1.00
105 106  0  5 1.00
105 107  0  5 1.00
105 128  0  5 1.00
105 129  0  5 1.00
105 130  0  5 1.00
106 107  0  5 1.00
106 108  0  5 1.00
106 130  0  5 1.00
107 108  0  5 1.00
107 109  0  5 1.00
107 130  0  5 1.00
107 131  0  5 1.00
107 132  0  5 1.00
108 109  0  5 1.00
108 110  0  5 1.00
108 132  0  5 1.00
109 110  0  5 1.00
109 111  0  5 1.00
109 132  0  5 1.00
109 133  0  5 1.00
109 134  0  5 1.00
110 111  0  5 1.00
110 112  0  5 1.00
111 112  0  5 1.00
111 113  0  5 1.00
112 113  0  5 1.00
112 114  0  5 1.00
112 115  0  5 1.00
112 116  0  5 1.00
113 114  0  5 1.00
113 115  0  5 1.00
113 116  0  5 1.00
113 117  0  5 1.00
114 115  0  5 1.00
114 116  0  5 1.00
114 117  0  5 1.00
114 118  0  5 1.00
115 116  0  5 1.00
115 117  0  5 1.00
115 118  0  5 1.00
115 119  0  5 1.00
116 117  0  5 1.00
116 118  0  5 1.00
116 119  0  5 1.00
116 120  0  5 1.00
116 121  0  5 1.00
117 118  0  5 1.00
117 119  0  5 1.00
117 120  0  5 1.00
117 121  0  5 1.00
118 119  0  5 1.00
118 120  0  5 1.00
118 121  0  5 1.00
118 122  0  5 1.00
119 120  0  5 1.00
119 121  0  5 1.00
119 122  0  5 1.00
119 123  0  5 1.00
119 124  0  5 1.00
120 121  0  5 1.00
120 122  0  5 1.00
120 123  0  5 1.00
120 124  0  5 1.00
120 125  0  5 1.00
120 155  0  5 1.00
121 122  0  5 1.00
121 123  0  5 1.00
121 124  0  5 1.00
121 125  0  5 1.00
121 155  0  5 1.00
122 123  0  5 1.00
122 124  0  5 1.00
122 125  0  5 1.00
122 126  0  5 1.00
123 124  0  5 1.00
123 125  0  5 1.00
123 126  0  5 1.00
123 127  0  5 1.00
123 128  0  5 1.00
124 125  0  5 1.00
124 126  0  5 1.00
124 127  0  5 1.00
124 128  0  5 1.00
124 155  0  5 1.00
125 126  0  5 1.00
125 127  0  5 1.00
126 127  0  5 1.00
126 128  0  5 1.00
127 128  0  5 1.00
127 129  0  5 1.00
128 129  0  5 1.00
128 130  0  5 1.00
128 161  0  5 1.00
129 130  0  5 1.00
129 131  0  5 1.00
129 160  0  5 1.00
129 161  0  5 1.00
129 162  0  5 1.00
130 131  0  5 1.00
130 132  0  5 1.00
130 162  0  5 1.00
131 132  0  5 1.00
131 133  0  5 1.00
131 162  0  5 1.00
131 163  0  5 1.00
131 164  0  5 1.00
132 133  0  5 1.00
132 134  0  5 1.00
132 164  0  5 1.00
133 134  0  5 1.00
133 135  0  5 1.00
133 164  0  5 1.00
133 165  0  5 1.00
133 166  0  5 1.00
133 167  0  5 1.00
133 168  0  5 1.00
134 135  0  5 1.00
134 136  0  5 1.00
134 166  0  5 1.00
134 167  0  5 1.00
134 168  0  5 1.00
134 169  0  5 1.00
135 136  0  5 1.00
135 137  0  5 1.00
135 166  0  5 1.00
135 167  0  5 1.00
135 168  0  5 1.00
136 137  0  5 1.00
136 138  0  5 1.00
136 167  0  5 1.00
137 138  0  5 1.00
137 139  0  5 1.00
137 141  0  5 1.00
137 145  0  5 1.00
138 139  0  5 1.00
138 140  0  5 1.00
138 141  0  5 1.00
138 142  0  5 1.00
138 145  0  5 1.00
138 146  0  5 1.00
139 140  0  5 1.00
139 141  0  5 1.00
139 142  0  5 1.00
139 145  0  5 1.00
139 146  0  5 1.00
140 141  0  5 1.00
140 142  0  5 1.00
141 142  0  5 1.00
141 143  0  5 1.00
142 143  0  5 1.00
142 144  0  5 1.00
142 145  0  5 1.00
142 146  0  5 1.00
143 144  0  5 1.00
143 145  0  5 1.00
143 146  0  5 1.00
143 147  0  5 1.00
144 145  0  5 1.00
144 146  0  5 1.00
144 147  0  5 1.00
144 148  0  5 1.00
145 146  0  5 1.00
145 147  0  5 1.00
145 148  0  5 1.00
145 149  0  5 1.00
146 147  0  5 1.00
146 148  0  5 1.00
146 149  0  5 1.00
146 150  0  5 1.00
146 151  0  5 1.00
147 148  0  5 1.00
147 149  0  5 1.00
147 150  0  5 1.00
147 151  0  5 1.00
147 152  0  5 1.00
148 149  0  5 1.00
148 150  0  5 1.00
148 151  0  5 1.00
148 152  0  5 1.00
149 150  0  5 1.00
149 151  0  5 1.00
149 152  0  5 1.00
149 153  0  5 1.00
149 154  0  5 1.00
150 151  0  5 1.00
150 152  0  5 1.00
150 153  0  5 1.00
150 154  0  5 1.00
150 155  0  5 1.00
151 152  0  5 1.00
151 153  0  5 1.00
151 154  0  5 1.00
151 155  0  5 1.00
152 153  0  5 1.00
152 154  0  5 1.00
152 155  0  5 1.00
152 156  0  5 1.00
153 154  0  5 1.00
153 155  0  5 1.00
153 156  0  5 1.00
153 157  0  5 1.00
154 155  0  5 1.00
154 156  0  5 1.00
154 157  0  5 1.00
154 158  0  5 1.00
155 156  0  5 1.00
155 157  0  5 1.00
155 158  0  5 1.00
155 159  0  5 1.00
156 157  0  5 1.00
156 158  0  5 1.00
156 159  0  5 1.00
156 160  0  5 1.00
156 161  0  5 1.00
157 158  0  5 1.00
157 159  0  5 1.00
157 160  0  5 1.00
158 159  0  5 1.00
158 160  0  5 1.00
159 160  0  5 1.00
159 161  0  5 1.00
160 161  0  5 1.00
160 162  0  5 1.00
161 162  0  5 1.00
161 163  0  5 1.00
162 163  0  5 1.00
162 164  0  5 1.00
163 164  0  5 1.00
163 165  0  5 1.00
163 228  0  5 1.00
163 229  0  5 1.00
164 165  0  5 1.00
164 166  0  5 1.00
165 166  0  5 1.00
165 167  0  5 1.00
165 223  0  5 1.00
165 224  0  5 1.00
165 225  0  5 1.00
165 226  0  5 1.00
165 227  0  5 1.00
165 228  0  5 1.00
166 167  0  5 1.00
166 168  0  5 1.00
166 223  0  5 1.00
166 224  0  5 1.00
166 225  0  5 1.00
166 226  0  5 1.00
166 227  0  5 1.00
167 168  0  5 1.00
167 169  0  5 1.00
167 224  0  5 1.00
167 225  0  5 1.00
168 169  0  5 1.00
168 170  0  5 1.00
168 224  0  5 1.00
169 170  0  5 1.00
169 171  0  5 1.00
169 180  0  5 1.00
169 181  0  5 1.00
169 182  0  5 1.00
170 171  0  5 1.00
170 172  0  5 1.00
170 180  0  5 1.00
170 181  0  5 1.00
170 182  0  5 1.00
170 220  0  5 1.00
170 221  0  5 1.00
170 222  0  5 1.00
171 172  0  5 1.00
171 173  0  5 1.00
171 178  0  5 1.00
171 179  0  5 1.00
171 180  0  5 1.00
171 181  0  5 1.00
171 220  0  5 1.00
171 221  0  5 1.00
171 222  0  5 1.00
172 173  0  5 1.00
172 174  0  5 1.00
172 178  0  5 1.00
172 179  0  5 1.00
172 218  0  5 1.00
172 219  0  5 1.00
172 220  0  5 1.00
173 174  0  5 1.00
173 175  0  5 1.00
173 176  0  5 1.00
173 177  0  5 1.00
173 178  0  5 1.00
173 218  0  5 1.00
173 219  0  5 1.00
174 175  0  5 1.00
174 176  0  5 1.00
174 177  0  5 1.00
174 217  0  5 1.00
174 218  0  5 1.00
174 219  0  5 1.00
175 176  0  5 1.00
175 177  0  5 1.00
175 218  0  5 1.00
176 177  0  5 1.00
176 178  0  5 1.00
177 178  0  5 1.00
177 179  0  5 1.00
178 179  0  5 1.00
178 180  0  5 1.00
179 180  0  5 1.00
179 181  0  5 1.00
180 181  0  5 1.00
180 182  0  5 1.00
181 182  0  5 1.00
181 183  0  5 1.00
182 183  0  5 1.00
182 184  0  5 1.00
183 184  0  5 1.00
183 185  0  5 1.00
184 185  0  5 1.00
184 186  0  5 1.00
185 186  0  5 1.00
185 187  0  5 1.00
185 192  0  5 1.00
186 187  0  5 1.00
186 188  0  5 1.00
187 188  0  5 1.00
187 189  0  5 1.00
187 190  0  5 1.00
187 191  0  5 1.00
188 189  0  5 1.00
188 190  0  5 1.00
188 191  0  5 1.00
189 190  0  5 1.00
189 191  0  5 1.00
190 191  0  5 1.00
190 192  0  5 1.00
191 192  0  5 1.00
191 193  0  5 1.00
192 193  0  5 1.00
192 194  0  5 1.00
193 194  0  5 1.00
193 195  0  5 1.00
193 215  0  5 1.00
193 216  0  5 1.00
193 217  0  5 1.00
194 195  0  5 1.00
194 196  0  5 1.00
194 216  0  5 1.00
194 217  0  5 1.00
195 196  0  5 1.00
195 197  0  5 1.00
195 216  0  5 1.00
195 217  0  5 1.00
195 218  0  5 1.00
195 243  0  5 1.00
196 197  0  5 1.00
196 198  0  5 1.00
196 216  0  5 1.00
196 217  0  5 1.00
196 218  0  5 1.00
196 243  0  5 1.00
196 244  0  5 1.00
196 245  0  5 1.00
196 246  0  5 1.00
197 198  0  5 1.00
197 199  0  5 1.00
197 216  0  5 1.00
197 217  0  5 1.00
197 218  0  5 1.00
197 219  0  5 1.00
197 246  0  5 1.00
198 199  0  5 1.00
198 200  0  5 1.00
198 218  0  5 1.00
198 219  0  5 1.00
198 246  0  5 1.00
198 247  0  5 1.00
198 248  0  5 1.00
199 200  0  5 1.00
199 201  0  5 1.00
199 219  0  5 1.00
199 220  0  5 1.00
199 221  0  5 1.00
199 248  0  5 1.00
200 201  0  5 1.00
200 202  0  5 1.00
200 221  0  5 1.00
200 248  0  5 1.00
200 249  0  5 1.00
200 250  0  5 1.00
201 202  0  5 1.00
201 203  0  5 1.00
201 221  0  5 1.00
201 222  0  5 1.00
201 223  0  5 1.00
201 224  0  5 1.00
201 250  0  5 1.00
202 203  0  5 1.00
202 204  0  5 1.00
202 223  0  5 1.00
202 250  0  5 1.00
203 204  0  5 1.00
203 205  0  5 1.00
203 206  0  5 1.00
203 207  0  5 1.00
203 250  0  5 1.00
204 205  0  5 1.00
204 206  0  5 1.00
204 207  0  5 1.00
204 208  0  5 1.00
205 206  0  5 1.00
205 207  0  5 1.00
205 208  0  5 1.00
205 209  0  5 1.00
206 207  0  5 1.00
206 208  0  5 1.00
206 209  0  5 1.00
206 210  0  5 1.00
207 208  0  5 1.00
207 209  0  5 1.00
207 210  0  5 1.00
207 211  0  5 1.00
207 212  0  5 1.00
208 209  0  5 1.00
208 210  0  5 1.00
208 211  0  5 1.00
208 212  0  5 1.00
208 213  0  5 1.00
209 210  0  5 1.00
209 211  0  5 1.00
209 212  0  5 1.00
209 213  0  5 1.00
210 211  0  5 1.00
210 212  0  5 1.00
210 213  0  5 1.00
211 212  0  5 1.00
211 213  0  5 1.00
212 213  0  5 1.00
212 214  0  5 1.00
213 214  0  5 1.00
213 215  0  5 1.00
214 215  0  5 1.00
214 216  0  5 1.00
215 216  0  5 1.00
215 217  0  5 1.00
216 217  0  5 1.00
216 218  0  5 1.00
217 218  0  5 1.00
217 219  0  5 1.00
218 219  0  5 1.00
218 220  0  5 1.00
218 243  0  5 1.00
219 220  0  5 1.00
219 221  0  5 1.00
220 221  0  5 1.00
220 222  0  5 1.00
221 222  0  5 1.00
221 223  0  5 1.00
222 223  0  5 1.00
222 224  0  5 1.00
223 224  0  5 1.00
223 225  0  5 1.00
223 226  0  5 1.00
223 229  0  5 1.00
224 225  0  5 1.00
224 226  0  5 1.00
225 226  0  5 1.00
225 227  0  5 1.00
226 227  0  5 1.00
226 228  0  5 1.00
226 229  0  5 1.00
226 230  0  5 1.00
227 228  0  5 1.00
227 229  0  5 1.00
228 229  0  5 1.00
228 230  0  5 1.00
229 230  0  5 1.00
229 231  0  5 1.00
230 231  0  5 1.00
230 232  0  5 1.00
230 233  0  5 1.00
230 234  0  5 1.00
231 232  0  5 1.00
231 233  0  5 1.00
231 234  0  5 1.00
231 235  0  5 1.00
231 236  0  5 1.00
232 233  0  5 1.00
232 234  0  5 1.00
232 235  0  5 1.00
232 236  0  5 1.00
232 259  0  5 1.00
232 260  0  5 1.00
233 234  0  5 1.00
233 235  0  5 1.00
233 236  0  5 1.00
233 237  0  5 1.00
234 235  0  5 1.00
234 236  0  5 1.00
234 237  0  5 1.00
234 238  0  5 1.00
235 236  0  5 1.00
235 237  0  5 1.00
235 238  0  5 1.00
235 239  0  5 1.00
236 237  0  5 1.00
236 238  0  5 1.00
236 239  0  5 1.00
236 240  0  5 1.00
237 238  0  5 1.00
237 239  0  5 1.00
237 240  0  5 1.00
237 241  0  5 1.00
238 239  0  5 1.00
238 240  0  5 1.00
238 241  0  5 1.00
238 244  0  5 1.00
239 240  0  5 1.00
239 241  0  5 1.00
239 266  0  5 1.00
239 267  0  5 1.00
239 270  0  5 1.00
240 241  0  5 1.00
240 242  0  5 1.00
241 242  0  5 1.00
241 243  0  5 1.00
241 244  0  5 1.00
242 243  0  5 1.00
242 244  0  5 1.00
243 244  0  5 1.00
243 245  0  5 1.00
244 245  0  5 1.00
244 246  0  5 1.00
245 246  0  5 1.00
245 247  0  5 1.00
245 271  0  5 1.00
245 272  0  5 1.00
245 273  0  5 1.00
246 247  0  5 1.00
246 248  0  5 1.00
246 273  0  5 1.00
247 248  0  5 1.00
247 249  0  5 1.00
247 273  0  5 1.00
247 274  0  5 1.00
247 275  0  5 1.00
248 249  0  5 1.00
248 250  0  5 1.00
248 275  0  5 1.00
249 250  0  5 1.00
249 251  0  5 1.00
249 275  0  5 1.00
249 276  0  5 1.00
249 277  0  5 1.00
250 251  0  5 1.00
250 252  0  5 1.00
250 277  0  5 1.00
251 252  0  5 1.00
251 253  0  5 1.00
251 277  0  5 1.00
251 278  0  5 1.00
251 279  0  5 1.00
252 253  0  5 1.00
252 254  0  5 1.00
252 279  0  5 1.00
253 254  0  5 1.00
253 255  0  5 1.00
254 255  0  5 1.00
254 256  0  5 1.00
255 256  0  5 1.00
255 257  0  5 1.00
256 257  0  5 1.00
256 258  0  5 1.00
256 259  0  5 1.00
256 260  0  5 1.00
256 261  0  5 1.00
257 258  0  5 1.00
257 259  0  5 1.00
257 260  0  5 1.00
257 261  0  5 1.00
257 262  0  5 1.00
258 259  0  5 1.00
258 260  0  5 1.00
258 261  0  5 1.00
258 262  0  5 1.00
259 260  0  5 1.00
259 261  0  5 1.00
259 262  0  5 1.00
259 263  0  5 1.00
260 261  0  5 1.00
260 262  0  5 1.00
260 263  0  5 1.00
260 264  0  5 1.00
261 262  0  5 1.00
261 263  0  5 1.00
261 264  0  5 1.00
261 265  0  5 1.00
262 263  0  5 1.00
262 264  0  5 1.00
262 265  0  5 1.00
262 266  0  5 1.00
263 264  0  5 1.00
263 265  0  5 1.00
263 266  0  5 1.00
263 267  0  5 1.00
264 265  0  5 1.00
264 266  0  5 1.00
264 267  0  5 1.00
264 268  0  5 1.00
264 310  0  5 1.00
265 266  0  5 1.00
265 267  0  5 1.00
265 268  0  5 1.00
265 269  0  5 1.00
265 270  0  5 1.00
266 267  0  5 1.00
266 268  0  5 1.00
266 269  0  5 1.00
266 270  0  5 1.00
267 268  0  5 1.00
267 269  0  5 1.00
267 270  0  5 1.00
267 271  0  5 1.00
267 272  0  5 1.00
268 269  0  5 1.00
268 270  0  5 1.00
268 271  0  5 1.00
268 272  0  5 1.00
269 270  0  5 1.00
269 271  0  5 1.00
270 271  0  5 1.00
270 272  0  5 1.00
271 272  0  5 1.00
271 273  0  5 1.00
272 273  0  5 1.00
272 274  0  5 1.00
273 274  0  5 1.00
273 275  0  5 1.00
274 275  0  5 1.00
274 276  0  5 1.00
274 311  0  5 1.00
274 312  0  5 1.00
274 313  0  5 1.00
275 276  0  5 1.00
275 277  0  5 1.00
275 313  0  5 1.00
276 277  0  5 1.00
276 278  0  5 1.00
276 313  0  5 1.00
276 314  0  5 1.00
276 315  0  5 1.00
277 278  0  5 1.00
277 279  0  5 1.00
277 315  0  5 1.00
278 279  0  5 1.00
278 280  0  5 1.00
278 281  0  5 1.00
278 315  0  5 1.00
279 280  0  5 1.00
279 281  0  5 1.00
280 281  0  5 1.00
280 282  0  5 1.00
280 283  0  5 1.00
281 282  0  5 1.00
281 283  0  5 1.00
282 283  0  5 1.00
282 284  0  5 1.00
283 284  0  5 1.00
283 285  0  5 1.00
284 285  0  5 1.00
284 286  0  5 1.00
285 286  0  5 1.00
285 287  0  5 1.00
286 287  0  5 1.00
286 288  0  5 1.00
287 288  0  5 1.00
287 289  0  5 1.00
288 289  0  5 1.00
288 290  0  5 1.00
289 290  0  5 1.00
289 291  0  5 1.00
289 294  0  5 1.00
290 291  0  5 1.00
290 292  0  5 1.00
291 292  0  5 1.00
291 293  0  5 1.00
291 294  0  5 1.00
291 295  0  5 1.00
292 293  0  5 1.00
292 294  0  5 1.00
292 295  0  5 1.00
292 296  0  5 1.00
292 297  0  5 1.00
293 294  0  5 1.00
293 295  0  5 1.00
293 296  0  5 1.00
293 297  0  5 1.00
293 298  0  5 1.00
294 295  0  5 1.00
294 296  0  5 1.00
294 297  0  5 1.00
294 298  0  5 1.00
295 296  0  5 1.00
295 297  0  5 1.00
295 298  0  5 1.00
296 297  0  5 1.00
296 298  0  5 1.00
297 298  0  5 1.00
297 299  0  5 1.00
298 299  0  5 1.00
298 300  0  5 1.00
298 301  0  5 1.00
298 302  0  5 1.00
299 300  0  5 1.00
299 301  0  5 1.00
299 302  0  5 1.00
299 303  0  5 1.00
299 304  0  5 1.00
300 301  0  5 1.00
300 302  0  5 1.00
300 303  0  5 1.00
300 304  0  5 1.00
301 302  0  5 1.00
301 303  0  5 1.00
301 304  0  5 1.00
301 305  0  5 1.00
302 303  0  5 1.00
302 304  0  5 1.00
302 305  0  5 1.00
302 306  0  5 1.00
303 304  0  5 1.00
303 305  0  5 1.00
303 306  0  5 1.00
303 307  0  5 1.00
303 308  0  5 1.00
304 305  0  5 1.00
304 306  0  5 1.00
304 307  0  5 1.00
304 308  0  5 1.00
304 309  0  5 1.00
305 306  0  5 1.00
305 307  0  5 1.00
305 308  0  5 1.00
305 309  0  5 1.00
306 307  0  5 1.00
306 308  0  5 1.00
306 309  0  5 1.00
306 310  0  5 1.00
307 308  0  5 1.00
307 309  0  5 1.00
307 310  0  5 1.00
307 311  0  5 1.00
307 312  0  5 1.00
308 309  0  5 1.00
308 310  0  5 1.00
308 311  0  5 1.00
308 312  0  5 1.00
309 310  0  5 1.00
309 311  0  5 1.00
309 505  0  5 1.00
309 506  0  5 1.00
310 311  0  5 1.00
310 312  0  5 1.00
311 312  0  5 1.00
311 313  0  5 1.00
312 313  0  5 1.00
312 314  0  5 1.00
313 314  0  5 1.00
313 315  0  5 1.00
314 315  0  5 1.00
314 316  0  5 1.00
315 316  0  5 1.00
315 317  0  5 1.00
316 317  0  5 1.00
316 318  0  5 1.00
317 318  0  5 1.00
317 319  0  5 1.00
317 320  0  5 1.00
317 321  0  5 1.00
318 319  0  5 1.00
318 320  0  5 1.00
318 321  0  5 1.00
318 322  0  5 1.00
318 323  0  5 1.00
319 320  0  5 1.00
319 321  0  5 1.00
319 322  0  5 1.00
319 323  0  5 1.00
320 321  0  5 1.00
320 322  0  5 1.00
320 323  0  5 1.00
320 324  0  5 1.00
320 325  0  5 1.00
321 322  0  5 1.00
321 323  0  5 1.00
321 324  0  5 1.00
321 325  0  5 1.00
321 326  0  5 1.00
322 323  0  5 1.00
322 324  0  5 1.00
322 325  0  5 1.00
322 326  0  5 1.00
322 327  0  5 1.00
323 324  0  5 1.00
323 325  0  5 1.00
323 326  0  5 1.00
323 327  0  5 1.00
323 489  0  5 1.00
324 325  0  5 1.00
324 326  0  5 1.00
324 327  0  5 1.00
324 328  0  5 1.00
324 489  0  5 1.00
325 326  0  5 1.00
325 327  0  5 1.00
325 328  0  5 1.00
325 329  0  5 1.00
326 327  0  5 1.00
326 328  0  5 1.00
326 329  0  5 1.00
326 330  0  5 1.00
326 478  0  5 1.00
327 328  0  5 1.00
327 329  0  5 1.00
327 330  0  5 1.00
328 329  0  5 1.00
328 330  0  5 1.00
328 331  0  5 1.00
329 330  0  5 1.00
329 331  0  5 1.00
330 331  0  5 1.00
330 332  0  5 1.00
331 332  0  5 1.00
331 333  0  5 1.00
332 333  0  5 1.00
332 334  0  5 1.00
332 451  0  5 1.00
332 453  0  5 1.00
333 334  0  5 1.00
333 335  0  5 1.00
333 451  0  5 1.00
333 452  0  5 1.00
333 453  0  5 1.00
334 335  0  5 1.00
334 336  0  5 1.00
334 416  0  5 1.00
335 336  0  5 1.00
335 337  0  5 1.00
335 416  0  5 1.00
336 337  0  5 1.00
336 338  0  5 1.00
336 416  0  5 1.00
336 417  0  5 1.00
337 338  0  5 1.00
337 339  0  5 1.00
337 362  0  5 1.00
338 339  0  5 1.00
338 340  0  5 1.00
338 362  0  5 1.00
338 414  0  5 1.00
338 415  0  5 1.00
338 416  0  5 1.00
338 417  0  5 1.00
339 340  0  5 1.00
339 341  0  5 1.00
339 362  0  5 1.00
339 363  0  5 1.00
339 364  0  5 1.00
339 416  0  5 1.00
339 417  0  5 1.00
340 341  0  5 1.00
340 342  0  5 1.00
340 417  0  5 1.00
340 418  0  5 1.00
340 419  0  5 1.00
341 342  0  5 1.00
341 343  0  5 1.00
341 386  0  5 1.00
341 387  0  5 1.00
341 388  0  5 1.00
341 419  0  5 1.00
342 343  0  5 1.00
342 344  0  5 1.00
342 388  0  5 1.00
342 419  0  5 1.00
342 420  0  5 1.00
342 421  0  5 1.00
342 422  0  5 1.00
343 344  0  5 1.00
343 345  0  5 1.00
343 388  0  5 1.00
343 389  0  5 1.00
343 390  0  5 1.00
343 391  0  5 1.00
343 421  0  5 1.00
344 345  0  5 1.00
344 346  0  5 1.00
344 390  0  5 1.00
344 391  0  5 1.00
344 421  0  5 1.00
345 346  0  5 1.00
345 347  0  5 1.00
345 348  0  5 1.00
345 349  0  5 1.00
345 350  0  5 1.00
345 389  0  5 1.00
346 347  0  5 1.00
346 348  0  5 1.00
346 349  0  5 1.00
346 350  0  5 1.00
347 348  0  5 1.00
347 349  0  5 1.00
347 350  0  5 1.00
347 351  0  5 1.00
348 349  0  5 1.00
348 350  0  5 1.00
348 351  0  5 1.00
348 352  0  5 1.00
348 353  0  5 1.00
349 350  0  5 1.00
349 351  0  5 1.00
349 352  0  5 1.00
349 353  0  5 1.00
350 351  0  5 1.00
350 352  0  5 1.00
350 353  0  5 1.00
350 354  0  5 1.00
351 352  0  5 1.00
351 353  0  5 1.00
351 354  0  5 1.00
351 355  0  5 1.00
351 356  0  5 1.00
352 353  0  5 1.00
352 354  0  5 1.00
352 355  0  5 1.00
352 356  0  5 1.00
353 354  0  5 1.00
353 355  0  5 1.00
353 356  0  5 1.00
353 357  0  5 1.00
354 355  0  5 1.00
354 356  0  5 1.00
354 357  0  5 1.00
354 358  0  5 1.00
355 356  0  5 1.00
355 357  0  5 1.00
355 358  0  5 1.00
355 359  0  5 1.00
355 360  0  5 1.00
356 357  0  5 1.00
356 358  0  5 1.00
356 359  0  5 1.00
356 360  0  5 1.00
356 361  0  5 1.00
357 358  0  5 1.00
357 359  0  5 1.00
357 360  0  5 1.00
357 361  0  5 1.00
358 359  0  5 1.00
358 360  0  5 1.00
359 360  0  5 1.00
359 361  0  5 1.00
360 361  0  5 1.00
360 362  0  5 1.00
361 362  0  5 1.00
361 363  0  5 1.00
362 363  0  5 1.00
362 364  0  5 1.00
363 364  0  5 1.00
363 365  0  5 1.00
363 386  0  5 1.00
364 365  0  5 1.00
364 366  0  5 1.00
364 386  0  5 1.00
365 366  0  5 1.00
365 367  0  5 1.00
366 367  0  5 1.00
366 368  0  5 1.00
367 368  0  5 1.00
367 369  0  5 1.00
367 370  0  5 1.00
367 371  0  5 1.00
367 372  0  5 1.00
368 369  0  5 1.00
368 370  0  5 1.00
368 371  0  5 1.00
368 372  0  5 1.00
368 373  0  5 1.00
369 370  0  5 1.00
369 371  0  5 1.00
369 372  0  5 1.00
369 373  0  5 1.00
369 374  0  5 1.00
370 371  0  5 1.00
370 372  0  5 1.00
370 373  0  5 1.00
370 374  0  5 1.00
370 375  0  5 1.00
371 372  0  5 1.00
371 373  0  5 1.00
371 374  0  5 1.00
371 375  0  5 1.00
371 376  0  5 1.00
372 373  0  5 1.00
372 374  0  5 1.00
372 375  0  5 1.00
372 376  0  5 1.00
373 374  0  5 1.00
373 375  0  5 1.00
373 376  0  5 1.00
373 377  0  5 1.00
374 375  0  5 1.00
374 376  0  5 1.00
374 377  0  5 1.00
374 378  0  5 1.00
374 379  0  5 1.00
375 376  0  5 1.00
375 377  0  5 1.00
375 378  0  5 1.00
375 379  0  5 1.00
376 377  0  5 1.00
376 378  0  5 1.00
377 378  0  5 1.00
377 379  0  5 1.00
378 379  0  5 1.00
378 380  0  5 1.00
378 381  0  5 1.00
378 382  0  5 1.00
379 380  0  5 1.00
379 381  0  5 1.00
379 382  0  5 1.00
380 381  0  5 1.00
380 382  0  5 1.00
380 393  0  5 1.00
381 382  0  5 1.00
381 383  0  5 1.00
381 393  0  5 1.00
382 383  0  5 1.00
382 384  0  5 1.00
383 384  0  5 1.00
383 385  0  5 1.00
384 385  0  5 1.00
384 386  0  5 1.00
385 386  0  5 1.00
385 387  0  5 1.00
385 388  0  5 1.00
386 387  0  5 1.00
386 388  0  5 1.00
387 388  0  5 1.00
387 389  0  5 1.00
388 389  0  5 1.00
388 390  0  5 1.00
389 390  0  5 1.00
389 391  0  5 1.00
390 391  0  5 1.00
390 392  0  5 1.00
390 393  0  5 1.00
391 392  0  5 1.00
391 393  0  5 1.00
392 393  0  5 1.00
392 394  0  5 1.00
393 394  0  5 1.00
393 395  0  5 1.00
394 395  0  5 1.00
394 396  0  5 1.00
395 396  0  5 1.00
395 397  0  5 1.00
396 397  0  5 1.00
396 398  0  5 1.00
397 398  0  5 1.00
397 399  0  5 1.00
397 400  0  5 1.00
397 401  0  5 1.00
398 399  0  5 1.00
398 400  0  5 1.00
398 401  0  5 1.00
398 402  0  5 1.00
398 403  0  5 1.00
399 400  0  5 1.00
399 401  0  5 1.00
399 402  0  5 1.00
399 403  0  5 1.00
400 401  0  5 1.00
400 402  0  5 1.00
400 403  0  5 1.00
400 404  0  5 1.00
400 405  0  5 1.00
401 402  0  5 1.00
401 403  0  5 1.00
401 404  0  5 1.00
401 405  0  5 1.00
401 406  0  5 1.00
402 403  0  5 1.00
402 404  0  5 1.00
402 405  0  5 1.00
402 406  0  5 1.00
402 407  0  5 1.00
403 404  0  5 1.00
403 405  0  5 1.00
403 406  0  5 1.00
403 407  0  5 1.00
403 408  0  5 1.00
404 405  0  5 1.00
404 406  0  5 1.00
404 407  0  5 1.00
404 408  0  5 1.00
404 409  0  5 1.00
405 406  0  5 1.00
405 407  0  5 1.00
405 408  0  5 1.00
405 409  0  5 1.00
405 410  0  5 1.00
406 407  0  5 1.00
406 408  0  5 1.00
406 409  0  5 1.00
406 410  0  5 1.00
406 411  0  5 1.00
407 408  0  5 1.00
407 409  0  5 1.00
407 410  0  5 1.00
407 411  0  5 1.00
408 409  0  5 1.00
408 410  0  5 1.00
408 411  0  5 1.00
408 412  0  5 1.00
409 410  0  5 1.00
409 411  0  5 1.00
409 412  0  5 1.00
410 411  0  5 1.00
410 412  0  5 1.00
411 412  0  5 1.00
411 413  0  5 1.00
412 413  0  5 1.00
412 414  0  5 1.00
412 415  0  5 1.00
413 414  0  5 1.00
413 415  0  5 1.00
414 415  0  5 1.00
414 416  0  5 1.00
415 416  0  5 1.00
415 417  0  5 1.00
416 417  0  5 1.00
416 418  0  5 1.00
416 452  0  5 1.00
416 453  0  5 1.00
417 418  0  5 1.00
417 419  0  5 1.00
417 453  0  5 1.00
418 419  0  5 1.00
418 420  0  5 1.00
418 453  0  5 1.00
418 454  0  5 1.00
418 455  0  5 1.00
419 420  0  5 1.00
419 421  0  5 1.00
419 455  0  5 1.00
420 421  0  5 1.00
420 422  0  5 1.00
420 455  0  5 1.00
420 456  0  5 1.00
420 457  0  5 1.00
421 422  0  5 1.00
421 423  0  5 1.00
421 457  0  5 1.00
422 423  0  5 1.00
422 424  0  5 1.00
422 457  0  5 1.00
422 458  0  5 1.00
422 459  0  5 1.00
423 424  0  5 1.00
423 425  0  5 1.00
423 457  0  5 1.00
423 458  0  5 1.00
423 459  0  5 1.00
424 425  0  5 1.00
424 426  0  5 1.00
424 463  0  5 1.00
424 464  0  5 1.00
424 465  0  5 1.00
425 426  0  5 1.00
425 427  0  5 1.00
425 428  0  5 1.00
425 463  0  5 1.00
425 464  0  5 1.00
425 465  0  5 1.00
426 427  0  5 1.00
426 428  0  5 1.00
426 463  0  5 1.00
426 464  0  5 1.00
426 465  0  5 1.00
427 428  0  5 1.00
427 429  0  5 1.00
428 429  0  5 1.00
428 430  0  5 1.00
429 430  0  5 1.00
429 431  0  5 1.00
429 432  0  5 1.00
429 433  0  5 1.00
429 434  0  5 1.00
430 431  0  5 1.00
430 432  0  5 1.00
430 433  0  5 1.00
430 434  0  5 1.00
431 432  0  5 1.00
431 433  0  5 1.00
431 434  0  5 1.00
431 435  0  5 1.00
432 433  0  5 1.00
432 434  0  5 1.00
432 435  0  5 1.00
432 436  0  5 1.00
432 437  0  5 1.00
433 434  0  5 1.00
433 435  0  5 1.00
433 436  0  5 1.00
433 437  0  5 1.00
433 438  0  5 1.00
434 435  0  5 1.00
434 436  0  5 1.00
434 437  0  5 1.00
434 438  0  5 1.00
435 436  0  5 1.00
435 437  0  5 1.00
435 438  0  5 1.00
435 439  0  5 1.00
436 437  0  5 1.00
436 438  0  5 1.00
436 439  0  5 1.00
436 440  0  5 1.00
437 438  0  5 1.00
437 439  0  5 1.00
437 440  0  5 1.00
437 441  0  5 1.00
437 442  0  5 1.00
438 439  0  5 1.00
438 440  0  5 1.00
438 441  0  5 1.00
438 442  0  5 1.00
439 440  0  5 1.00
439 441  0  5 1.00
439 442  0  5 1.00
439 443  0  5 1.00
439 444  0  5 1.00
440 441  0  5 1.00
440 442  0  5 1.00
440 443  0  5 1.00
440 444  0  5 1.00
441 442  0  5 1.00
441 443  0  5 1.00
441 444  0  5 1.00
441 445  0  5 1.00
442 443  0  5 1.00
442 444  0  5 1.00
442 445  0  5 1.00
442 446  0  5 1.00
442 447  0  5 1.00
443 444  0  5 1.00
443 445  0  5 1.00
443 446  0  5 1.00
443 447  0  5 1.00
444 445  0  5 1.00
444 446  0  5 1.00
444 447  0  5 1.00
444 448  0  5 1.00
445 446  0  5 1.00
445 447  0  5 1.00
445 448  0  5 1.00
446 447  0  5 1.00
446 448  0  5 1.00
446 449  0  5 1.00
446 450  0  5 1.00
447 448  0  5 1.00
447 449  0  5 1.00
447 450  0  5 1.00
448 449  0  5 1.00
448 450  0  5 1.00
449 450  0  5 1.00
449 451  0  5 1.00
450 451  0  5 1.00
450 452  0  5 1.00
451 452  0  5 1.00
451 453  0  5 1.00
452 453  0  5 1.00
452 454  0  5 1.00
453 454  0  5 1.00
453 455  0  5 1.00
454 455  0  5 1.00
454 456  0  5 1.00
454 477  0  5 1.00
454 478  0  5 1.00
455 456  0  5 1.00
455 457  0  5 1.00
455 478  0  5 1.00
456 457  0  5 1.00
456 458  0  5 1.00
456 478  0  5 1.00
456 479  0  5 1.00
456 480  0  5 1.00
457 458  0  5 1.00
457 459  0  5 1.00
457 480  0  5 1.00
458 459  0  5 1.00
458 460  0  5 1.00
458 480  0  5 1.00
458 481  0  5 1.00
458 482  0  5 1.00
458 483  0  5 1.00
459 460  0  5 1.00
459 461  0  5 1.00
459 482  0  5 1.00
459 483  0  5 1.00
460 461  0  5 1.00
460 462  0  5 1.00
460 481  0  5 1.00
460 482  0  5 1.00
460 483  0  5 1.00
461 462  0  5 1.00
461 463  0  5 1.00
461 481  0  5 1.00
461 482  0  5 1.00
462 463  0  5 1.00
462 464  0  5 1.00
463 464  0  5 1.00
463 465  0  5 1.00
464 465  0  5 1.00
464 466  0  5 1.00
465 466  0  5 1.00
465 467  0  5 1.00
465 468  0  5 1.00
465 469  0  5 1.00
466 467  0  5 1.00
466 468  0  5 1.00
466 469  0  5 1.00
466 470  0  5 1.00
467 468  0  5 1.00
467 469  0  5 1.00
467 470  0  5 1.00
467 471  0  5 1.00
468 469  0  5 1.00
468 470  0  5 1.00
468 471  0  5 1.00
468 472  0  5 1.00
469 470  0  5 1.00
469 471  0  5 1.00
469 472  0  5 1.00
469 473  0  5 1.00
469 474  0  5 1.00
470 471  0  5 1.00
470 472  0  5 1.00
470 473  0  5 1.00
470 474  0  5 1.00
470 475  0  5 1.00
471 472  0  5 1.00
471 473  0  5 1.00
471 474  0  5 1.00
471 475  0  5 1.00
472 473  0  5 1.00
472 474  0  5 1.00
472 475  0  5 1.00
472 476  0  5 1.00
472 477  0  5 1.00
473 474  0  5 1.00
473 475  0  5 1.00
473 476  0  5 1.00
473 477  0  5 1.00
474 475  0  5 1.00
474 476  0  5 1.00
475 476  0  5 1.00
475 477  0  5 1.00
476 477  0  5 1.00
476 478  0  5 1.00
477 478  0  5 1.00
477 479  0  5 1.00
478 479  0  5 1.00
478 480  0  5 1.00
479 480  0  5 1.00
479 481  0  5 1.00
480 481  0  5 1.00
480 482  0  5 1.00
481 482  0  5 1.00
481 483  0  5 1.00
482 483  0  5 1.00
482 484  0  5 1.00
482 485  0  5 1.00
482 486  0  5 1.00
483 484  0  5 1.00
483 485  0  5 1.00
483 486  0  5 1.00
483 487  0  5 1.00
483 488  0  5 1.00
484 485  0  5 1.00
484 486  0  5 1.00
484 487  0  5 1.00
484 488  0  5 1.00
484 489  0  5 1.00
485 486  0  5 1.00
485 487  0  5 1.00
485 488  0  5 1.00
485 489  0  5 1.00
485 490  0  5 1.00
486 487  0  5 1.00
486 488  0  5 1.00
486 489  0  5 1.00
486 490  0  5 1.00
487 488  0  5 1.00
487 489  0  5 1.00
487 490  0  5 1.00
487 491  0  5 1.00
487 492  0  5 1.00
488 489  0  5 1.00
488 490  0  5 1.00
488 491  0  5 1.00
488 492  0  5 1.00
489 490  0  5 1.00
489 491  0  5 1.00
489 492  0  5 1.00
489 493  0  5 1.00
490 491  0  5 1.00
490 492  0  5 1.00
490 493  0  5 1.00
490 494  0  5 1.00
491 492  0  5 1.00
491 493  0  5 1.00
491 494  0  5 1.00
491 495  0  5 1.00
492 493  0  5 1.00
492 494  0  5 1.00
492 495  0  5 1.00
492 496  0  5 1.00
492 497  0  5 1.00
493 494  0  5 1.00
493 495  0  5 1.00
493 496  0  5 1.00
493 497  0  5 1.00
493 498  0  5 1.00
494 495  0  5 1.00
494 496  0  5 1.00
494 497  0  5 1.00
494 498  0  5 1.00
495 496  0  5 1.00
495 497  0  5 1.00
495 498  0  5 1.00
495 499  0  5 1.00
496 497  0  5 1.00
496 498  0  5 1.00
496 499  0  5 1.00
496 500  0  5 1.00
497 498  0  5 1.00
497 499  0  5 1.00
497 500  0  5 1.00
497 501  0  5 1.00
498 499  0  5 1.00
498 500  0  5 1.00
498 501  0  5 1.00
498 502  0  5 1.00
499 500  0  5 1.00
499 501  0  5 1.00
499 502  0  5 1.00
499 503  0  5 1.00
500 501  0  5 1.00
500 502  0  5 1.00
500 503  0  5 1.00
501 502  0  5 1.00
501 503  0  5 1.00
502 503  0  5 1.00
502 504  0  5 1.00
503 504  0  5 1.00
503 505  0  5 1.00
504 505  0  5 1.00
504 506  0  5 1.00
505 506  0  5 1.00
505 507  0  5 1.00
506 507  0  5 1.00
506 508  0  5 1.00
507 508  0  5 1.00
507 509  0  5 1.00
508 509  0  5 1.00
508 510  0  5 1.00
509 510  0  5 1.00
509 511  0  5 1.00
509 624  0  5 1.00
509 625  0  5 1.00
510 511  0  5 1.00
510 512  0  5 1.00
511 512  0  5 1.00
511 513  0  5 1.00
511 514  0  5 1.00
511 623  0  5 1.00
512 513  0  5 1.00
512 514  0  5 1.00
513 514  0  5 1.00
513 515  0  5 1.00
513 700  0  5 1.00
514 515  0  5 1.00
514 516  0  5 1.00
514 700  0  5 1.00
515 516  0  5 1.00
515 517  0  5 1.00
515 700  0  5 1.00
516 517  0  5 1.00
516 518  0  5 1.00
517 518  0  5 1.00
517 519  0  5 1.00
518 519  0  5 1.00
518 520  0  5 1.00
519 520  0  5 1.00
519 521  0  5 1.00
519 726  0  5 1.00
519 727  0  5 1.00
520 521  0  5 1.00
520 522  0  5 1.00
520 726  0  5 1.00
520 727  0  5 1.00
521 522  0  5 1.00
521 523  0  5 1.00
521 724  0  5 1.00
521 725  0  5 1.00
521 726  0  5 1.00
521 727  0  5 1.00
522 523  0  5 1.00
522 524  0  5 1.00
522 724  0  5 1.00
522 725  0  5 1.00
523 524  0  5 1.00
523 525  0  5 1.00
523 724  0  5 1.00
523 725  0  5 1.00
524 525  0  5 1.00
524 526  0  5 1.00
524 527  0  5 1.00
524 528  0  5 1.00
525 526  0  5 1.00
525 527  0  5 1.00
525 528  0  5 1.00
525 529  0  5 1.00
526 527  0  5 1.00
526 528  0  5 1.00
526 529  0  5 1.00
526 530  0  5 1.00
527 528  0  5 1.00
527 529  0  5 1.00
527 530  0  5 1.00
527 531  0  5 1.00
528 529  0  5 1.00
528 530  0  5 1.00
528 531  0  5 1.00
528 532  0  5 1.00
529 530  0  5 1.00
529 531  0  5 1.00
529 532  0  5 1.00
529 533  0  5 1.00
530 531  0  5 1.00
530 532  0  5 1.00
530 533  0  5 1.00
530 534  0  5 1.00
530 535  0  5 1.00
531 532  0  5 1.00
531 533  0  5 1.00
531 534  0  5 1.00
531 535  0  5 1.00
531 536  0  5 1.00
532 533  0  5 1.00
532 534  0  5 1.00
532 535  0  5 1.00
532 536  0  5 1.00
532 537  0  5 1.00
532 538  0  5 1.00
533 534  0  5 1.00
533 535  0  5 1.00
533 536  0  5 1.00
533 537  0  5 1.00
534 535  0  5 1.00
534 536  0  5 1.00
535 536  0  5 1.00
535 537  0  5 1.00
536 537  0  5 1.00
536 538  0  5 1.00
537 538  0  5 1.00
537 539  0  5 1.00
537 717  0  5 1.00
537 718  0  5 1.00
537 719  0  5 1.00
538 539  0  5 1.00
538 540  0  5 1.00
538 717  0  5 1.00
538 718  0  5 1.00
538 719  0  5 1.00
539 540  0  5 1.00
539 541  0  5 1.00
539 719  0  5 1.00
540 541  0  5 1.00
540 542  0  5 1.00
540 719  0  5 1.00
541 542  0  5 1.00
541 543  0  5 1.00
541 605  0  5 1.00
541 606  0  5 1.00
541 607  0  5 1.00
542 543  0  5 1.00
542 544  0  5 1.00
542 605  0  5 1.00
542 606  0  5 1.00
542 607  0  5 1.00
543 544  0  5 1.00
543 545  0  5 1.00
543 603  0  5 1.00
543 604  0  5 1.00
543 605  0  5 1.00
543 606  0  5 1.00
544 545  0  5 1.00
544 546  0  5 1.00
544 603  0  5 1.00
544 604  0  5 1.00
544 605  0  5 1.00
545 546  0  5 1.00
545 547  0  5 1.00
545 602  0  5 1.00
545 603  0  5 1.00
545 604  0  5 1.00
546 547  0  5 1.00
546 548  0  5 1.00
546 601  0  5 1.00
547 548  0  5 1.00
547 549  0  5 1.00
547 550  0  5 1.00
547 551  0  5 1.00
548 549  0  5 1.00
548 550  0  5 1.00
548 551  0  5 1.00
548 552  0  5 1.00
548 553  0  5 1.00
549 550  0  5 1.00
549 551  0  5 1.00
549 552  0  5 1.00
549 553  0  5 1.00
549 554  0  5 1.00
550 551  0  5 1.00
550 552  0  5 1.00
550 553  0  5 1.00
550 554  0  5 1.00
551 552  0  5 1.00
551 553  0  5 1.00
551 554  0  5 1.00
551 555  0  5 1.00
551 556  0  5 1.00
552 553  0  5 1.00
552 554  0  5 1.00
552 555  0  5 1.00
552 556  0  5 1.00
553 554  0  5 1.00
553 555  0  5 1.00
553 556  0  5 1.00
553 557  0  5 1.00
554 555  0  5 1.00
554 556  0  5 1.00
554 557  0  5 1.00
554 558  0  5 1.00
554 559  0  5 1.00
555 556  0  5 1.00
555 557  0  5 1.00
555 558  0  5 1.00
555 559  0  5 1.00
555 560  0  5 1.00
556 557  0  5 1.00
556 558  0  5 1.00
556 559  0  5 1.00
557 558  0  5 1.00
557 559  0  5 1.00
558 559  0  5 1.00
558 560  0  5 1.00
559 560  0  5 1.00
559 561  0  5 1.00
560 561  0  5 1.00
560 562  0  5 1.00
560 582  0  5 1.00
561 562  0  5 1.00
561 563  0  5 1.00
561 581  0  5 1.00
561 582  0  5 1.00
561 583  0  5 1.00
561 607  0  5 1.00
561 608  0  5 1.00
562 563  0  5 1.00
562 564  0  5 1.00
562 580  0  5 1.00
562 581  0  5 1.00
562 582  0  5 1.00
562 606  0  5 1.00
562 607  0  5 1.00
562 608  0  5 1.00
563 564  0  5 1.00
563 565  0  5 1.00
563 579  0  5 1.00
563 580  0  5 1.00
563 581  0  5 1.00
563 582  0  5 1.00
563 606  0  5 1.00
563 607  0  5 1.00
563 608  0  5 1.00
564 565  0  5 1.00
564 566  0  5 1.00
564 577  0  5 1.00
564 578  0  5 1.00
564 579  0  5 1.00
564 580  0  5 1.00
564 604  0  5 1.00
565 566  0  5 1.00
565 567  0  5 1.00
565 577  0  5 1.00
565 578  0  5 1.00
565 579  0  5 1.00
565 602  0  5 1.00
565 603  0  5 1.00
565 604  0  5 1.00
566 567  0  5 1.00
566 568  0  5 1.00
566 577  0  5 1.00
566 602  0  5 1.00
567 568  0  5 1.00
567 569  0  5 1.00
567 600  0  5 1.00
567 601  0  5 1.00
567 602  0  5 1.00
568 569  0  5 1.00
568 570  0  5 1.00
569 570  0  5 1.00
569 571  0  5 1.00
569 572  0  5 1.00
570 571  0  5 1.00
570 572  0  5 1.00
571 572  0  5 1.00
571 573  0  5 1.00
571 574  0  5 1.00
571 575  0  5 1.00
572 573  0  5 1.00
572 574  0  5 1.00
572 575  0  5 1.00
572 576  0  5 1.00
572 577  0  5 1.00
572 578  0  5 1.00
573 574  0  5 1.00
573 575  0  5 1.00
573 576  0  5 1.00
573 577  0  5 1.00
573 578  0  5 1.00
574 575  0  5 1.00
574 576  0  5 1.00
575 576  0  5 1.00
575 577  0  5 1.00
576 577  0  5 1.00
576 578  0  5 1.00
577 578  0  5 1.00
577 579  0  5 1.00
578 579  0  5 1.00
578 580  0  5 1.00
579 580  0  5 1.00
579 581  0  5 1.00
580 581  0  5 1.00
580 582  0  5 1.00
581 582  0  5 1.00
581 583  0  5 1.00
582 583  0  5 1.00
582 584  0  5 1.00
583 584  0  5 1.00
583 585  0  5 1.00
584 585  0  5 1.00
584 586  0  5 1.00
584 587  0  5 1.00
584 588  0  5 1.00
585 586  0  5 1.00
585 587  0  5 1.00
585 588  0  5 1.00
585 589  0  5 1.00
586 587  0  5 1.00
586 588  0  5 1.00
586 589  0  5 1.00
586 590  0  5 1.00
587 588  0  5 1.00
587 589  0  5 1.00
587 590  0  5 1.00
587 591  0  5 1.00
588 589  0  5 1.00
588 590  0  5 1.00
588 591  0  5 1.00
588 592  0  5 1.00
588 593  0  5 1.00
589 590  0  5 1.00
589 591  0  5 1.00
589 592  0  5 1.00
589 593  0  5 1.00
590 591  0  5 1.00
590 592  0  5 1.00
590 593  0  5 1.00
590 594  0  5 1.00
591 592  0  5 1.00
591 593  0  5 1.00
591 594  0  5 1.00
591 595  0  5 1.00
592 593  0  5 1.00
592 594  0  5 1.00
592 595  0  5 1.00
592 596  0  5 1.00
593 594  0  5 1.00
593 595  0  5 1.00
593 596  0  5 1.00
594 595  0  5 1.00
594 596  0  5 1.00
594 597  0  5 1.00
595 596  0  5 1.00
595 597  0  5 1.00
595 598  0  5 1.00
596 597  0  5 1.00
596 598  0  5 1.00
596 599  0  5 1.00
597 598  0  5 1.00
597 599  0  5 1.00
598 599  0  5 1.00
598 600  0  5 1.00
599 600  0  5 1.00
599 601  0  5 1.00
600 601  0  5 1.00
600 602  0  5 1.00
601 602  0  5 1.00
601 603  0  5 1.00
602 603  0  5 1.00
602 604  0  5 1.00
603 604  0  5 1.00
603 605  0  5 1.00
604 605  0  5 1.00
604 606  0  5 1.00
605 606  0  5 1.00
605 607  0  5 1.00
606 607  0  5 1.00
606 608  0  5 1.00
607 608  0  5 1.00
607 609  0  5 1.00
608 609  0  5 1.00
608 610  0  5 1.00
609 610  0  5 1.00
609 611  0  5 1.00
610 611  0  5 1.00
610 612  0  5 1.00
611 612  0  5 1.00
611 613  0  5 1.00
612 613  0  5 1.00
612 614  0  5 1.00
612 712  0  5 1.00
612 713  0  5 1.00
613 614  0  5 1.00
613 615  0  5 1.00
613 710  0  5 1.00
613 711  0  5 1.00
613 712  0  5 1.00
614 615  0  5 1.00
614 616  0  5 1.00
614 632  0  5 1.00
614 633  0  5 1.00
614 634  0  5 1.00
614 635  0  5 1.00
614 710  0  5 1.00
614 711  0  5 1.00
614 712  0  5 1.00
615 616  0  5 1.00
615 617  0  5 1.00
615 632  0  5 1.00
615 633  0  5 1.00
615 634  0  5 1.00
615 635  0  5 1.00
615 707  0  5 1.00
615 708  0  5 1.00
615 709  0  5 1.00
615 710  0  5 1.00
615 711  0  5 1.00
616 617  0  5 1.00
616 618  0  5 1.00
616 630  0  5 1.00
616 631  0  5 1.00
616 632  0  5 1.00
616 633  0  5 1.00
616 634  0  5 1.00
616 707  0  5 1.00
616 708  0  5 1.00
616 710  0  5 1.00
617 618  0  5 1.00
617 619  0  5 1.00
617 630  0  5 1.00
617 631  0  5 1.00
617 705  0  5 1.00
617 706  0  5 1.00
617 707  0  5 1.00
618 619  0  5 1.00
618 620  0  5 1.00
618 628  0  5 1.00
618 629  0  5 1.00
618 630  0  5 1.00
618 705  0  5 1.00
618 706  0  5 1.00
618 707  0  5 1.00
619 620  0  5 1.00
619 621  0  5 1.00
619 628  0  5 1.00
619 629  0  5 1.00
619 630  0  5 1.00
619 703  0  5 1.00
619 704  0  5 1.00
619 705  0  5 1.00
620 621  0  5 1.00
620 622  0  5 1.00
620 626  0  5 1.00
620 627  0  5 1.00
620 628  0  5 1.00
620 703  0  5 1.00
620 704  0  5 1.00
621 622  0  5 1.00
621 623  0  5 1.00
621 626  0  5 1.00
621 627  0  5 1.00
621 699  0  5 1.00
621 703  0  5 1.00
621 704  0  5 1.00
622 623  0  5 1.00
622 624  0  5 1.00
622 625  0  5 1.00
622 626  0  5 1.00
622 627  0  5 1.00
623 624  0  5 1.00
623 625  0  5 1.00
624 625  0  5 1.00
624 626  0  5 1.00
625 626  0  5 1.00
625 627  0  5 1.00
626 627  0  5 1.00
626 628  0  5 1.00
627 628  0  5 1.00
627 629  0  5 1.00
627 648  0  5 1.00
627 649  0  5 1.00
628 629  0  5 1.00
628 630  0  5 1.00
628 647  0  5 1.00
628 648  0  5 1.00
629 630  0  5 1.00
629 631  0  5 1.00
629 645  0  5 1.00
629 646  0  5 1.00
629 647  0  5 1.00
629 648  0  5 1.00
630 631  0  5 1.00
630 632  0  5 1.00
630 645  0  5 1.00
630 646  0  5 1.00
631 632  0  5 1.00
631 633  0  5 1.00
631 643  0  5 1.00
631 644  0  5 1.00
631 645  0  5 1.00
632 633  0  5 1.00
632 634  0  5 1.00
632 643  0  5 1.00
632 644  0  5 1.00
632 645  0  5 1.00
633 634  0  5 1.00
633 635  0  5 1.00
633 638  0  5 1.00
633 643  0  5 1.00
634 635  0  5 1.00
634 636  0  5 1.00
634 637  0  5 1.00
634 638  0  5 1.00
635 636  0  5 1.00
635 637  0  5 1.00
635 638  0  5 1.00
635 709  0  5 1.00
636 637  0  5 1.00
636 638  0  5 1.00
637 638  0  5 1.00
637 639  0  5 1.00
637 640  0  5 1.00
637 641  0  5 1.00
638 639  0  5 1.00
638 640  0  5 1.00
638 641  0  5 1.00
638 642  0  5 1.00
638 643  0  5 1.00
639 640  0  5 1.00
639 641  0  5 1.00
639 642  0  5 1.00
640 641  0  5 1.00
640 642  0  5 1.00
641 642  0  5 1.00
641 643  0  5 1.00
642 643  0  5 1.00
642 644  0  5 1.00
643 644  0  5 1.00
643 645  0  5 1.00
644 645  0  5 1.00
644 646  0  5 1.00
645 646  0  5 1.00
645 647  0  5 1.00
646 647  0  5 1.00
646 648  0  5 1.00
647 648  0  5 1.00
647 649  0  5 1.00
648 649  0  5 1.00
648 650  0  5 1.00
648 651  0  5 1.00
649 650  0  5 1.00
649 651  0  5 1.00
649 692  0  5 1.00
650 651  0  5 1.00
650 652  0  5 1.00
651 652  0  5 1.00
651 653  0  5 1.00
651 689  0  5 1.00
652 653  0  5 1.00
652 654  0  5 1.00
652 655  0  5 1.00
652 656  0  5 1.00
653 654  0  5 1.00
653 655  0  5 1.00
653 656  0  5 1.00
653 657  0  5 1.00
654 655  0  5 1.00
654 656  0  5 1.00
654 657  0  5 1.00
654 658  0  5 1.00
655 656  0  5 1.00
655 657  0  5 1.00
655 658  0  5 1.00
655 659  0  5 1.00
656 657  0  5 1.00
656 658  0  5 1.00
656 659  0  5 1.00
656 660  0  5 1.00
657 658  0  5 1.00
657 659  0  5 1.00
657 660  0  5 1.00
657 661  0  5 1.00
657 662  0  5 1.00
658 659  0  5 1.00
658 660  0  5 1.00
658 661  0  5 1.00
658 662  0  5 1.00
659 660  0  5 1.00
659 661  0  5 1.00
659 662  0  5 1.00
659 663  0  5 1.00
660 661  0  5 1.00
660 662  0  5 1.00
660 663  0  5 1.00
660 666  0  5 1.00
660 667  0  5 1.00
661 662  0  5 1.00
661 663  0  5 1.00
661 664  0  5 1.00
661 667  0  5 1.00
662 663  0  5 1.00
662 664  0  5 1.00
663 664  0  5 1.00
663 665  0  5 1.00
663 666  0  5 1.00
663 667  0  5 1.00
663 668  0  5 1.00
664 665  0  5 1.00
664 666  0  5 1.00
664 667  0  5 1.00
664 668  0  5 1.00
664 669  0  5 1.00
665 666  0  5 1.00
665 667  0  5 1.00
665 668  0  5 1.00
665 669  0  5 1.00
666 667  0  5 1.00
666 668  0  5 1.00
666 669  0  5 1.00
666 670  0  5 1.00
667 668  0  5 1.00
667 669  0  5 1.00
667 670  0  5 1.00
667 671  0  5 1.00
668 669  0  5 1.00
668 670  0  5 1.00
668 671  0  5 1.00
668 672  0  5 1.00
668 673  0  5 1.00
669 670  0  5 1.00
669 671  0  5 1.00
669 672  0  5 1.00
669 673  0  5 1.00
669 677  0  5 1.00
669 678  0  5 1.00
669 679  0  5 1.00
670 671  0  5 1.00
670 672  0  5 1.00
670 677  0  5 1.00
670 678  0  5 1.00
670 679  0  5 1.00
671 672  0  5 1.00
671 673  0  5 1.00
671 676  0  5 1.00
671 677  0  5 1.00
671 678  0  5 1.00
671 679  0  5 1.00
672 673  0  5 1.00
672 674  0  5 1.00
672 675  0  5 1.00
672 676  0  5 1.00
672 677  0  5 1.00
672 678  0  5 1.00
672 679  0  5 1.00
673 674  0  5 1.00
673 675  0  5 1.00
673 676  0  5 1.00
674 675  0  5 1.00
674 676  0  5 1.00
675 676  0  5 1.00
675 677  0  5 1.00
676 677  0  5 1.00
676 678  0  5 1.00
677 678  0  5 1.00
677 679  0  5 1.00
678 679  0  5 1.00
678 680  0  5 1.00
678 714  0  5 1.00
679 680  0  5 1.00
679 681  0  5 1.00
679 713  0  5 1.00
679 714  0  5 1.00
680 681  0  5 1.00
680 682  0  5 1.00
680 683  0  5 1.00
680 684  0  5 1.00
680 713  0  5 1.00
680 714  0  5 1.00
681 682  0  5 1.00
681 683  0  5 1.00
681 684  0  5 1.00
681 685  0  5 1.00
681 686  0  5 1.00
682 683  0  5 1.00
682 684  0  5 1.00
682 685  0  5 1.00
682 686  0  5 1.00
682 687  0  5 1.00
683 684  0  5 1.00
683 685  0  5 1.00
683 686  0  5 1.00
683 687  0  5 1.00
684 685  0  5 1.00
684 686  0  5 1.00
684 687  0  5 1.00
684 688  0  5 1.00
685 686  0  5 1.00
685 687  0  5 1.00
685 688  0  5 1.00
685 689  0  5 1.00
686 687  0  5 1.00
686 688  0  5 1.00
686 689  0  5 1.00
686 690  0  5 1.00
687 688  0  5 1.00
687 689  0  5 1.00
687 690  0  5 1.00
687 691  0  5 1.00
688 689  0  5 1.00
688 690  0  5 1.00
688 691  0  5 1.00
688 692  0  5 1.00
689 690  0  5 1.00
689 691  0  5 1.00
689 692  0  5 1.00
689 693  0  5 1.00
690 691  0  5 1.00
690 692  0  5 1.00
690 693  0  5 1.00
690 694  0  5 1.00
690 695  0  5 1.00
691 692  0  5 1.00
691 693  0  5 1.00
691 694  0  5 1.00
691 695  0  5 1.00
691 696  0  5 1.00
692 693  0  5 1.00
692 694  0  5 1.00
692 695  0  5 1.00
692 696  0  5 1.00
693 694  0  5 1.00
693 695  0  5 1.00
693 696  0  5 1.00
693 697  0  5 1.00
694 695  0  5 1.00
694 696  0  5 1.00
694 697  0  5 1.00
694 698  0  5 1.00
694 699  0  5 1.00
695 696  0  5 1.00
695 697  0  5 1.00
695 698  0  5 1.00
695 699  0  5 1.00
696 697  0  5 1.00
696 698  0  5 1.00
696 699  0  5 1.00
697 698  0  5 1.00
697 699  0  5 1.00
698 699  0  5 1.00
698 700  0  5 1.00
698 701  0  5 1.00
698 702  0  5 1.00
699 700  0  5 1.00
699 701  0  5 1.00
699 702  0  5 1.00
699 703  0  5 1.00
700 701  0  5 1.00
700 702  0  5 1.00
701 702  0  5 1.00
701 703  0  5 1.00
701 725  0  5 1.00
701 726  0  5 1.00
701 727  0  5 1.00
702 703  0  5 1.00
702 704  0  5 1.00
702 725  0  5 1.00
703 704  0  5 1.00
703 705  0  5 1.00
703 725  0  5 1.00
703 726  0  5 1.00
704 705  0  5 1.00
704 706  0  5 1.00
704 723  0  5 1.00
704 724  0  5 1.00
704 725  0  5 1.00
705 706  0  5 1.00
705 707  0  5 1.00
705 723  0  5 1.00
705 724  0  5 1.00
706 707  0  5 1.00
706 708  0  5 1.00
706 721  0  5 1.00
706 722  0  5 1.00
706 723  0  5 1.00
707 708  0  5 1.00
707 709  0  5 1.00
707 710  0  5 1.00
707 721  0  5 1.00
707 722  0  5 1.00
708 709  0  5 1.00
708 710  0  5 1.00
708 721  0  5 1.00
709 710  0  5 1.00
709 711  0  5 1.00
709 718  0  5 1.00
709 719  0  5 1.00
709 720  0  5 1.00
709 721  0  5 1.00
710 711  0  5 1.00
710 712  0  5 1.00
710 718  0  5 1.00
710 719  0  5 1.00
710 720  0  5 1.00
711 712  0  5 1.00
711 713  0  5 1.00
711 716  0  5 1.00
711 717  0  5 1.00
711 718  0  5 1.00
711 719  0  5 1.00
712 713  0  5 1.00
712 714  0  5 1.00
712 716  0  5 1.00
712 717  0  5 1.00
713 714  0  5 1.00
713 715  0  5 1.00
713 716  0  5 1.00
713 717  0  5 1.00
714 715  0  5 1.00
714 716  0  5 1.00
715 716  0  5 1.00
715 717  0  5 1.00
716 717  0  5 1.00
716 718  0  5 1.00
717 718  0  5 1.00
717 719  0  5 1.00
718 719  0  5 1.00
718 720  0  5 1.00
719 720  0  5 1.00
719 721  0  5 1.00
720 721  0  5 1.00
720 722  0  5 1.00
721 722  0  5 1.00
721 723  0  5 1.00
722 723  0  5 1.00
722 724  0  5 1.00
723 724  0  5 1.00
723 725  0  5 1.00
724 725  0  5 1.00
724 726  0  5 1.00
725 726  0  5 1.00
725 727  0  5 1.00
726 727  0  5 1.00
END
HELX_P HELX_P1   AA1 MET A 36  ? ILE A 43  ? MET A 36  ILE A 43  1 ? 8  
HELX_P HELX_P2   AA2 LEU A 44  ? LYS A 46  ? LEU A 44  LYS A 46  5 ? 3  
HELX_P HELX_P3   AA3 ARG A 59  ? MET A 72  ? ARG A 59  MET A 72  1 ? 14 
HELX_P HELX_P4   AA4 SER A 96  ? ILE A 100 ? SER A 96  ILE A 100 5 ? 5  
HELX_P HELX_P5   AA5 ASN A 112 ? ILE A 126 ? ASN A 112 ILE A 126 1 ? 15 
HELX_P HELX_P6   AA6 GLY A 142 ? ASP A 158 ? GLY A 142 ASP A 158 1 ? 17 
HELX_P HELX_P7   AA7 HIS A 175 ? GLN A 177 ? HIS A 175 GLN A 177 5 ? 3  
HELX_P HELX_P8   AA8 SER A 203 ? SER A 205 ? SER A 203 SER A 205 5 ? 3  
HELX_P HELX_P9   AA9 VAL A 206 ? ALA A 212 ? VAL A 206 ALA A 212 1 ? 7  
HELX_P HELX_P10  AB1 GLN A 230 ? GLU A 240 ? GLN A 230 GLU A 240 1 ? 11 
HELX_P HELX_P11  AB2 ASN A 256 ? ASN A 270 ? ASN A 256 ASN A 270 1 ? 15 
HELX_P HELX_P12  AB3 HIS A 292 ? ALA A 297 ? HIS A 292 ALA A 297 1 ? 6  
HELX_P HELX_P13  AB4 GLY A 298 ? HIS A 310 ? GLY A 298 HIS A 310 1 ? 13 
HELX_P HELX_P14  AB5 ASP A 317 ? SER A 329 ? ASP A 317 SER A 329 1 ? 13 
HELX_P HELX_P15  AB6 SER A 345 ? GLY A 360 ? SER A 345 GLY A 360 1 ? 16 
HELX_P HELX_P16  AB7 SER A 367 ? LEU A 378 ? SER A 367 LEU A 378 1 ? 12 
HELX_P HELX_P17  AB8 PRO A 379 ? GLY A 382 ? PRO A 379 GLY A 382 5 ? 4  
HELX_P HELX_P18  AB9 ASP A 397 ? LYS A 411 ? ASP A 397 LYS A 411 1 ? 15 
HELX_P HELX_P19  AC1 GLY A 429 ? ARG A 447 ? GLY A 429 ARG A 447 1 ? 19 
HELX_P HELX_P20  AC2 GLY A 448 ? SER A 450 ? GLY A 448 SER A 450 5 ? 3  
HELX_P HELX_P21  AC3 ASP A 465 ? ALA A 475 ? ASP A 465 ALA A 475 1 ? 11 
HELX_P HELX_P22  AC4 GLY A 482 ? ASN A 503 ? GLY A 482 ASN A 503 1 ? 22 
HELX_P HELX_P23  AC5 HIS A 524 ? GLY A 536 ? HIS A 524 GLY A 536 1 ? 13 
HELX_P HELX_P24  AC6 SER A 547 ? GLY A 559 ? SER A 547 GLY A 559 1 ? 13 
HELX_P HELX_P25  AC7 LYS A 572 ? GLY A 576 ? LYS A 572 GLY A 576 5 ? 5  
HELX_P HELX_P26  AC8 SER A 584 ? MET A 595 ? SER A 584 MET A 595 1 ? 12 
HELX_P HELX_P27  AC9 TYR A 637 ? ASN A 642 ? TYR A 637 ASN A 642 1 ? 6  
HELX_P HELX_P28  AD1 THR A 652 ? SER A 662 ? THR A 652 SER A 662 1 ? 11 
HELX_P HELX_P29  AD2 ILE A 663 ? GLY A 672 ? ILE A 663 GLY A 672 1 ? 10 
HELX_P HELX_P30  AD3 ASP A 680 ? TYR A 699 ? ASP A 680 TYR A 699 1 ? 20 