7npj 354
 11  12  0  5 1.00
 11  13  0  5 1.00
 11  40  0  5 1.00
 11  41  0  5 1.00
 11  42  0  5 1.00
 12  13  0  5 1.00
 12  14  0  5 1.00
 12  41  0  5 1.00
 12  42  0  5 1.00
 12  43  0  5 1.00
 13  14  0  5 1.00
 13  15  0  5 1.00
 13  43  0  5 1.00
 13  83  0  5 1.00
 13  84  0  5 1.00
 13  85  0  5 1.00
 14  15  0  5 1.00
 14  16  0  5 1.00
 14  43  0  5 1.00
 14  44  0  5 1.00
 14  45  0  5 1.00
 14  46  0  5 1.00
 14  84  0  5 1.00
 14  85  0  5 1.00
 15  16  0  5 1.00
 15  17  0  5 1.00
 15  45  0  5 1.00
 15  46  0  5 1.00
 15  85  0  5 1.00
 15  86  0  5 1.00
 15  87  0  5 1.00
 16  17  0  5 1.00
 16  18  0  5 1.00
 16  19  0  5 1.00
 16  46  0  5 1.00
 16  47  0  5 1.00
 16  48  0  5 1.00
 16  87  0  5 1.00
 17  18  0  5 1.00
 17  19  0  5 1.00
 17  48  0  5 1.00
 17  87  0  5 1.00
 17  88  0  5 1.00
 17  89  0  5 1.00
 17  90  0  5 1.00
 18  19  0  5 1.00
 18  20  0  5 1.00
 18  21  0  5 1.00
 18  24  0  5 1.00
 18  48  0  5 1.00
 18  49  0  5 1.00
 18  50  0  5 1.00
 18  89  0  5 1.00
 19  20  0  5 1.00
 19  21  0  5 1.00
 19  24  0  5 1.00
 19  25  0  5 1.00
 19  48  0  5 1.00
 19  49  0  5 1.00
 20  21  0  5 1.00
 20  22  0  5 1.00
 20  48  0  5 1.00
 21  22  0  5 1.00
 21  23  0  5 1.00
 21  24  0  5 1.00
 21  25  0  5 1.00
 22  23  0  5 1.00
 22  24  0  5 1.00
 22  25  0  5 1.00
 22  26  0  5 1.00
 22 195  0  5 1.00
 23  24  0  5 1.00
 23  25  0  5 1.00
 23  26  0  5 1.00
 23  27  0  5 1.00
 23  28  0  5 1.00
 24  25  0  5 1.00
 24  26  0  5 1.00
 24  27  0  5 1.00
 24  28  0  5 1.00
 24  89  0  5 1.00
 25  26  0  5 1.00
 25  27  0  5 1.00
 25  28  0  5 1.00
 25  29  0  5 1.00
 25  30  0  5 1.00
 26  27  0  5 1.00
 26  28  0  5 1.00
 26  29  0  5 1.00
 26  30  0  5 1.00
 27  28  0  5 1.00
 27  29  0  5 1.00
 27  30  0  5 1.00
 27  31  0  5 1.00
 27  32  0  5 1.00
 27 328  0  5 1.00
 28  29  0  5 1.00
 28  30  0  5 1.00
 28  31  0  5 1.00
 28  32  0  5 1.00
 29  30  0  5 1.00
 29  31  0  5 1.00
 29  32  0  5 1.00
 29  33  0  5 1.00
 30  31  0  5 1.00
 30  32  0  5 1.00
 30  33  0  5 1.00
 30  34  0  5 1.00
 30 346  0  5 1.00
 31  32  0  5 1.00
 31  33  0  5 1.00
 31  34  0  5 1.00
 31  37  0  5 1.00
 32  33  0  5 1.00
 32  34  0  5 1.00
 33  34  0  5 1.00
 33  35  0  5 1.00
 33 346  0  5 1.00
 34  35  0  5 1.00
 34  36  0  5 1.00
 34  37  0  5 1.00
 34  38  0  5 1.00
 34 346  0  5 1.00
 35  36  0  5 1.00
 35  37  0  5 1.00
 35  38  0  5 1.00
 35  39  0  5 1.00
 35  40  0  5 1.00
 35 346  0  5 1.00
 36  37  0  5 1.00
 36  38  0  5 1.00
 36  39  0  5 1.00
 36  40  0  5 1.00
 36  41  0  5 1.00
 36  42  0  5 1.00
 37  38  0  5 1.00
 37  39  0  5 1.00
 37  40  0  5 1.00
 37  42  0  5 1.00
 38  39  0  5 1.00
 38  40  0  5 1.00
 39  40  0  5 1.00
 39  41  0  5 1.00
 40  41  0  5 1.00
 40  42  0  5 1.00
 41  42  0  5 1.00
 41  43  0  5 1.00
 42  43  0  5 1.00
 42  44  0  5 1.00
 43  44  0  5 1.00
 43  45  0  5 1.00
 44  45  0  5 1.00
 44  46  0  5 1.00
 45  46  0  5 1.00
 45  47  0  5 1.00
 46  47  0  5 1.00
 46  48  0  5 1.00
 47  48  0  5 1.00
 47  49  0  5 1.00
 47  71  0  5 1.00
 47  72  0  5 1.00
 47  73  0  5 1.00
 48  49  0  5 1.00
 48  50  0  5 1.00
 48  73  0  5 1.00
 48  74  0  5 1.00
 49  50  0  5 1.00
 49  51  0  5 1.00
 49  53  0  5 1.00
 49  73  0  5 1.00
 49  74  0  5 1.00
 49  75  0  5 1.00
 50  51  0  5 1.00
 50  52  0  5 1.00
 50  53  0  5 1.00
 50  74  0  5 1.00
 50  75  0  5 1.00
 51  52  0  5 1.00
 51  53  0  5 1.00
 52  53  0  5 1.00
 52  54  0  5 1.00
 52  55  0  5 1.00
 52  72  0  5 1.00
 53  54  0  5 1.00
 53  55  0  5 1.00
 53  72  0  5 1.00
 53  73  0  5 1.00
 53  74  0  5 1.00
 54  55  0  5 1.00
 54  56  0  5 1.00
 54  72  0  5 1.00
 54  73  0  5 1.00
 55  56  0  5 1.00
 55  57  0  5 1.00
 55  70  0  5 1.00
 55  71  0  5 1.00
 55  72  0  5 1.00
 56  57  0  5 1.00
 56  58  0  5 1.00
 56  59  0  5 1.00
 56  60  0  5 1.00
 56  68  0  5 1.00
 56  69  0  5 1.00
 56  70  0  5 1.00
 56  71  0  5 1.00
 57  58  0  5 1.00
 57  59  0  5 1.00
 57  60  0  5 1.00
 57  61  0  5 1.00
 57  67  0  5 1.00
 57  68  0  5 1.00
 57  70  0  5 1.00
 57  71  0  5 1.00
 58  59  0  5 1.00
 58  60  0  5 1.00
 58  61  0  5 1.00
 58  62  0  5 1.00
 58  67  0  5 1.00
 58  68  0  5 1.00
 59  60  0  5 1.00
 59  61  0  5 1.00
 60  61  0  5 1.00
 60  62  0  5 1.00
 61  62  0  5 1.00
 61  63  0  5 1.00
 61  64  0  5 1.00
 61  65  0  5 1.00
 62  63  0  5 1.00
 62  64  0  5 1.00
 62  65  0  5 1.00
 63  64  0  5 1.00
 63  65  0  5 1.00
 64  65  0  5 1.00
 64  66  0  5 1.00
 64  67  0  5 1.00
 64  68  0  5 1.00
 65  66  0  5 1.00
 65  67  0  5 1.00
 65  68  0  5 1.00
 65  69  0  5 1.00
 66  67  0  5 1.00
 66  68  0  5 1.00
 67  68  0  5 1.00
 67  69  0  5 1.00
 67  70  0  5 1.00
 68  69  0  5 1.00
 68  70  0  5 1.00
 69  70  0  5 1.00
 69  71  0  5 1.00
 70  71  0  5 1.00
 70  72  0  5 1.00
 71  72  0  5 1.00
 71  73  0  5 1.00
 72  73  0  5 1.00
 72  74  0  5 1.00
 73  74  0  5 1.00
 73  75  0  5 1.00
 74  75  0  5 1.00
 74  76  0  5 1.00
 75  76  0  5 1.00
 75  77  0  5 1.00
 76  77  0  5 1.00
 76  78  0  5 1.00
 76  79  0  5 1.00
 76  80  0  5 1.00
 76  81  0  5 1.00
 77  78  0  5 1.00
 77  79  0  5 1.00
 77  80  0  5 1.00
 77  81  0  5 1.00
 78  79  0  5 1.00
 78  80  0  5 1.00
 78  81  0  5 1.00
 78  82  0  5 1.00
 79  80  0  5 1.00
 79  81  0  5 1.00
 80  81  0  5 1.00
 80  82  0  5 1.00
 80  83  0  5 1.00
 81  82  0  5 1.00
 81  83  0  5 1.00
 82  83  0  5 1.00
 82  84  0  5 1.00
 83  84  0  5 1.00
 83  85  0  5 1.00
 83 106  0  5 1.00
 84  85  0  5 1.00
 84  86  0  5 1.00
 84 105  0  5 1.00
 84 106  0  5 1.00
 84 107  0  5 1.00
 85  86  0  5 1.00
 85  87  0  5 1.00
 85 106  0  5 1.00
 85 107  0  5 1.00
 86  87  0  5 1.00
 86  88  0  5 1.00
 86 107  0  5 1.00
 86 108  0  5 1.00
 86 109  0  5 1.00
 87  88  0  5 1.00
 87  89  0  5 1.00
 87 109  0  5 1.00
 88  89  0  5 1.00
 88  90  0  5 1.00
 88 109  0  5 1.00
 88 110  0  5 1.00
 88 111  0  5 1.00
 88 112  0  5 1.00
 89  90  0  5 1.00
 89  91  0  5 1.00
 89 109  0  5 1.00
 89 111  0  5 1.00
 90  91  0  5 1.00
 90  92  0  5 1.00
 90  93  0  5 1.00
 90  94  0  5 1.00
 90 111  0  5 1.00
 90 112  0  5 1.00
 90 113  0  5 1.00
 91  92  0  5 1.00
 91  93  0  5 1.00
 91 111  0  5 1.00
 91 112  0  5 1.00
 91 113  0  5 1.00
 92  93  0  5 1.00
 92  94  0  5 1.00
 92 112  0  5 1.00
 93  94  0  5 1.00
 93  95  0  5 1.00
 93 112  0  5 1.00
 94  95  0  5 1.00
 94  96  0  5 1.00
 95  96  0  5 1.00
 95  97  0  5 1.00
 95  98  0  5 1.00
 95  99  0  5 1.00
 96  97  0  5 1.00
 96  98  0  5 1.00
 96  99  0  5 1.00
 96 100  0  5 1.00
 97  98  0  5 1.00
 97  99  0  5 1.00
 97 100  0  5 1.00
 97 101  0  5 1.00
 98  99  0  5 1.00
 98 100  0  5 1.00
 98 101  0  5 1.00
 98 102  0  5 1.00
 99 100  0  5 1.00
 99 101  0  5 1.00
 99 102  0  5 1.00
100 101  0  5 1.00
100 102  0  5 1.00
101 102  0  5 1.00
101 103  0  5 1.00
102 103  0  5 1.00
102 104  0  5 1.00
103 104  0  5 1.00
103 105  0  5 1.00
103 106  0  5 1.00
104 105  0  5 1.00
104 106  0  5 1.00
104 153  0  5 1.00
105 106  0  5 1.00
105 107  0  5 1.00
105 153  0  5 1.00
106 107  0  5 1.00
106 108  0  5 1.00
106 153  0  5 1.00
107 108  0  5 1.00
107 109  0  5 1.00
107 152  0  5 1.00
107 153  0  5 1.00
107 154  0  5 1.00
108 109  0  5 1.00
108 110  0  5 1.00
108 153  0  5 1.00
108 154  0  5 1.00
108 155  0  5 1.00
109 110  0  5 1.00
109 111  0  5 1.00
109 155  0  5 1.00
110 111  0  5 1.00
110 112  0  5 1.00
110 155  0  5 1.00
110 156  0  5 1.00
110 157  0  5 1.00
111 112  0  5 1.00
111 113  0  5 1.00
111 157  0  5 1.00
111 158  0  5 1.00
112 113  0  5 1.00
112 114  0  5 1.00
112 157  0  5 1.00
113 114  0  5 1.00
113 115  0  5 1.00
113 116  0  5 1.00
113 117  0  5 1.00
114 115  0  5 1.00
114 116  0  5 1.00
114 117  0  5 1.00
114 132  0  5 1.00
114 133  0  5 1.00
115 116  0  5 1.00
115 117  0  5 1.00
115 133  0  5 1.00
115 134  0  5 1.00
115 135  0  5 1.00
115 156  0  5 1.00
116 117  0  5 1.00
116 118  0  5 1.00
116 133  0  5 1.00
116 134  0  5 1.00
116 156  0  5 1.00
117 118  0  5 1.00
117 119  0  5 1.00
117 133  0  5 1.00
117 134  0  5 1.00
118 119  0  5 1.00
118 120  0  5 1.00
119 120  0  5 1.00
119 121  0  5 1.00
119 122  0  5 1.00
119 123  0  5 1.00
120 121  0  5 1.00
120 122  0  5 1.00
120 123  0  5 1.00
120 124  0  5 1.00
121 122  0  5 1.00
121 123  0  5 1.00
121 124  0  5 1.00
121 125  0  5 1.00
122 123  0  5 1.00
122 124  0  5 1.00
122 125  0  5 1.00
122 126  0  5 1.00
122 127  0  5 1.00
123 124  0  5 1.00
123 125  0  5 1.00
123 126  0  5 1.00
123 127  0  5 1.00
123 128  0  5 1.00
124 125  0  5 1.00
124 126  0  5 1.00
124 127  0  5 1.00
124 128  0  5 1.00
124 129  0  5 1.00
125 126  0  5 1.00
125 127  0  5 1.00
125 128  0  5 1.00
126 127  0  5 1.00
126 128  0  5 1.00
127 128  0  5 1.00
127 129  0  5 1.00
128 129  0  5 1.00
128 130  0  5 1.00
129 130  0  5 1.00
129 131  0  5 1.00
130 131  0  5 1.00
130 132  0  5 1.00
131 132  0  5 1.00
131 133  0  5 1.00
132 133  0  5 1.00
132 134  0  5 1.00
133 134  0  5 1.00
133 135  0  5 1.00
134 135  0  5 1.00
134 136  0  5 1.00
135 136  0  5 1.00
135 137  0  5 1.00
135 154  0  5 1.00
135 156  0  5 1.00
136 137  0  5 1.00
136 138  0  5 1.00
136 148  0  5 1.00
136 154  0  5 1.00
136 155  0  5 1.00
136 156  0  5 1.00
137 138  0  5 1.00
137 139  0  5 1.00
137 140  0  5 1.00
137 145  0  5 1.00
137 156  0  5 1.00
138 139  0  5 1.00
138 140  0  5 1.00
138 156  0  5 1.00
138 157  0  5 1.00
138 158  0  5 1.00
138 330  0  5 1.00
139 140  0  5 1.00
139 141  0  5 1.00
139 142  0  5 1.00
139 145  0  5 1.00
140 141  0  5 1.00
140 142  0  5 1.00
140 145  0  5 1.00
140 146  0  5 1.00
141 142  0  5 1.00
141 143  0  5 1.00
142 143  0  5 1.00
142 144  0  5 1.00
142 145  0  5 1.00
142 146  0  5 1.00
143 144  0  5 1.00
143 145  0  5 1.00
144 145  0  5 1.00
144 146  0  5 1.00
144 147  0  5 1.00
144 148  0  5 1.00
145 146  0  5 1.00
145 147  0  5 1.00
145 148  0  5 1.00
145 149  0  5 1.00
146 147  0  5 1.00
146 148  0  5 1.00
146 149  0  5 1.00
146 150  0  5 1.00
147 148  0  5 1.00
147 149  0  5 1.00
147 150  0  5 1.00
148 149  0  5 1.00
148 150  0  5 1.00
149 150  0  5 1.00
149 151  0  5 1.00
149 152  0  5 1.00
149 334  0  5 1.00
149 337  0  5 1.00
149 338  0  5 1.00
150 151  0  5 1.00
150 152  0  5 1.00
150 337  0  5 1.00
150 338  0  5 1.00
151 152  0  5 1.00
151 153  0  5 1.00
151 337  0  5 1.00
151 338  0  5 1.00
152 153  0  5 1.00
152 154  0  5 1.00
152 338  0  5 1.00
153 154  0  5 1.00
153 155  0  5 1.00
154 155  0  5 1.00
154 156  0  5 1.00
155 156  0  5 1.00
155 157  0  5 1.00
156 157  0  5 1.00
156 158  0  5 1.00
157 158  0  5 1.00
157 159  0  5 1.00
158 159  0  5 1.00
158 160  0  5 1.00
158 326  0  5 1.00
158 327  0  5 1.00
159 160  0  5 1.00
159 161  0  5 1.00
159 162  0  5 1.00
159 163  0  5 1.00
159 326  0  5 1.00
160 161  0  5 1.00
160 162  0  5 1.00
160 163  0  5 1.00
160 164  0  5 1.00
160 322  0  5 1.00
160 326  0  5 1.00
161 162  0  5 1.00
161 163  0  5 1.00
161 164  0  5 1.00
161 165  0  5 1.00
161 166  0  5 1.00
162 163  0  5 1.00
162 164  0  5 1.00
162 165  0  5 1.00
162 166  0  5 1.00
162 167  0  5 1.00
163 164  0  5 1.00
163 165  0  5 1.00
163 166  0  5 1.00
163 167  0  5 1.00
164 165  0  5 1.00
164 166  0  5 1.00
164 167  0  5 1.00
164 168  0  5 1.00
164 318  0  5 1.00
165 166  0  5 1.00
165 167  0  5 1.00
165 168  0  5 1.00
165 169  0  5 1.00
165 170  0  5 1.00
166 167  0  5 1.00
166 168  0  5 1.00
166 169  0  5 1.00
166 170  0  5 1.00
167 168  0  5 1.00
167 169  0  5 1.00
167 170  0  5 1.00
168 169  0  5 1.00
168 170  0  5 1.00
168 316  0  5 1.00
169 170  0  5 1.00
169 171  0  5 1.00
169 172  0  5 1.00
169 173  0  5 1.00
169 174  0  5 1.00
170 171  0  5 1.00
170 172  0  5 1.00
170 173  0  5 1.00
170 174  0  5 1.00
170 175  0  5 1.00
171 172  0  5 1.00
171 173  0  5 1.00
171 174  0  5 1.00
171 175  0  5 1.00
171 270  0  5 1.00
172 173  0  5 1.00
172 174  0  5 1.00
172 175  0  5 1.00
172 176  0  5 1.00
172 177  0  5 1.00
172 178  0  5 1.00
173 174  0  5 1.00
173 175  0  5 1.00
173 176  0  5 1.00
173 178  0  5 1.00
173 232  0  5 1.00
173 233  0  5 1.00
174 175  0  5 1.00
174 176  0  5 1.00
174 232  0  5 1.00
175 176  0  5 1.00
175 177  0  5 1.00
176 177  0  5 1.00
176 178  0  5 1.00
177 178  0  5 1.00
177 179  0  5 1.00
177 259  0  5 1.00
177 260  0  5 1.00
177 261  0  5 1.00
177 262  0  5 1.00
178 179  0  5 1.00
178 180  0  5 1.00
178 259  0  5 1.00
178 260  0  5 1.00
179 180  0  5 1.00
179 181  0  5 1.00
179 259  0  5 1.00
180 181  0  5 1.00
180 182  0  5 1.00
180 236  0  5 1.00
180 237  0  5 1.00
180 238  0  5 1.00
181 182  0  5 1.00
181 183  0  5 1.00
181 236  0  5 1.00
181 238  0  5 1.00
181 257  0  5 1.00
181 258  0  5 1.00
181 259  0  5 1.00
182 183  0  5 1.00
182 184  0  5 1.00
182 238  0  5 1.00
182 239  0  5 1.00
182 240  0  5 1.00
182 257  0  5 1.00
182 258  0  5 1.00
183 184  0  5 1.00
183 185  0  5 1.00
183 240  0  5 1.00
183 255  0  5 1.00
183 256  0  5 1.00
183 257  0  5 1.00
184 185  0  5 1.00
184 186  0  5 1.00
184 240  0  5 1.00
184 241  0  5 1.00
184 242  0  5 1.00
184 255  0  5 1.00
184 256  0  5 1.00
185 186  0  5 1.00
185 187  0  5 1.00
185 240  0  5 1.00
185 242  0  5 1.00
185 253  0  5 1.00
185 254  0  5 1.00
185 255  0  5 1.00
185 256  0  5 1.00
186 187  0  5 1.00
186 188  0  5 1.00
186 242  0  5 1.00
186 243  0  5 1.00
186 244  0  5 1.00
186 253  0  5 1.00
186 254  0  5 1.00
186 255  0  5 1.00
187 188  0  5 1.00
187 189  0  5 1.00
187 244  0  5 1.00
187 251  0  5 1.00
187 252  0  5 1.00
187 253  0  5 1.00
187 254  0  5 1.00
188 189  0  5 1.00
188 190  0  5 1.00
188 244  0  5 1.00
188 245  0  5 1.00
188 246  0  5 1.00
188 251  0  5 1.00
188 252  0  5 1.00
189 190  0  5 1.00
189 191  0  5 1.00
189 192  0  5 1.00
189 193  0  5 1.00
189 246  0  5 1.00
189 248  0  5 1.00
189 249  0  5 1.00
189 250  0  5 1.00
189 251  0  5 1.00
190 191  0  5 1.00
190 192  0  5 1.00
190 193  0  5 1.00
190 194  0  5 1.00
190 246  0  5 1.00
190 248  0  5 1.00
190 249  0  5 1.00
191 192  0  5 1.00
191 193  0  5 1.00
191 194  0  5 1.00
191 248  0  5 1.00
191 249  0  5 1.00
192 193  0  5 1.00
192 194  0  5 1.00
192 249  0  5 1.00
193 194  0  5 1.00
193 195  0  5 1.00
193 196  0  5 1.00
194 195  0  5 1.00
194 196  0  5 1.00
195 196  0  5 1.00
195 197  0  5 1.00
196 197  0  5 1.00
196 198  0  5 1.00
197 198  0  5 1.00
197 199  0  5 1.00
198 199  0  5 1.00
198 200  0  5 1.00
198 201  0  5 1.00
198 202  0  5 1.00
199 200  0  5 1.00
199 201  0  5 1.00
199 202  0  5 1.00
200 201  0  5 1.00
200 202  0  5 1.00
201 202  0  5 1.00
201 203  0  5 1.00
202 203  0  5 1.00
202 204  0  5 1.00
202 205  0  5 1.00
202 206  0  5 1.00
202 207  0  5 1.00
203 204  0  5 1.00
203 205  0  5 1.00
203 206  0  5 1.00
203 207  0  5 1.00
204 205  0  5 1.00
204 206  0  5 1.00
204 207  0  5 1.00
205 206  0  5 1.00
205 207  0  5 1.00
205 209  0  5 1.00
206 207  0  5 1.00
206 208  0  5 1.00
206 209  0  5 1.00
206 246  0  5 1.00
206 247  0  5 1.00
207 208  0  5 1.00
207 209  0  5 1.00
208 209  0  5 1.00
208 210  0  5 1.00
209 210  0  5 1.00
209 211  0  5 1.00
209 245  0  5 1.00
209 246  0  5 1.00
209 247  0  5 1.00
210 211  0  5 1.00
210 212  0  5 1.00
210 245  0  5 1.00
210 246  0  5 1.00
211 212  0  5 1.00
211 213  0  5 1.00
211 243  0  5 1.00
211 244  0  5 1.00
211 245  0  5 1.00
212 213  0  5 1.00
212 214  0  5 1.00
212 243  0  5 1.00
212 244  0  5 1.00
213 214  0  5 1.00
213 215  0  5 1.00
213 243  0  5 1.00
214 215  0  5 1.00
214 216  0  5 1.00
214 217  0  5 1.00
214 218  0  5 1.00
214 219  0  5 1.00
214 241  0  5 1.00
215 216  0  5 1.00
215 217  0  5 1.00
215 218  0  5 1.00
215 241  0  5 1.00
216 217  0  5 1.00
216 218  0  5 1.00
216 241  0  5 1.00
217 218  0  5 1.00
217 219  0  5 1.00
217 241  0  5 1.00
218 219  0  5 1.00
218 220  0  5 1.00
219 220  0  5 1.00
219 221  0  5 1.00
219 222  0  5 1.00
219 223  0  5 1.00
220 221  0  5 1.00
220 222  0  5 1.00
220 223  0  5 1.00
220 224  0  5 1.00
221 222  0  5 1.00
221 223  0  5 1.00
221 224  0  5 1.00
221 225  0  5 1.00
222 223  0  5 1.00
222 224  0  5 1.00
222 225  0  5 1.00
222 226  0  5 1.00
223 224  0  5 1.00
223 225  0  5 1.00
223 226  0  5 1.00
223 227  0  5 1.00
223 228  0  5 1.00
224 225  0  5 1.00
224 226  0  5 1.00
224 227  0  5 1.00
224 228  0  5 1.00
225 226  0  5 1.00
225 227  0  5 1.00
225 228  0  5 1.00
225 229  0  5 1.00
226 227  0  5 1.00
226 228  0  5 1.00
226 229  0  5 1.00
226 230  0  5 1.00
227 228  0  5 1.00
227 229  0  5 1.00
227 230  0  5 1.00
227 231  0  5 1.00
228 229  0  5 1.00
228 230  0  5 1.00
228 231  0  5 1.00
228 232  0  5 1.00
229 230  0  5 1.00
229 231  0  5 1.00
229 232  0  5 1.00
229 233  0  5 1.00
230 231  0  5 1.00
230 232  0  5 1.00
230 233  0  5 1.00
230 234  0  5 1.00
231 232  0  5 1.00
231 233  0  5 1.00
232 233  0  5 1.00
232 234  0  5 1.00
233 234  0  5 1.00
233 235  0  5 1.00
234 235  0  5 1.00
234 236  0  5 1.00
235 236  0  5 1.00
235 237  0  5 1.00
236 237  0  5 1.00
236 238  0  5 1.00
237 238  0  5 1.00
237 239  0  5 1.00
238 239  0  5 1.00
238 240  0  5 1.00
239 240  0  5 1.00
239 241  0  5 1.00
240 241  0  5 1.00
240 242  0  5 1.00
241 242  0  5 1.00
241 243  0  5 1.00
242 243  0  5 1.00
242 244  0  5 1.00
243 244  0  5 1.00
243 245  0  5 1.00
244 245  0  5 1.00
244 246  0  5 1.00
245 246  0  5 1.00
245 247  0  5 1.00
246 247  0  5 1.00
246 248  0  5 1.00
247 248  0  5 1.00
247 249  0  5 1.00
248 249  0  5 1.00
248 250  0  5 1.00
249 250  0  5 1.00
249 251  0  5 1.00
250 251  0  5 1.00
250 252  0  5 1.00
250 322  0  5 1.00
251 252  0  5 1.00
251 253  0  5 1.00
251 320  0  5 1.00
251 321  0  5 1.00
251 322  0  5 1.00
252 253  0  5 1.00
252 254  0  5 1.00
252 318  0  5 1.00
252 319  0  5 1.00
252 320  0  5 1.00
252 321  0  5 1.00
252 322  0  5 1.00
253 254  0  5 1.00
253 255  0  5 1.00
253 318  0  5 1.00
253 319  0  5 1.00
253 320  0  5 1.00
254 255  0  5 1.00
254 256  0  5 1.00
254 316  0  5 1.00
254 317  0  5 1.00
254 318  0  5 1.00
254 319  0  5 1.00
255 256  0  5 1.00
255 257  0  5 1.00
255 316  0  5 1.00
255 317  0  5 1.00
256 257  0  5 1.00
256 258  0  5 1.00
256 314  0  5 1.00
256 315  0  5 1.00
256 316  0  5 1.00
257 258  0  5 1.00
257 259  0  5 1.00
257 314  0  5 1.00
257 315  0  5 1.00
258 259  0  5 1.00
258 260  0  5 1.00
258 312  0  5 1.00
258 313  0  5 1.00
258 314  0  5 1.00
259 260  0  5 1.00
259 261  0  5 1.00
259 312  0  5 1.00
259 313  0  5 1.00
259 314  0  5 1.00
260 261  0  5 1.00
260 262  0  5 1.00
260 312  0  5 1.00
260 313  0  5 1.00
260 314  0  5 1.00
261 262  0  5 1.00
261 263  0  5 1.00
262 263  0  5 1.00
262 264  0  5 1.00
263 264  0  5 1.00
263 265  0  5 1.00
263 266  0  5 1.00
263 267  0  5 1.00
263 268  0  5 1.00
264 265  0  5 1.00
264 266  0  5 1.00
264 267  0  5 1.00
264 268  0  5 1.00
264 269  0  5 1.00
265 266  0  5 1.00
265 267  0  5 1.00
265 268  0  5 1.00
265 269  0  5 1.00
266 267  0  5 1.00
266 268  0  5 1.00
266 269  0  5 1.00
266 270  0  5 1.00
267 268  0  5 1.00
267 269  0  5 1.00
267 270  0  5 1.00
267 271  0  5 1.00
268 269  0  5 1.00
268 270  0  5 1.00
268 271  0  5 1.00
268 272  0  5 1.00
269 270  0  5 1.00
269 271  0  5 1.00
269 272  0  5 1.00
269 273  0  5 1.00
270 271  0  5 1.00
270 272  0  5 1.00
270 273  0  5 1.00
270 274  0  5 1.00
271 272  0  5 1.00
271 273  0  5 1.00
271 274  0  5 1.00
271 275  0  5 1.00
271 276  0  5 1.00
272 273  0  5 1.00
272 274  0  5 1.00
272 275  0  5 1.00
272 276  0  5 1.00
273 274  0  5 1.00
273 275  0  5 1.00
273 276  0  5 1.00
274 275  0  5 1.00
274 276  0  5 1.00
275 276  0  5 1.00
275 277  0  5 1.00
275 278  0  5 1.00
275 281  0  5 1.00
276 277  0  5 1.00
276 278  0  5 1.00
277 278  0  5 1.00
277 279  0  5 1.00
278 279  0  5 1.00
278 280  0  5 1.00
278 281  0  5 1.00
279 280  0  5 1.00
279 281  0  5 1.00
280 281  0  5 1.00
280 282  0  5 1.00
280 299  0  5 1.00
280 300  0  5 1.00
280 301  0  5 1.00
281 282  0  5 1.00
281 283  0  5 1.00
281 301  0  5 1.00
282 283  0  5 1.00
282 284  0  5 1.00
282 301  0  5 1.00
282 302  0  5 1.00
282 303  0  5 1.00
283 284  0  5 1.00
283 285  0  5 1.00
283 303  0  5 1.00
284 285  0  5 1.00
284 286  0  5 1.00
284 288  0  5 1.00
284 303  0  5 1.00
284 304  0  5 1.00
285 286  0  5 1.00
285 287  0  5 1.00
285 288  0  5 1.00
286 287  0  5 1.00
286 288  0  5 1.00
287 288  0  5 1.00
287 289  0  5 1.00
288 289  0  5 1.00
288 290  0  5 1.00
289 290  0  5 1.00
289 291  0  5 1.00
290 291  0  5 1.00
290 292  0  5 1.00
291 292  0  5 1.00
291 293  0  5 1.00
291 294  0  5 1.00
291 295  0  5 1.00
292 293  0  5 1.00
292 294  0  5 1.00
292 295  0  5 1.00
292 296  0  5 1.00
292 319  0  5 1.00
293 294  0  5 1.00
293 295  0  5 1.00
293 296  0  5 1.00
293 352  0  5 1.00
293 353  0  5 1.00
294 295  0  5 1.00
294 296  0  5 1.00
294 351  0  5 1.00
295 296  0  5 1.00
295 297  0  5 1.00
295 298  0  5 1.00
295 299  0  5 1.00
295 300  0  5 1.00
295 321  0  5 1.00
295 351  0  5 1.00
296 297  0  5 1.00
296 298  0  5 1.00
296 321  0  5 1.00
296 351  0  5 1.00
296 352  0  5 1.00
297 298  0  5 1.00
297 299  0  5 1.00
297 350  0  5 1.00
297 351  0  5 1.00
297 352  0  5 1.00
298 299  0  5 1.00
298 300  0  5 1.00
298 321  0  5 1.00
298 324  0  5 1.00
298 325  0  5 1.00
298 348  0  5 1.00
298 350  0  5 1.00
298 351  0  5 1.00
299 300  0  5 1.00
299 301  0  5 1.00
299 325  0  5 1.00
299 348  0  5 1.00
299 349  0  5 1.00
300 301  0  5 1.00
300 302  0  5 1.00
300 319  0  5 1.00
300 320  0  5 1.00
300 321  0  5 1.00
300 348  0  5 1.00
300 349  0  5 1.00
301 302  0  5 1.00
301 303  0  5 1.00
301 319  0  5 1.00
302 303  0  5 1.00
302 304  0  5 1.00
302 317  0  5 1.00
302 318  0  5 1.00
302 319  0  5 1.00
303 304  0  5 1.00
303 305  0  5 1.00
303 317  0  5 1.00
303 318  0  5 1.00
304 305  0  5 1.00
304 306  0  5 1.00
304 315  0  5 1.00
304 316  0  5 1.00
304 317  0  5 1.00
305 306  0  5 1.00
305 307  0  5 1.00
305 315  0  5 1.00
305 316  0  5 1.00
305 317  0  5 1.00
306 307  0  5 1.00
306 308  0  5 1.00
306 313  0  5 1.00
306 314  0  5 1.00
306 315  0  5 1.00
307 308  0  5 1.00
307 309  0  5 1.00
307 313  0  5 1.00
307 314  0  5 1.00
307 315  0  5 1.00
308 309  0  5 1.00
308 310  0  5 1.00
308 311  0  5 1.00
308 312  0  5 1.00
308 313  0  5 1.00
308 314  0  5 1.00
308 315  0  5 1.00
309 310  0  5 1.00
309 311  0  5 1.00
309 312  0  5 1.00
309 313  0  5 1.00
310 311  0  5 1.00
310 312  0  5 1.00
311 312  0  5 1.00
311 313  0  5 1.00
312 313  0  5 1.00
312 314  0  5 1.00
313 314  0  5 1.00
313 315  0  5 1.00
314 315  0  5 1.00
314 316  0  5 1.00
315 316  0  5 1.00
315 317  0  5 1.00
316 317  0  5 1.00
316 318  0  5 1.00
317 318  0  5 1.00
317 319  0  5 1.00
318 319  0  5 1.00
318 320  0  5 1.00
319 320  0  5 1.00
319 321  0  5 1.00
320 321  0  5 1.00
320 322  0  5 1.00
321 322  0  5 1.00
321 323  0  5 1.00
321 324  0  5 1.00
321 325  0  5 1.00
321 326  0  5 1.00
322 323  0  5 1.00
322 324  0  5 1.00
322 326  0  5 1.00
322 327  0  5 1.00
323 324  0  5 1.00
323 325  0  5 1.00
323 326  0  5 1.00
323 327  0  5 1.00
323 328  0  5 1.00
323 329  0  5 1.00
324 325  0  5 1.00
324 326  0  5 1.00
324 327  0  5 1.00
324 328  0  5 1.00
324 329  0  5 1.00
324 330  0  5 1.00
325 326  0  5 1.00
325 327  0  5 1.00
325 329  0  5 1.00
325 330  0  5 1.00
326 327  0  5 1.00
326 328  0  5 1.00
327 328  0  5 1.00
327 329  0  5 1.00
327 330  0  5 1.00
327 331  0  5 1.00
328 329  0  5 1.00
328 330  0  5 1.00
328 331  0  5 1.00
328 332  0  5 1.00
328 333  0  5 1.00
329 330  0  5 1.00
329 331  0  5 1.00
329 332  0  5 1.00
329 333  0  5 1.00
330 331  0  5 1.00
330 332  0  5 1.00
330 333  0  5 1.00
330 334  0  5 1.00
330 335  0  5 1.00
331 332  0  5 1.00
331 333  0  5 1.00
331 334  0  5 1.00
331 335  0  5 1.00
331 336  0  5 1.00
332 333  0  5 1.00
332 334  0  5 1.00
332 335  0  5 1.00
332 336  0  5 1.00
333 334  0  5 1.00
333 335  0  5 1.00
333 336  0  5 1.00
333 337  0  5 1.00
333 343  0  5 1.00
334 335  0  5 1.00
334 336  0  5 1.00
334 337  0  5 1.00
334 338  0  5 1.00
334 339  0  5 1.00
335 336  0  5 1.00
335 337  0  5 1.00
335 338  0  5 1.00
335 339  0  5 1.00
335 340  0  5 1.00
336 337  0  5 1.00
336 338  0  5 1.00
336 339  0  5 1.00
336 340  0  5 1.00
336 341  0  5 1.00
337 338  0  5 1.00
337 339  0  5 1.00
337 340  0  5 1.00
337 341  0  5 1.00
338 339  0  5 1.00
338 340  0  5 1.00
339 340  0  5 1.00
339 341  0  5 1.00
340 341  0  5 1.00
340 342  0  5 1.00
341 342  0  5 1.00
341 343  0  5 1.00
342 343  0  5 1.00
342 344  0  5 1.00
342 345  0  5 1.00
343 344  0  5 1.00
343 345  0  5 1.00
344 345  0  5 1.00
344 346  0  5 1.00
344 347  0  5 1.00
345 346  0  5 1.00
345 347  0  5 1.00
346 347  0  5 1.00
346 348  0  5 1.00
347 348  0  5 1.00
347 349  0  5 1.00
348 349  0  5 1.00
348 350  0  5 1.00
349 350  0  5 1.00
349 351  0  5 1.00
350 351  0  5 1.00
350 352  0  5 1.00
351 352  0  5 1.00
351 353  0  5 1.00
352 353  0  5 1.00
352 354  0  5 1.00
353 354  0  5 1.00
END
HELX_P HELX_P1   AA1 GLY A 21  ? GLY A 33  ? GLY A 19  GLY A 31  1 ? 13 
HELX_P HELX_P2   AA2 HIS A 34  ? GLY A 40  ? HIS A 32  GLY A 38  1 ? 7  
HELX_P HELX_P3   AA3 THR A 56  ? HIS A 60  ? THR A 54  HIS A 58  5 ? 5  
HELX_P HELX_P4   AA4 LEU A 64  ? ALA A 68  ? LEU A 62  ALA A 66  5 ? 5  
HELX_P HELX_P5   AA5 GLU A 76  ? GLY A 81  ? GLU A 74  GLY A 79  1 ? 6  
HELX_P HELX_P6   AA6 SER A 95  ? GLN A 100 ? SER A 93  GLN A 98  1 ? 6  
HELX_P HELX_P7   AA7 ALA A 120 ? TYR A 127 ? ALA A 118 TYR A 125 1 ? 8  
HELX_P HELX_P8   AA8 GLY A 159 ? ALA A 175 ? GLY A 157 ALA A 173 1 ? 17 
HELX_P HELX_P9   AA9 THR A 190 ? GLY A 194 ? THR A 188 GLY A 192 5 ? 5  
HELX_P HELX_P10  AB1 THR A 198 ? LEU A 201 ? THR A 196 LEU A 199 5 ? 4  
HELX_P HELX_P11  AB2 LEU A 202 ? ILE A 207 ? LEU A 200 ILE A 205 1 ? 6  
HELX_P HELX_P12  AB3 HIS A 221 ? ALA A 231 ? HIS A 219 ALA A 229 1 ? 11 
HELX_P HELX_P13  AB4 PRO A 263 ? HIS A 276 ? PRO A 261 HIS A 274 1 ? 14 
HELX_P HELX_P14  AB5 ARG A 291 ? VAL A 295 ? ARG A 289 VAL A 293 5 ? 5  
HELX_P HELX_P15  AB6 THR A 327 ? GLY A 340 ? THR A 325 GLY A 338 1 ? 14 